30.000000 470.538696 176.939087 24.076660 64.848694 0.527478
30.000000 473.502319 176.953156 16.385254 38.797852 0.313309
30.000000 493.241119 185.465378 15.542114 33.979279 0.278621
30.000000 168.310410 176.735657 12.358398 30.997437 0.254028
30.000000 527.085632 175.897705 19.029663 45.546387 0.238592
30.000000 499.001923 184.979401 13.332489 30.550079 0.186986
30.000000 490.349091 184.612747 21.619263 51.046448 0.156815
30.000000 585.102295 196.356201 15.645020 38.496918 0.147403
30.000000 522.513367 176.073425 27.478271 68.366241 0.131666
30.000000 122.402069 172.636566 14.478333 34.116791 0.117549
30.000000 448.082855 180.432129 14.695740 34.810089 0.108587
30.000000 258.394165 181.409668 12.998901 32.019592 0.088776
30.000000 39.895798 175.569733 15.625443 36.790039 0.088769
30.000000 3.814651 181.295288 21.621809 52.862244 0.082442
30.000000 618.724609 191.638916 21.214966 73.428802 0.076882
30.000000 458.953430 177.989044 17.712769 41.840973 0.075500
30.000000 462.313019 176.881073 12.835510 30.438934 0.072354
30.000000 427.242279 65.961472 17.302979 39.288727 0.053533
60.000000 168.973145 177.187149 11.711334 28.355896 0.336635
60.000000 468.548431 184.080154 19.308716 45.636383 0.144932
60.000000 492.772308 185.250793 18.400696 42.935486 0.101877
60.000000 447.559296 179.021713 15.475769 36.253052 0.092995
60.000000 81.328491 171.951218 15.959900 37.256500 0.081545
60.000000 253.173752 76.548737 14.902054 32.681732 0.075555
60.000000 584.357117 195.440155 19.848267 45.196655 0.073964
60.000000 260.684235 181.108078 12.406250 30.900909 0.072291
60.000000 462.816925 182.242828 29.275757 69.205353 0.071765
60.000000 19.803186 173.282166 15.120714 35.789642 0.071317
60.000000 110.010132 190.254700 14.115356 34.795135 0.071284
60.000000 594.064026 195.098190 19.485962 45.086914 0.060163
60.000000 150.967499 81.226189 13.616882 32.188309 0.059772
60.000000 486.665894 183.822174 17.888672 40.325623 0.058454
60.000000 530.675964 185.917953 17.619873 41.889313 0.056595
90.000000 168.239288 177.224854 12.081635 29.724640 0.387322
90.000000 474.369598 175.771500 18.704102 44.122986 0.326858
90.000000 492.409851 184.677170 19.658813 46.634247 0.259819
90.000000 448.089966 177.659500 15.734375 36.962555 0.209840
90.000000 257.984436 181.263107 12.824768 30.652710 0.141439
90.000000 476.780182 178.102539 12.894409 29.335693 0.140677
90.000000 81.418449 172.367828 16.507172 37.693146 0.130372
90.000000 495.049347 184.405762 12.833557 30.128448 0.120233
90.000000 579.469238 196.745773 19.550781 45.034332 0.099127
90.000000 527.547546 176.511063 18.184082 42.838562 0.095436
90.000000 253.198425 76.387001 14.794373 33.195801 0.091428
90.000000 319.593903 170.924850 13.332642 32.090698 0.087452
90.000000 456.917786 182.497177 17.983582 43.922272 0.082895
90.000000 150.347275 82.072876 14.559479 33.833847 0.080933
90.000000 481.425323 177.655045 13.126404 29.411652 0.080357
90.000000 152.959152 170.092987 13.213928 31.781342 0.078960
90.000000 460.328308 182.533295 12.725647 26.201660 0.077927
90.000000 137.768387 81.264252 14.682800 35.274353 0.071770
90.000000 39.836899 175.091370 15.407875 37.209900 0.066103
90.000000 522.473694 175.159332 25.572876 66.160461 0.065959
90.000000 126.488640 173.982697 12.220222 30.769287 0.061433
90.000000 498.643646 184.070175 13.952606 32.613464 0.057830
120.000000 167.899094 178.141113 11.845367 29.551880 0.320655
120.000000 469.217804 185.342743 20.263916 48.361572 0.196125
120.000000 312.359467 168.633560 13.801636 33.811432 0.178563
120.000000 253.534592 76.650093 14.856461 33.039917 0.143043
120.000000 575.430664 197.202606 21.111572 46.526642 0.107443
120.000000 222.419998 104.356842 15.457825 35.526215 0.092657
120.000000 19.742565 151.454422 31.127640 64.101105 0.081219
120.000000 260.649384 181.618668 13.185425 31.926208 0.076925
120.000000 473.501251 184.880707 14.814636 32.821991 0.074727
120.000000 319.921509 170.428467 13.185852 31.633484 0.069873
120.000000 140.152451 80.992851 15.244781 36.379547 0.065460
120.000000 207.829742 92.960175 14.573242 33.683868 0.057199
120.000000 150.716507 81.701096 13.836212 33.455688 0.053873
120.000000 520.852173 170.520325 27.880737 67.680664 0.052639
120.000000 79.189346 170.411102 21.875092 54.280334 0.052146
120.000000 307.932983 170.597977 11.832275 31.329315 0.051026
120.000000 492.974792 185.415848 18.658325 43.182495 0.050432
150.000000 172.243942 176.877975 11.447632 31.639557 0.537287
150.000000 150.090149 77.509407 13.232239 30.818741 0.182049
150.000000 494.571960 188.873810 19.070129 45.251343 0.102068
150.000000 322.312225 178.883423 11.583130 27.360260 0.091099
150.000000 463.729553 182.962997 25.070679 67.307007 0.089634
150.000000 168.165878 178.978638 12.281219 32.025146 0.087374
150.000000 368.867157 71.729111 13.532349 31.152466 0.079217
150.000000 468.907410 181.957184 13.939880 33.278992 0.072648
150.000000 36.222992 167.184174 16.401787 42.129639 0.070256
150.000000 84.434982 170.909866 13.167892 32.179077 0.069804
150.000000 316.963531 179.798904 11.512695 25.974182 0.067048
150.000000 153.703964 81.636963 13.530670 29.409180 0.065405
150.000000 384.260132 90.810524 13.962402 32.154572 0.062341
150.000000 126.953300 76.788986 12.024773 28.617218 0.061822
150.000000 176.387650 177.660156 10.898651 26.870819 0.058693
150.000000 118.301407 77.951469 11.039017 26.902679 0.052858
150.000000 95.925453 76.016586 14.057068 35.410995 0.052499
150.000000 519.548950 172.927536 29.160767 61.525299 0.051137
150.000000 26.272011 153.172760 18.066536 43.961761 0.050603
150.000000 220.977036 186.478470 11.103119 27.606995 0.050043
180.000000 326.974640 176.754501 13.514099 32.837646 0.432229
180.000000 317.283875 176.131866 11.918213 31.109161 0.244023
180.000000 522.727356 192.302353 17.536011 39.335541 0.219773
180.000000 332.278534 174.515854 12.550903 30.677643 0.161582
180.000000 321.861481 178.595184 12.261475 29.834869 0.137272
180.000000 515.672424 191.362183 22.667603 52.691406 0.116551
180.000000 115.038910 186.661957 13.368240 31.920471 0.080316
180.000000 547.668152 182.653000 15.663452 36.002563 0.077728
180.000000 542.407593 181.066467 25.984497 64.197571 0.073658
180.000000 170.875122 177.350174 14.915833 35.425751 0.070044
210.000000 193.855026 176.946320 11.779449 29.755981 0.381000
210.000000 353.561432 176.677353 13.090698 30.467072 0.225190
210.000000 199.987091 177.263809 10.887848 26.458557 0.153838
210.000000 548.525085 71.647575 12.037354 29.229004 0.117930
210.000000 474.960236 76.171852 11.956665 29.348343 0.113709
210.000000 358.387604 176.371872 12.574646 30.205414 0.103116
210.000000 468.227509 74.938194 11.365906 28.803558 0.102993
210.000000 407.268311 70.738716 12.136414 29.145020 0.091891
210.000000 547.778381 186.625351 15.318359 36.636627 0.083093
210.000000 215.996719 186.927322 12.069061 29.673523 0.082016
210.000000 553.710815 62.866234 15.979370 35.795547 0.075021
210.000000 578.735718 177.531708 26.968994 67.620453 0.056167
210.000000 501.333466 74.412460 15.218842 34.765228 0.055815
240.000000 192.077682 184.284531 13.400116 33.726013 0.399827
240.000000 369.585876 176.237183 14.845703 35.255127 0.245499
240.000000 196.327759 188.529648 12.287872 29.986176 0.138285
240.000000 215.060608 193.112976 12.861328 30.467865 0.128181
240.000000 554.804565 192.023407 16.129639 33.950500 0.127604
240.000000 103.343521 185.763245 14.933334 35.282043 0.089200
240.000000 91.393272 170.850540 13.377121 30.948700 0.068856
240.000000 298.094910 188.730591 14.914429 35.337616 0.066323
270.000000 69.798012 178.357132 27.772156 73.175659 0.672924
270.000000 557.029907 175.702805 12.973511 32.266724 0.208373
270.000000 73.354218 185.590240 18.941223 39.866425 0.207482
270.000000 547.245667 185.220001 12.475098 29.447784 0.204383
270.000000 363.676849 177.807083 15.139160 35.481323 0.138443
270.000000 543.358459 184.656784 12.212891 29.764465 0.114796
270.000000 147.811737 167.423279 16.052521 40.746643 0.096613
270.000000 369.048096 177.833862 14.306091 35.535828 0.095782
270.000000 590.428650 49.032192 17.917969 39.090519 0.082688
270.000000 182.819000 189.879379 12.008484 30.285187 0.073490
270.000000 564.370239 188.243408 13.234253 31.726685 0.061671
270.000000 597.385742 192.370972 12.844971 30.043304 0.059150
270.000000 84.499596 188.747116 15.652206 37.376862 0.050620
300.000000 6.095478 181.500488 38.460747 99.179810 0.994017
300.000000 147.039856 190.113754 15.894135 37.276489 0.197863
300.000000 601.648193 38.498451 19.176147 44.885719 0.144716
300.000000 555.359619 180.965515 13.194214 32.485016 0.141112
300.000000 581.739563 196.077484 11.477905 28.985321 0.104075
300.000000 0.000000 191.805511 12.070612 80.755432 0.095935
300.000000 571.518311 179.713699 13.184326 30.154907 0.091388
300.000000 550.909485 179.611572 24.751587 52.044006 0.090641
300.000000 561.153198 180.027832 11.067139 27.406921 0.082150
300.000000 275.470673 188.004715 13.829102 32.740234 0.080686
300.000000 579.714172 50.648842 14.261230 33.686981 0.070715
300.000000 114.408386 48.839676 16.223221 35.841202 0.065852
300.000000 602.927917 184.751175 12.344604 32.403564 0.064342
300.000000 545.491150 45.476418 14.593140 35.722755 0.061097
300.000000 596.966736 37.143600 28.008057 62.751343 0.058042
300.000000 585.269470 192.944763 11.923950 31.140289 0.056468
300.000000 14.919195 175.843033 12.835640 29.410431 0.054374
300.000000 561.220032 184.384293 14.606567 34.358063 0.051895
300.000000 570.721313 195.826111 13.788086 37.447906 0.051218
330.000000 566.381592 181.425323 18.450317 43.278076 0.154368
330.000000 261.696320 180.418854 16.644165 39.003601 0.134796
330.000000 100.066765 35.115173 15.407166 37.377563 0.096101
330.000000 348.210388 167.208618 15.898682 39.452545 0.088222
330.000000 622.463928 175.443512 17.277954 56.781708 0.081141
330.000000 604.708130 181.239807 15.983765 41.059631 0.062081
330.000000 185.637177 173.209747 12.185699 32.989868 0.059742
330.000000 34.574780 179.712219 11.851089 31.387115 0.055696
330.000000 144.213547 175.349518 15.072998 38.690460 0.051681
360.000000 617.331177 156.341949 19.247437 49.787933 0.479952
360.000000 374.352142 155.774261 14.469727 35.008759 0.306826
360.000000 619.140747 157.707153 13.612427 32.386902 0.289107
360.000000 83.380058 160.274155 15.903122 40.052551 0.255802
360.000000 78.915703 159.679047 14.968918 35.858673 0.167691
360.000000 260.968536 172.587677 15.682800 36.898560 0.101072
360.000000 615.423950 152.889389 23.448975 83.134644 0.094981
360.000000 595.745972 170.109833 14.153076 34.465454 0.091810
360.000000 489.668030 151.838226 16.823364 37.983002 0.088890
360.000000 577.591248 157.670197 14.210083 34.433105 0.088841
360.000000 624.303223 156.739868 15.406372 42.701355 0.084703
360.000000 614.592224 159.608582 15.795166 38.252838 0.084171
360.000000 597.433289 159.357681 12.312378 30.739655 0.084103
360.000000 133.939392 160.654541 18.560547 43.062134 0.067033
360.000000 333.122253 156.159470 13.684021 37.834930 0.065021
360.000000 206.728683 176.779663 13.696564 33.751862 0.060319
360.000000 173.586472 161.519257 13.056000 33.896698 0.053854
360.000000 64.026611 160.410614 15.393433 37.326080 0.053846
390.000000 93.643532 183.407547 17.030136 41.564606 0.456821
390.000000 399.924225 150.777557 20.666016 46.831787 0.241651
390.000000 392.957855 45.090492 13.024109 31.274437 0.229430
390.000000 387.648560 47.469830 11.355713 28.315281 0.095488
390.000000 349.300140 149.496582 14.697510 35.309662 0.074220
390.000000 223.611267 163.636566 14.253937 35.954529 0.057727
420.000000 97.880470 140.426849 20.522507 49.868530 0.266428
420.000000 579.070190 116.104271 18.781372 43.634621 0.215526
420.000000 145.207962 149.324509 14.038971 35.432770 0.170592
420.000000 590.129578 32.488876 13.523315 31.047806 0.087387
420.000000 133.293243 139.305725 23.576538 59.307373 0.083819
420.000000 12.367247 129.235992 15.248871 35.696289 0.071242
420.000000 187.496017 162.826370 18.948853 45.326050 0.070786
420.000000 103.972366 140.400787 16.002014 37.048920 0.069982
420.000000 138.429169 143.141159 14.742737 35.623474 0.067877
420.000000 583.824280 117.560455 13.039307 30.162567 0.060299
420.000000 579.558594 114.898117 13.052368 27.194153 0.054042
420.000000 336.119324 144.934265 15.655212 41.165710 0.053760
420.000000 571.434021 114.456863 29.471680 71.537018 0.050905
420.000000 91.527214 139.023300 29.872620 70.568604 0.050837
420.000000 596.205322 117.880295 12.763550 29.851379 0.050038
450.000000 349.222839 142.475769 18.459045 44.752289 0.387342
450.000000 382.896027 152.740646 15.309448 38.042297 0.319341
450.000000 152.487793 154.702560 16.292267 40.230347 0.161594
450.000000 85.860115 142.736237 16.516510 41.184540 0.149064
450.000000 61.251972 148.784714 14.779530 36.061981 0.087966
450.000000 388.300964 153.825226 13.298889 35.396545 0.086387
450.000000 81.457108 143.384979 24.733826 60.048004 0.083591
450.000000 139.649521 156.947327 17.862610 43.264526 0.050595
480.000000 408.440796 123.640450 18.847717 43.001610 0.246246
480.000000 260.990967 144.619354 15.322449 38.415405 0.233561
480.000000 411.632690 125.795235 21.549744 52.441200 0.100540
480.000000 267.322418 145.540344 15.262695 38.418457 0.085028
480.000000 415.012604 126.073845 14.378235 31.289528 0.077709
480.000000 255.218842 142.320816 23.643799 59.115784 0.073083
480.000000 419.422150 135.538620 17.966797 46.032745 0.059934
480.000000 282.558655 149.930862 18.262878 42.675446 0.051310
510.000000 606.734192 112.780762 24.379028 64.129700 0.262103
510.000000 442.860870 129.387604 14.992981 34.091339 0.201422
510.000000 519.585510 128.517960 15.933472 37.791595 0.149875
510.000000 551.314941 126.405716 13.576294 32.065399 0.110038
510.000000 579.723572 136.047028 13.236938 33.583984 0.085346
510.000000 568.103760 136.066818 12.839844 33.720703 0.084040
510.000000 625.162842 142.918411 14.797119 33.694305 0.071856
510.000000 400.836029 138.745651 13.124390 33.842896 0.060398
510.000000 44.405659 145.389282 20.127712 47.104858 0.050200
540.000000 154.183151 98.020760 19.765076 48.670128 0.485963
540.000000 52.865189 82.132156 32.949310 77.331177 0.291508
540.000000 271.623138 74.459534 26.266602 65.720688 0.197675
540.000000 147.718002 96.513245 32.304596 64.919800 0.135907
540.000000 57.626072 83.429260 22.520809 53.863617 0.118509
540.000000 555.638000 16.719547 13.457153 31.670799 0.109863
540.000000 447.573608 84.109215 22.251404 53.508156 0.102946
540.000000 276.353058 74.123436 18.620056 45.123215 0.081332
540.000000 60.306335 81.502304 38.989090 95.853455 0.078838
540.000000 70.976883 85.101974 27.251633 66.534576 0.056719
570.000000 477.724945 158.676346 25.863708 62.363403 0.375974
570.000000 473.833832 158.100739 36.254761 90.994843 0.090105
570.000000 379.046417 156.320053 22.030579 54.100647 0.074748
690.000000 529.114380 177.952606 12.763916 32.307648 0.322450
690.000000 521.696411 177.402695 14.142334 36.630615 0.302727
690.000000 426.071808 178.913116 12.863770 30.793549 0.214484
690.000000 443.905975 176.542648 12.504028 30.725372 0.164693
690.000000 538.086914 179.220245 11.291626 29.146332 0.135250
690.000000 549.840759 182.292496 11.754883 29.822571 0.077056
690.000000 373.293793 60.174641 16.235718 35.753567 0.055437
720.000000 444.990234 165.615906 13.249817 30.655212 0.339513
720.000000 466.382965 165.035370 12.538696 30.884918 0.275187
720.000000 622.126587 179.193268 17.716553 49.389343 0.203787
720.000000 456.545959 169.762589 13.733521 31.657867 0.177901
720.000000 58.247471 161.008926 12.834957 31.229950 0.147981
720.000000 472.434723 169.689529 13.358337 30.848053 0.058267
750.000000 485.803406 161.568665 11.571960 28.929535 0.075807
750.000000 54.213554 158.745697 12.862099 30.723145 0.065949
750.000000 425.949951 164.891418 12.762634 30.967163 0.054508
780.000000 491.725403 169.884216 13.482483 33.184326 0.473309
780.000000 417.545410 178.328674 13.937256 34.651459 0.255299
780.000000 39.831490 167.637650 15.491875 35.762970 0.181611
780.000000 480.950867 175.675446 11.326477 27.616211 0.160538
780.000000 31.462276 168.303253 12.482452 31.692352 0.118321
780.000000 45.204868 168.877609 14.564079 34.846558 0.107479
780.000000 468.938507 172.650635 13.670959 31.005249 0.107395
780.000000 547.860596 173.850403 13.831055 33.953522 0.103876
780.000000 492.979614 168.247086 10.975769 21.941803 0.086221
780.000000 538.694824 172.490356 14.363892 34.465424 0.068382
780.000000 346.931732 176.600067 10.842651 26.905670 0.062961
810.000000 588.665466 174.818161 15.381836 34.700073 0.272359
810.000000 414.624420 181.237946 16.801880 38.244263 0.053487
840.000000 191.468033 188.707504 10.772339 28.770630 0.180469
840.000000 605.116089 175.191147 13.219116 32.341187 0.142375
840.000000 464.846069 171.350113 13.968933 34.076904 0.051331
870.000000 548.659180 164.875137 12.890381 31.865448 0.143613
870.000000 561.451416 106.001114 13.100586 32.478500 0.122484
870.000000 589.982544 126.420151 17.089844 43.966827 0.066610
870.000000 208.001266 178.850586 15.719299 39.977020 0.055131
900.000000 162.505569 159.321793 19.263519 45.319824 0.795845
900.000000 168.235916 158.940796 21.302582 51.356171 0.334296
900.000000 200.463379 162.508041 23.428589 52.306305 0.312997
900.000000 249.101639 161.643234 18.297318 45.143097 0.172068
900.000000 209.076736 164.854507 18.764313 44.515839 0.136547
900.000000 196.443573 160.051331 17.674774 40.650269 0.121571
900.000000 173.832870 159.595734 14.852539 35.824219 0.111397
900.000000 167.053772 158.385864 13.362640 30.490723 0.095045
900.000000 190.295120 157.063644 25.610138 58.055817 0.084294
900.000000 242.929031 161.089615 26.737534 66.087250 0.080727
900.000000 84.174980 141.942764 22.689392 59.998047 0.078358
900.000000 229.166763 166.096054 21.561554 53.520782 0.078330
900.000000 29.729767 160.722122 16.324356 42.004944 0.072167
900.000000 501.674194 192.759003 15.978882 37.581787 0.057261
900.000000 114.230156 149.388702 18.168343 42.183533 0.056528
900.000000 202.330368 161.005707 15.735687 34.039154 0.056009
900.000000 207.856445 160.678955 27.043976 66.399384 0.055313
930.000000 558.340393 143.230835 28.146484 67.920898 0.053116
960.000000 242.245728 164.055252 20.428528 48.224854 0.130327
1020.000000 80.264145 197.544144 13.393738 31.969543 0.277478
1020.000000 468.068451 187.200089 14.502808 38.446655 0.184521
1020.000000 606.645569 145.174530 17.380859 37.760651 0.141504
1020.000000 112.403816 207.211838 11.623993 29.449768 0.141059
1020.000000 461.191925 194.714203 10.173157 24.140625 0.133454
1020.000000 478.080750 199.392929 13.575256 34.033325 0.131734
1020.000000 441.692383 183.608276 15.987366 37.942871 0.112821
1020.000000 27.036049 189.035004 17.892021 40.067719 0.093842
1020.000000 55.225689 201.615601 13.012783 31.562988 0.074472
1020.000000 450.375153 201.146637 12.332092 31.493988 0.064505
1020.000000 67.134445 44.983921 16.924362 38.403408 0.051894
1050.000000 542.139221 183.539703 21.613037 57.442566 0.596346
1050.000000 6.826247 216.124039 14.033192 36.312286 0.250845
1050.000000 556.033630 188.145004 13.748047 37.655975 0.228414
1050.000000 601.760742 185.638107 18.076294 46.373962 0.192272
1050.000000 448.157440 175.516357 18.604248 45.166656 0.102539
1050.000000 596.813110 188.574509 16.139893 40.876343 0.079299
1050.000000 575.294861 187.447525 18.044067 48.090118 0.072592
1050.000000 128.967163 207.460159 11.879578 29.521484 0.067055
1050.000000 428.418884 198.718262 13.078857 31.017853 0.066196
1050.000000 549.646973 184.294464 13.212036 35.903351 0.059321
1050.000000 27.681387 201.286423 12.948717 30.884216 0.058092
1050.000000 43.591480 195.352875 14.265831 34.048340 0.054718
1080.000000 61.054390 196.730164 14.009583 35.361420 0.665238
1080.000000 493.641541 191.870102 13.590332 32.442047 0.301107
1080.000000 92.321312 190.151764 14.830582 35.755615 0.250637
1080.000000 0.110928 188.094543 11.300105 39.871918 0.151562
1080.000000 11.407558 207.438416 15.567165 37.745453 0.146917
1080.000000 16.189173 201.061615 19.136129 39.458221 0.117498
1080.000000 35.880287 207.172256 16.747833 34.184784 0.085536
1080.000000 498.347656 191.909500 14.664795 36.762970 0.062357
1080.000000 19.184204 196.863144 14.691257 31.143768 0.058429
1110.000000 2.947469 218.240219 15.609119 32.335358 0.213327
1110.000000 535.072205 190.530228 14.858887 33.286011 0.156472
1110.000000 528.844604 202.260391 10.995850 28.748596 0.091104
1110.000000 595.973206 180.159149 20.967407 49.614929 0.058036
1110.000000 543.132507 143.422989 15.885376 37.029602 0.051720
1140.000000 61.537361 173.571838 19.428162 47.659698 0.452121
1140.000000 22.279480 179.993774 16.617645 40.401642 0.154424
1140.000000 16.198118 179.304840 16.095507 40.165985 0.058769
1140.000000 568.132874 176.900330 12.861694 30.267365 0.055796
1140.000000 604.128235 127.423294 27.144897 58.187805 0.050084
1170.000000 591.008667 178.026093 11.741455 28.358917 0.284979
1170.000000 448.547699 186.635132 12.636353 29.583801 0.182984
1170.000000 93.622765 190.554108 12.075378 29.048096 0.095651
1170.000000 508.618103 219.982758 11.885620 29.228394 0.091961
1170.000000 573.734985 105.319649 14.428345 33.292320 0.071463
1170.000000 450.325134 179.698837 13.607544 30.089935 0.051333
1200.000000 618.788574 72.240852 14.513794 36.349167 0.129621
1200.000000 197.818207 180.138824 10.447296 24.699524 0.080617
1200.000000 205.683685 172.460464 13.166229 32.658081 0.063829
1230.000000 471.010895 160.785736 14.007812 32.212006 0.109551
1230.000000 485.508942 159.584213 11.562317 27.414337 0.062182
1230.000000 466.660583 161.891312 13.536804 30.941711 0.055769
1290.000000 592.190613 148.042282 16.453979 39.963989 0.180038
1290.000000 573.958008 153.264572 13.653320 32.992157 0.078712
1290.000000 73.046555 162.258438 17.022232 42.960999 0.077784
1290.000000 0.886880 149.019516 21.907341 63.311371 0.074576
1290.000000 450.785980 186.271820 13.863647 32.609985 0.059810
1290.000000 602.424561 149.408478 15.342407 36.970825 0.059719
1320.000000 420.017548 170.948563 12.094604 29.528778 0.323463
1320.000000 348.397614 183.091263 10.813660 27.720123 0.161760
1350.000000 355.715942 168.546387 10.803894 27.162628 0.308857
1350.000000 11.160509 185.149033 13.558685 32.691071 0.251818
1350.000000 6.279172 178.705750 15.788341 39.837341 0.098367
1350.000000 283.813995 173.924210 10.934021 29.371307 0.058393
1380.000000 605.467712 69.032318 18.492554 43.556870 0.370565
1380.000000 607.614075 66.936966 13.683350 31.960495 0.149221
1380.000000 616.596130 154.108765 15.967285 36.930634 0.088701
1380.000000 580.671143 158.474304 17.409180 40.644867 0.069842
1410.000000 71.516472 171.393219 11.109879 27.405975 0.410386
1410.000000 65.136467 174.906662 9.422089 25.958038 0.206095
1410.000000 604.234131 142.326294 13.995972 32.406433 0.143702
1410.000000 526.088440 144.327316 13.242432 26.821716 0.122092
1410.000000 479.620422 152.444870 12.028931 33.050262 0.115688
1410.000000 459.097565 153.064011 17.416931 43.207031 0.091507
1410.000000 4.866348 155.434326 14.849106 37.823517 0.068611
1410.000000 60.822895 175.724960 9.228031 25.600464 0.064873
1410.000000 23.396976 162.254501 13.973507 33.367279 0.062714
1440.000000 401.491516 68.343513 15.381042 38.392776 0.095495
1440.000000 371.484131 148.976288 9.090271 22.401642 0.073581
1440.000000 0.000000 124.754395 12.879061 65.294952 0.060429
1470.000000 482.606628 152.589355 17.531677 40.894165 0.232521
1470.000000 477.812592 150.651886 26.164124 61.944916 0.081075
1470.000000 609.261047 41.805592 17.464844 41.596752 0.070582
1470.000000 56.271523 171.726105 13.164482 31.740234 0.056397
1470.000000 43.217247 167.941742 13.834305 32.484314 0.050292
1500.000000 485.980896 159.970062 17.803101 41.546326 0.148503
1500.000000 47.308144 171.744110 11.338745 26.321136 0.052722
1500.000000 338.445007 143.315506 11.253052 28.139343 0.052231
1530.000000 569.162659 141.407883 16.775024 40.624359 0.167551
1530.000000 33.265427 149.999634 14.781410 34.713776 0.058496
1530.000000 550.392273 147.476257 15.350708 38.264313 0.058090
1530.000000 570.060547 28.563158 14.827515 36.510056 0.055114
1560.000000 572.408020 157.328445 15.256226 34.527924 0.271680
1560.000000 6.796870 160.917465 16.395687 36.625580 0.155619
1560.000000 576.572632 148.374786 17.829102 43.532013 0.137508
1560.000000 0.000000 145.438782 18.947189 51.336823 0.078716
1560.000000 501.767334 156.165314 18.761108 42.913696 0.064092
1560.000000 620.984314 143.852600 18.811768 57.667664 0.059114
1590.000000 509.922668 160.260437 14.775513 31.694794 0.098354
1590.000000 147.805222 152.356979 13.801636 33.294952 0.084709
1590.000000 68.811485 161.783981 16.481400 37.973389 0.072552
1590.000000 381.550629 127.008652 18.065002 44.719360 0.057833
1590.000000 144.466400 159.140762 11.623901 26.665039 0.052156
1590.000000 487.764862 161.710571 11.982361 29.906311 0.051194
1620.000000 133.013397 154.229218 13.064117 31.107758 0.501784
1620.000000 560.614136 152.857285 18.381470 44.509430 0.217374
1620.000000 564.518555 5.095892 16.751587 36.930214 0.179104
1620.000000 575.791748 149.648148 16.346313 41.250824 0.162458
1620.000000 617.897461 144.156006 22.050171 68.305237 0.158881
1620.000000 587.165955 148.171829 18.437866 45.671173 0.106821
1620.000000 580.134033 148.042953 12.061035 28.244202 0.100557
1620.000000 562.008972 154.111496 12.016602 32.786530 0.092127
1620.000000 569.566162 155.309647 12.898926 32.091614 0.090198
1620.000000 142.532211 155.240585 13.872894 32.709137 0.062705
1620.000000 626.742615 162.576843 13.242554 41.671936 0.055752
1620.000000 395.208496 162.011398 18.715454 39.084229 0.052658
1620.000000 591.981628 147.765198 12.086182 28.056305 0.050739
1650.000000 502.861206 149.096298 14.596741 37.661865 0.343264
1650.000000 599.951294 98.588623 24.641846 72.001160 0.234570
1650.000000 519.536011 158.145538 12.043457 27.466858 0.227537
1650.000000 603.332153 130.040985 17.822388 40.419769 0.187284
1650.000000 440.411011 144.613876 14.969055 35.133514 0.159044
1650.000000 604.197571 106.271591 16.853027 40.060196 0.102476
1650.000000 433.323669 161.658752 12.156738 26.068573 0.077548
1650.000000 27.620300 131.758652 22.754570 52.452789 0.058139
1680.000000 596.149292 155.538132 17.424438 46.958710 0.264031
1680.000000 114.000351 149.870987 14.965408 35.601776 0.089258
1680.000000 375.519012 164.317581 12.110779 27.473633 0.055491
1710.000000 475.278992 178.087860 16.804993 40.924713 0.332197
1710.000000 587.459595 181.931915 14.837280 32.981964 0.300822
1710.000000 567.583984 152.105042 13.986694 30.603424 0.209121
1710.000000 391.492615 172.456085 10.788879 26.051727 0.167734
1710.000000 399.399780 170.422806 12.040039 28.875885 0.139456
1710.000000 541.033508 173.263229 14.330933 34.558533 0.119814
1710.000000 561.011230 152.846756 11.847778 29.308075 0.118661
1710.000000 377.215790 173.562546 13.215332 32.026093 0.090879
1710.000000 8.613805 176.533401 11.876788 29.852539 0.056825
1740.000000 441.997894 171.362259 15.509033 39.854553 0.268483
1770.000000 532.380615 180.119675 15.707520 37.871918 0.486862
1770.000000 585.251770 169.775024 17.681885 41.563141 0.385829
1770.000000 615.575684 177.512619 17.714844 43.130127 0.374256
1770.000000 541.402527 179.220749 14.994751 36.333954 0.361641
1770.000000 599.192993 174.844482 15.959106 38.676575 0.251186
1770.000000 572.071167 175.805466 17.177124 40.276703 0.182838
1770.000000 595.905945 178.374252 12.263062 31.077820 0.147067
1770.000000 54.820389 202.518158 12.825119 31.505493 0.110028
1770.000000 551.853027 175.422150 15.346191 36.126038 0.100406
1770.000000 581.737244 168.774261 26.093384 61.195831 0.079226
1770.000000 441.160614 179.955872 12.638245 27.575165 0.074165
1770.000000 238.033737 176.553116 13.256683 34.586395 0.073970
1770.000000 605.087097 168.867050 17.902588 42.485870 0.058563
1770.000000 546.289368 176.841156 12.618896 29.515472 0.056092
1770.000000 544.872925 175.038391 18.727539 43.774536 0.053845
1800.000000 612.619690 151.831421 17.847046 42.820618 0.353741
1800.000000 604.386108 161.303421 14.291504 34.203247 0.226992
1800.000000 623.867981 152.643295 16.127197 42.586182 0.095185
1800.000000 462.386780 178.502731 12.064026 31.014221 0.067234
1830.000000 605.635864 151.498871 28.904907 72.151886 0.785240
1830.000000 590.817078 156.085770 18.436401 48.379150 0.138089
1830.000000 624.137085 153.234192 15.742554 55.307312 0.125761
1830.000000 615.260925 155.206528 21.500366 57.344482 0.095989
1830.000000 607.504883 135.150269 12.787354 29.452942 0.081192
1830.000000 598.601440 140.243256 28.524414 64.152252 0.080286
1830.000000 498.258362 177.695618 13.948242 33.090363 0.072571
1830.000000 549.903076 169.930237 17.496094 40.131439 0.060524
1830.000000 604.872681 138.770996 16.514893 41.079865 0.059506
1830.000000 469.852844 113.162155 13.933777 33.197937 0.054686
