30.000000 610.856384 178.062805 24.697021 59.910522 0.990498
30.000000 456.056946 180.818085 16.974976 40.765076 0.931696
30.000000 366.610107 173.840210 23.347351 56.327515 0.413489
30.000000 370.240143 173.680435 16.151917 40.057556 0.151955
30.000000 481.097504 182.367203 12.672302 27.328247 0.126127
30.000000 27.153624 184.699356 12.430613 31.299591 0.111885
30.000000 228.791946 169.239853 21.129333 48.163086 0.095526
30.000000 45.231884 178.020081 14.092606 33.722687 0.082688
30.000000 359.868958 171.367325 31.936279 85.128098 0.080867
30.000000 363.809906 120.474442 12.523621 30.723969 0.069753
30.000000 359.691254 172.556427 17.847900 41.787720 0.061999
30.000000 477.078827 181.041626 19.739685 50.671844 0.056034
60.000000 610.534241 178.766663 24.756348 59.346680 0.989710
60.000000 469.088806 181.076141 16.982788 39.975983 0.948448
60.000000 477.162750 179.697998 19.197144 51.666107 0.793258
60.000000 481.014099 180.909698 12.175232 30.063171 0.223208
60.000000 623.338928 179.237579 16.323975 58.740479 0.140733
60.000000 203.714478 169.091614 16.039124 41.727295 0.135915
60.000000 173.651978 194.179199 17.900696 43.988434 0.113190
60.000000 234.572098 170.708893 12.184601 28.345703 0.089101
60.000000 230.039703 169.121796 19.110657 43.692871 0.070114
90.000000 612.154724 178.037781 23.295044 60.009277 0.984433
90.000000 475.851990 180.474976 21.247314 51.090179 0.715389
90.000000 622.520874 177.662918 17.051758 59.742004 0.208147
90.000000 107.236221 183.657120 14.247406 34.711456 0.101210
90.000000 370.094727 128.542679 23.516174 57.242645 0.095912
90.000000 126.918213 176.089630 13.471771 34.479401 0.062447
90.000000 416.025543 173.558044 18.529358 40.872620 0.051029
120.000000 610.994507 178.854065 25.750244 59.303070 0.989277
120.000000 483.476074 180.746124 16.463623 39.668488 0.621374
120.000000 204.475510 170.943542 15.971985 39.072388 0.231283
120.000000 175.677094 108.056404 13.907349 32.558525 0.103268
120.000000 178.849548 180.736771 19.819275 47.315643 0.094548
120.000000 201.015091 169.349060 23.455292 58.091431 0.085490
120.000000 105.827232 184.199997 17.951813 42.743927 0.080041
120.000000 404.607452 199.613342 14.663330 37.381989 0.066712
120.000000 264.573914 114.432076 13.079590 33.399956 0.050866
150.000000 614.444885 182.579346 22.508667 58.013611 0.987167
150.000000 495.545380 182.435989 16.593231 40.376221 0.968859
150.000000 202.584259 175.570358 20.433136 49.038605 0.475273
150.000000 481.710022 184.254501 13.055725 29.570374 0.195551
150.000000 192.320099 184.546005 14.409393 32.579773 0.173760
150.000000 198.690765 174.582428 27.794983 72.814972 0.159930
150.000000 464.967499 123.621178 13.461121 33.473335 0.112461
150.000000 477.691711 184.863647 19.775940 48.467133 0.108637
150.000000 187.741379 185.389038 19.144928 48.795074 0.096879
150.000000 122.049255 180.132217 16.119476 37.932037 0.082664
150.000000 208.275787 175.528320 14.451050 34.142975 0.077151
150.000000 614.936157 186.634979 13.942139 33.311279 0.052943
180.000000 507.460052 199.900879 16.721161 40.504974 0.968928
180.000000 342.334351 191.761688 34.271301 83.016510 0.466414
180.000000 622.137878 206.793152 17.862122 56.633698 0.438257
180.000000 350.906067 193.461655 22.495911 54.032043 0.273438
180.000000 252.626373 195.033447 14.504944 36.261078 0.246530
180.000000 621.485352 210.136795 13.842773 30.884216 0.086695
180.000000 248.786850 193.968735 21.506363 51.705750 0.084949
210.000000 521.139404 213.550690 16.873169 39.714539 0.941134
210.000000 11.958464 212.487549 27.164370 65.896973 0.096375
210.000000 263.365906 210.358719 13.988342 33.619476 0.081982
210.000000 346.546234 205.827408 24.194824 53.779068 0.078022
210.000000 185.848877 178.328796 15.320221 37.742126 0.074197
210.000000 481.884766 217.635239 19.239929 48.071487 0.051909
240.000000 542.738281 210.358948 18.687012 43.899139 0.980903
240.000000 279.782684 209.747955 16.096497 37.845581 0.180822
240.000000 206.989807 201.573181 10.573761 27.206055 0.145093
240.000000 4.691733 228.657257 20.394123 46.974396 0.088358
240.000000 40.112995 215.999710 15.633301 36.396362 0.074103
240.000000 11.765208 230.429092 15.980393 37.935562 0.071333
240.000000 412.036041 199.919037 15.310486 35.615173 0.059558
240.000000 352.084778 203.786041 21.499268 49.083496 0.056680
240.000000 21.921040 231.469498 14.714195 37.565994 0.053769
240.000000 101.148048 219.120560 13.077789 33.084717 0.053572
270.000000 570.435059 199.559082 19.031128 45.966919 0.976503
270.000000 460.330719 209.306656 14.610413 36.393127 0.216604
270.000000 94.148148 208.914276 13.234390 33.148651 0.155895
270.000000 504.336884 201.241638 22.815094 56.523132 0.095369
270.000000 507.487610 200.822540 15.527344 33.065826 0.072707
270.000000 17.801891 172.367752 14.050526 34.213074 0.067422
270.000000 87.940079 208.158096 16.962570 41.051361 0.061425
270.000000 161.679611 128.354538 14.998566 35.163239 0.057564
300.000000 614.660278 189.061340 21.204834 51.050537 0.970015
300.000000 132.130386 195.392090 15.980103 39.362213 0.099547
300.000000 251.791519 202.580185 13.421555 34.105103 0.080374
300.000000 345.362701 188.697464 13.207886 30.162384 0.076954
300.000000 410.026459 195.592407 15.545593 36.065247 0.055772
300.000000 146.102051 198.941849 11.507996 29.403412 0.053807
300.000000 42.969292 94.584824 18.316750 44.413315 0.053694
330.000000 397.092590 200.331177 17.110596 40.939148 0.334355
330.000000 17.852365 180.772171 14.671595 34.739288 0.310904
330.000000 499.360321 216.548599 10.572510 26.052460 0.250460
330.000000 450.440125 199.980774 13.938232 35.618744 0.190769
330.000000 98.308319 173.316910 22.866196 59.711639 0.176097
330.000000 47.678440 177.621887 27.996090 70.846954 0.168410
330.000000 484.803864 203.265747 12.776917 34.331879 0.149766
330.000000 103.243378 175.200058 13.432144 34.797882 0.142640
330.000000 395.540161 200.858032 13.303406 31.142456 0.131518
330.000000 47.713089 184.491867 18.960602 43.353027 0.107706
330.000000 87.691116 180.102264 12.653305 32.706207 0.063773
330.000000 58.654686 180.169449 14.936905 38.763153 0.056911
360.000000 416.636963 202.406082 18.048340 43.369476 0.721565
360.000000 530.616211 214.570099 15.468506 35.789612 0.682581
360.000000 461.434753 199.466629 13.680298 32.293671 0.352379
360.000000 497.662903 204.747910 14.752441 34.823059 0.286097
360.000000 419.615570 201.633591 13.060730 30.834717 0.227367
360.000000 471.241394 202.830063 16.394287 40.581451 0.199726
360.000000 100.100449 195.493393 13.701309 33.917755 0.116761
360.000000 535.845154 215.031586 14.440918 33.336639 0.114003
360.000000 517.322327 218.352997 11.885620 29.826965 0.112081
360.000000 456.906677 199.637741 23.150574 46.468536 0.078177
360.000000 115.110535 184.491333 15.509689 40.255737 0.075969
360.000000 106.255409 185.586975 17.662811 43.377747 0.073314
360.000000 475.072876 213.093658 14.513245 35.092255 0.065994
360.000000 506.512817 214.504623 13.773438 28.208038 0.063657
360.000000 38.513683 187.048767 16.957710 43.305115 0.063167
360.000000 445.753723 198.257584 12.702271 31.956940 0.060565
360.000000 70.023735 105.607101 13.275696 31.355606 0.057518
360.000000 60.545074 187.637115 13.157745 32.739929 0.057233
360.000000 3.122171 71.462280 19.161970 44.325867 0.053789
360.000000 625.250000 86.787811 14.618896 58.688934 0.053269
360.000000 514.252136 204.145477 16.301147 41.859406 0.053267
390.000000 481.783875 196.555374 17.395508 42.054779 0.651441
390.000000 564.098816 205.146057 17.564087 42.275970 0.468056
390.000000 172.011932 184.586273 13.558319 33.004211 0.261432
390.000000 497.161774 190.709381 23.590851 54.689636 0.239048
390.000000 246.466660 183.370316 14.394791 35.845947 0.165976
390.000000 617.986511 217.892746 14.922241 36.959747 0.121317
390.000000 179.656677 183.177719 14.040924 34.927002 0.076785
390.000000 500.486450 192.997406 15.359070 37.018890 0.076655
390.000000 115.370644 190.694992 17.424171 40.673187 0.076395
390.000000 413.069763 213.861176 14.013306 32.302246 0.060458
390.000000 614.001343 219.716568 14.149414 37.769730 0.056012
420.000000 0.000000 196.744843 18.465031 57.702454 0.645149
420.000000 357.048553 179.331223 13.972351 36.260803 0.077167
420.000000 0.034908 185.592590 9.772102 59.552643 0.050879
420.000000 199.638260 170.032333 18.880096 45.809845 0.050525
450.000000 547.709229 214.970596 23.270874 58.836105 0.805273
450.000000 189.621155 193.549210 15.679199 39.927460 0.330380
450.000000 268.633331 190.439133 12.586121 30.844116 0.284226
450.000000 144.396454 189.272781 14.437012 36.564117 0.119266
450.000000 539.355713 218.627197 20.538696 51.393585 0.085154
450.000000 569.021423 161.627792 13.069946 33.440155 0.057775
480.000000 23.732141 194.592651 14.815500 34.878113 0.218495
480.000000 166.846695 195.869003 11.650146 30.417664 0.177765
480.000000 600.374268 258.790009 25.975830 69.078613 0.123917
480.000000 356.030365 198.465027 15.683655 37.801880 0.097023
480.000000 17.446194 193.856232 24.854202 54.521393 0.096283
480.000000 31.211731 189.516220 18.922394 46.342224 0.086523
480.000000 68.362083 193.788498 13.116455 32.189880 0.082951
480.000000 119.306816 200.716461 11.600746 31.466156 0.067018
510.000000 608.358643 225.153519 16.730713 35.550797 0.074107
510.000000 565.181274 205.733307 14.043335 32.382538 0.070184
510.000000 80.275414 209.496582 11.205658 26.198059 0.070173
510.000000 439.432343 182.792786 14.041016 32.827454 0.060985
510.000000 76.257042 207.599060 12.120590 27.744629 0.054072
540.000000 570.165894 213.448257 15.891479 37.052643 0.230056
540.000000 79.654633 197.145721 11.872101 24.888641 0.160143
540.000000 78.510834 197.958908 15.688385 36.861572 0.092029
540.000000 441.712738 204.708054 15.333435 36.000275 0.085797
540.000000 68.423279 192.897858 14.813065 33.936035 0.064270
570.000000 187.717346 193.644928 25.100342 58.326965 0.293033
570.000000 113.521912 196.053177 16.255783 39.958038 0.140006
570.000000 121.985916 185.932877 18.187103 44.489929 0.130441
570.000000 430.262329 206.060577 9.736938 27.660126 0.069596
570.000000 361.728882 193.371521 12.609192 31.039307 0.065088
570.000000 196.588272 195.561172 16.911194 42.112732 0.055371
600.000000 16.948151 192.432892 17.487453 36.287598 0.140946
600.000000 443.267609 191.447388 13.882080 35.525055 0.133312
600.000000 381.260468 193.340454 12.767334 35.827148 0.067907
600.000000 362.889771 187.757797 17.571655 40.263458 0.064474
600.000000 0.000000 190.941528 9.082300 53.285706 0.063810
600.000000 363.394257 175.227386 13.526794 32.250916 0.057962
600.000000 440.000153 189.575470 19.918457 49.660431 0.057320
600.000000 376.111542 170.058701 24.793274 59.629639 0.052796
630.000000 138.469421 185.514679 17.722076 41.579285 0.281496
630.000000 522.140686 186.358032 16.057373 39.608948 0.103540
630.000000 33.017467 199.103333 12.141083 30.415466 0.057040
660.000000 0.934338 212.384460 14.798719 34.986053 0.254802
660.000000 499.403320 146.138763 16.996826 39.809845 0.188901
660.000000 600.187683 206.977798 11.955444 29.570221 0.109721
660.000000 0.000000 197.826141 11.734238 47.665649 0.104082
660.000000 208.580048 188.757004 11.891144 29.968597 0.086832
660.000000 51.300694 200.933899 12.385483 30.397308 0.086650
660.000000 464.546356 147.428925 14.034119 31.686920 0.085632
660.000000 483.905182 145.364578 15.865173 34.179565 0.085406
660.000000 562.680237 184.831421 19.142090 45.244263 0.081003
660.000000 488.496216 148.852066 16.346069 36.197876 0.077541
660.000000 595.319275 179.296478 27.679688 76.082275 0.075621
660.000000 552.286865 177.948074 17.234131 42.749695 0.072809
660.000000 47.970295 205.427124 10.893318 25.945587 0.062019
660.000000 495.518890 145.131622 25.000763 59.736938 0.056892
660.000000 249.487915 191.021225 13.746887 31.928650 0.053286
660.000000 602.044250 177.434479 17.899414 44.298187 0.052963
690.000000 145.731110 186.684021 13.628387 31.411133 0.066280
690.000000 510.781250 119.282120 12.167114 30.499207 0.050431
720.000000 70.262131 200.613617 18.454865 46.153015 0.438928
720.000000 467.312408 183.874603 14.382812 36.996857 0.262801
720.000000 120.955475 192.419617 13.305237 29.875854 0.231028
720.000000 194.134811 192.348328 11.286713 29.841736 0.217148
720.000000 477.233978 174.918427 19.387085 47.758881 0.198639
720.000000 72.257072 199.654770 12.530960 31.076782 0.100038
720.000000 48.177868 187.540237 14.613129 36.899139 0.094141
720.000000 129.617874 193.439789 10.551208 28.087341 0.091661
720.000000 84.847061 196.903168 11.652390 29.035126 0.073893
720.000000 106.933083 186.642044 12.726288 32.606506 0.055748
750.000000 36.950253 188.200256 12.205231 31.068909 0.520954
750.000000 605.443481 185.114105 13.638428 32.002319 0.310080
750.000000 425.803833 182.833313 14.333313 33.189117 0.212036
750.000000 234.996078 181.858139 12.308838 31.376587 0.143146
750.000000 625.700928 163.964676 14.212524 41.847046 0.129437
750.000000 613.654541 192.403625 11.177246 24.877350 0.088377
750.000000 600.276001 186.283066 15.407959 38.815948 0.069070
750.000000 479.345551 167.020264 15.736084 38.500732 0.062587
750.000000 456.827026 185.664566 15.138672 37.098633 0.060779
750.000000 239.264145 181.565247 12.169037 31.169891 0.059613
750.000000 588.899658 184.482040 14.928467 38.674438 0.057780
750.000000 621.245789 179.251129 17.390503 39.014679 0.054012
750.000000 608.939941 144.483032 12.734619 28.545380 0.050705
780.000000 431.699921 174.334534 20.344055 46.788788 0.859182
780.000000 476.302246 153.690247 18.449646 45.366394 0.220353
780.000000 544.556213 150.305069 28.006958 61.409180 0.169040
780.000000 478.961975 149.020844 26.171814 62.350769 0.090266
780.000000 519.692444 153.909378 15.456909 39.735748 0.082766
780.000000 447.787292 178.194107 14.218079 36.435394 0.080834
780.000000 561.493042 166.512283 18.840332 43.871826 0.066083
780.000000 553.647705 150.767944 16.035400 41.148376 0.056648
780.000000 32.183449 177.743607 12.867966 32.044983 0.054097
780.000000 506.017700 154.464035 21.851440 58.992004 0.050554
780.000000 498.994019 163.059753 15.253601 37.853607 0.050332
810.000000 438.437531 172.403030 23.918884 60.777069 0.948213
810.000000 522.998840 157.773560 15.892944 38.306793 0.250980
810.000000 499.871094 158.802628 16.716553 38.486816 0.165832
810.000000 245.067108 169.346725 11.670837 30.061035 0.083373
810.000000 499.961914 156.490707 12.270996 27.687195 0.078090
810.000000 442.944519 173.875977 15.790649 41.999176 0.071075
810.000000 80.219261 185.446045 11.390396 27.177948 0.071038
810.000000 518.687744 157.484268 23.670776 53.890594 0.051201
840.000000 484.785919 163.229691 37.159149 90.231842 0.984418
840.000000 3.791481 172.088806 19.731848 47.108185 0.288026
840.000000 580.167542 148.952316 10.149414 23.965424 0.188985
840.000000 589.125610 144.834167 10.615967 26.100861 0.176533
840.000000 465.008545 157.518600 16.629700 40.330444 0.155889
840.000000 599.705139 144.395966 13.833618 30.750092 0.095977
840.000000 53.542461 181.041565 14.529331 33.870880 0.084707
840.000000 416.049713 167.159760 14.459167 33.961853 0.061330
840.000000 9.778543 174.839218 13.911034 31.790771 0.058459
840.000000 546.943909 160.699768 14.920166 37.187012 0.056546
840.000000 15.378754 183.575745 13.888828 34.011200 0.053382
840.000000 4.450727 165.054276 15.250934 38.036285 0.053346
840.000000 484.483917 167.320801 22.985291 51.663818 0.052464
840.000000 408.456146 168.613586 15.162964 34.894501 0.052270
840.000000 0.000000 174.402863 10.996363 42.435883 0.052031
870.000000 578.005676 155.484909 55.540283 146.358841 0.996254
870.000000 389.644653 185.527100 15.035767 36.937714 0.391012
870.000000 482.804413 183.956985 15.882080 38.673737 0.363252
870.000000 495.907593 176.099777 15.531494 38.418060 0.332795
870.000000 104.524811 61.398300 14.698944 33.904404 0.295742
870.000000 130.522797 69.338448 17.555542 38.947800 0.295141
870.000000 480.394318 183.279541 10.674866 28.756927 0.232255
870.000000 414.371460 175.479095 15.678955 39.174591 0.218197
870.000000 424.480682 175.096054 14.787903 35.904541 0.139689
870.000000 492.008026 173.375778 22.612213 57.523407 0.118030
870.000000 54.361061 60.940105 15.129005 36.991413 0.113988
870.000000 547.049194 193.901932 30.002930 62.968674 0.101637
870.000000 92.655373 62.556473 15.267136 36.245087 0.100446
870.000000 77.802826 183.107376 12.529419 31.132233 0.089516
870.000000 28.836159 195.371246 11.666946 29.000885 0.077560
870.000000 483.880005 186.594437 21.725403 57.501953 0.063408
870.000000 85.120132 187.688690 11.719971 28.997131 0.061876
870.000000 474.569031 183.081940 16.702454 39.415771 0.054968
870.000000 485.852448 182.329498 11.676331 26.175293 0.052114
900.000000 589.415344 169.501923 11.809448 30.126526 0.223471
900.000000 501.594055 173.772888 22.468384 54.560699 0.218300
900.000000 586.332825 168.751068 18.597412 44.954956 0.206644
900.000000 403.688660 188.304611 15.826965 37.196655 0.100073
900.000000 515.557556 190.936218 18.701294 45.705078 0.095857
900.000000 544.478149 189.515045 17.314941 37.645599 0.093131
900.000000 581.582520 168.043976 28.423462 67.334656 0.089712
900.000000 563.644958 182.652954 19.496094 46.697083 0.085250
930.000000 425.858582 198.286682 25.587952 60.430145 0.815873
930.000000 45.835766 194.418991 14.463562 36.102173 0.632186
930.000000 41.715508 194.991974 12.759712 30.803955 0.103310
930.000000 7.338295 201.797211 12.828617 32.663696 0.090480
930.000000 475.552948 170.208008 13.713440 35.539734 0.085103
930.000000 37.980564 196.965805 12.270409 31.269287 0.064690
930.000000 412.825897 189.836487 11.897827 28.949249 0.059490
930.000000 13.806482 206.191971 12.041134 28.233643 0.055234
960.000000 489.782318 170.331024 56.475922 132.981506 0.983211
960.000000 451.804352 190.650635 14.077026 33.180847 0.224893
960.000000 448.837128 190.320282 19.728882 50.945801 0.119677
960.000000 109.024284 187.454803 12.330154 29.707367 0.064224
990.000000 433.717041 198.092270 14.491394 35.129211 0.328588
990.000000 547.683472 180.636902 18.347900 47.188110 0.267807
990.000000 469.559265 193.014038 13.483582 32.607849 0.205177
990.000000 395.198029 194.911743 11.790649 27.888000 0.181400
990.000000 543.896545 179.085831 25.968872 67.182007 0.134056
990.000000 534.825134 192.748932 20.348755 50.367432 0.117082
990.000000 539.446899 194.570465 13.866821 36.292145 0.104463
990.000000 465.899811 193.751404 20.636047 45.140076 0.098071
990.000000 531.353210 195.052826 13.304565 33.280365 0.090251
990.000000 492.255981 189.973831 14.087402 33.592102 0.088662
990.000000 550.155579 180.589432 13.229248 30.382965 0.070519
990.000000 234.928589 199.438095 10.957550 26.614929 0.058310
990.000000 437.778351 193.506989 12.605042 29.596924 0.058273
990.000000 488.689789 192.663757 18.679199 47.462921 0.056579
990.000000 432.487549 198.926392 10.608337 28.309082 0.051348
1020.000000 492.572357 193.136734 16.624512 38.851868 0.273436
1020.000000 489.762726 192.934723 23.561188 57.151917 0.172708
1020.000000 62.363365 212.351349 15.191940 36.586121 0.065035
1050.000000 596.409546 179.292999 27.607300 67.750061 0.844937
1050.000000 582.669250 191.916809 15.850830 37.384644 0.383779
1050.000000 396.883789 189.002472 16.923706 41.015106 0.307941
1050.000000 600.626465 177.023651 33.955566 92.775330 0.227540
1050.000000 379.855530 192.022202 13.611572 34.456696 0.195963
1050.000000 405.126709 192.804535 16.498230 38.344452 0.167687
1050.000000 594.553406 181.408981 15.636841 37.419159 0.092625
1050.000000 616.804199 172.307587 23.195801 94.071014 0.087075
1050.000000 404.157623 168.295288 26.136597 62.672424 0.073404
1050.000000 172.384460 182.744019 15.851074 37.593536 0.056195
1050.000000 388.429016 202.554703 11.352051 27.512451 0.054485
1080.000000 625.390320 205.090149 11.776489 28.398315 0.415424
1080.000000 510.560059 196.609711 12.217041 30.070343 0.109268
1080.000000 410.938568 182.690338 19.135132 47.472900 0.056188
1110.000000 441.240997 203.291046 11.908325 29.655640 0.178197
1110.000000 568.977173 181.246368 18.499390 47.732788 0.156435
1110.000000 461.946289 205.965118 12.079346 31.140137 0.126056
1110.000000 486.326935 180.569107 23.666687 59.517365 0.119477
1110.000000 503.724487 191.790802 11.285217 26.846130 0.075112
1140.000000 571.562073 201.229401 23.060181 54.017731 0.177769
1140.000000 463.892639 200.419250 12.015442 28.268036 0.155548
1140.000000 434.873322 197.297043 14.212036 38.421478 0.154522
1140.000000 572.525146 207.389740 15.587402 36.456146 0.092849
1140.000000 608.545349 197.653091 16.492065 38.860626 0.092163
1140.000000 473.461151 204.666458 17.188416 42.332245 0.081573
1140.000000 571.504578 208.875320 10.729980 30.531281 0.062947
1170.000000 531.376160 191.327545 25.316772 66.520538 0.582859
1170.000000 534.574341 189.584290 18.526367 42.588623 0.273968
1170.000000 496.183807 198.343796 17.661469 45.390472 0.173426
1170.000000 485.505798 198.857849 17.802185 44.831787 0.104674
1170.000000 608.159790 115.293533 29.908081 136.742157 0.101965
1170.000000 612.692993 179.707123 26.439819 93.688995 0.090674
1170.000000 538.794006 195.324875 26.767212 62.322250 0.086000
1170.000000 583.252747 186.909485 22.048828 53.084015 0.085045
1170.000000 608.600281 181.261444 24.370850 61.938110 0.064528
1170.000000 566.475952 79.470314 16.485596 35.778625 0.063873
1200.000000 580.398132 171.995575 25.393433 62.699402 0.854377
1200.000000 585.925232 174.583817 29.081055 75.109497 0.236978
1200.000000 585.172852 169.620575 17.525269 45.340515 0.202857
1200.000000 577.223938 184.072510 20.337158 50.226044 0.139179
1200.000000 37.923031 136.895050 13.108208 31.748047 0.121170
1200.000000 133.221832 157.577866 14.491028 37.444214 0.106660
1200.000000 578.475220 187.306427 13.341187 35.278931 0.100271
1200.000000 46.610603 139.078629 12.201462 30.513306 0.076420
1200.000000 129.428558 160.210144 21.877258 52.177399 0.073218
1200.000000 13.255655 136.249496 13.496994 33.172913 0.062676
1200.000000 502.834961 167.382278 20.613281 51.006042 0.053853
1230.000000 500.110718 17.253990 17.216858 38.860374 0.234571
1230.000000 175.272644 197.127182 11.211548 29.253540 0.073742
1260.000000 62.253746 145.393417 15.390503 37.169983 0.446032
1260.000000 69.810692 146.956848 12.998383 32.161682 0.065895
1260.000000 62.574089 142.700119 24.403198 58.398376 0.053515
1290.000000 54.079781 185.491364 15.100105 36.752625 0.102402
1290.000000 502.421234 186.634613 14.890961 35.223816 0.100006
1290.000000 397.267792 190.215271 10.623047 29.760132 0.083937
1290.000000 51.490849 185.769928 21.312374 53.548981 0.067459
1290.000000 453.607941 185.811569 12.290588 29.851471 0.053975
1320.000000 95.083687 193.547485 11.655594 30.544220 0.558701
1320.000000 44.869553 182.632111 15.721962 38.435028 0.166942
1320.000000 49.032352 196.951813 13.607994 33.652832 0.120815
1320.000000 492.814484 174.274536 13.492310 35.952606 0.114099
1320.000000 411.343109 192.566071 10.745605 27.310822 0.101441
1320.000000 571.028198 183.847519 13.510254 33.595093 0.096466
1320.000000 40.333794 181.963318 22.644539 58.604218 0.074218
1320.000000 594.854370 183.339722 18.015259 43.430267 0.065572
1350.000000 15.079048 200.817078 12.870842 32.729095 0.233604
1350.000000 481.494659 189.242035 13.786987 33.165283 0.165088
1350.000000 74.678482 193.600845 9.957367 22.814484 0.128232
1350.000000 444.758606 186.276459 12.185120 29.797241 0.121529
1350.000000 545.588623 173.157639 18.182617 42.528046 0.108013
1350.000000 528.133667 202.731461 12.115112 30.458954 0.106726
1350.000000 10.353949 200.444366 19.116524 51.345978 0.081938
1350.000000 453.238129 177.131531 15.435242 38.764771 0.078766
1350.000000 131.024460 157.357620 22.517273 54.050110 0.070289
1350.000000 437.872894 192.142578 10.100403 24.071136 0.062730
1380.000000 463.657715 186.185211 13.891174 36.442047 0.639284
1380.000000 456.945129 184.487167 14.770020 36.775696 0.633550
1380.000000 493.700500 179.687866 16.916199 42.126801 0.326715
1380.000000 548.733948 179.340912 14.541626 36.177307 0.286542
1380.000000 471.598389 185.056732 10.630188 25.714478 0.237005
1380.000000 495.613708 182.280212 11.632996 29.177551 0.234076
1380.000000 480.021301 183.451355 16.738586 39.495667 0.216753
1380.000000 497.290558 176.478165 20.137787 50.204224 0.147985
1380.000000 601.115784 205.023880 17.146484 40.391693 0.139153
1380.000000 21.089434 191.633194 13.102793 32.254883 0.132163
1380.000000 498.565704 170.984802 11.966431 28.937286 0.095986
1380.000000 451.659424 185.761307 11.976379 30.581970 0.089824
1380.000000 1.367690 157.724319 10.673933 45.653625 0.070718
1380.000000 469.865814 185.210114 14.946106 36.804474 0.052833
1410.000000 505.528381 184.882614 17.663452 44.435699 0.185036
1410.000000 534.396667 175.352631 15.739868 37.383118 0.168695
1410.000000 576.724792 184.339386 16.361694 36.044250 0.114458
1410.000000 564.360474 170.092285 15.741211 38.503937 0.073743
1410.000000 254.415390 179.131866 12.267197 30.205750 0.062863
1410.000000 574.687012 182.552719 13.312500 29.464966 0.061918
1410.000000 532.172607 171.649048 23.940063 60.177643 0.061357
1410.000000 563.420654 190.772171 14.896362 29.492340 0.060021
1410.000000 451.692596 190.904663 10.863831 29.485107 0.054050
1410.000000 518.527649 182.297638 14.035400 28.882507 0.053964
1410.000000 106.462738 177.891861 17.119232 38.969879 0.053487
1440.000000 435.183289 176.324707 10.448975 29.556915 0.460845
1440.000000 574.792908 180.517090 23.091431 60.601715 0.191228
1440.000000 418.114899 178.591339 10.027710 23.924561 0.141327
1440.000000 566.899658 178.778793 17.690674 44.066895 0.106883
1440.000000 19.659920 169.321075 14.664852 37.436371 0.091974
1440.000000 391.610748 181.436646 9.645203 23.086365 0.076552
1440.000000 540.814087 168.884003 25.631470 66.287292 0.074925
1440.000000 419.255463 183.546432 10.734558 31.456421 0.061966
1440.000000 14.708309 166.311981 24.148438 56.942749 0.060908
1440.000000 586.454834 184.394363 15.072632 36.044830 0.055997
1440.000000 610.686829 181.804321 14.581055 28.848694 0.051103
1470.000000 51.986046 177.938812 23.764030 53.337189 0.362247
1470.000000 55.793827 177.464508 15.984272 38.696564 0.256482
1470.000000 451.481628 167.112061 13.271973 32.216980 0.151717
1470.000000 24.900049 174.397491 13.267550 34.175934 0.139283
1470.000000 77.747879 170.560425 13.447037 35.112793 0.137156
1470.000000 393.805115 176.465988 12.044556 29.403717 0.097694
1470.000000 94.869041 152.281265 17.767853 43.109955 0.080785
1470.000000 188.370941 172.581268 14.427277 35.423187 0.076115
1470.000000 1.610941 179.919739 21.022839 51.530334 0.073767
1470.000000 0.057076 179.512283 10.881378 45.189545 0.072334
1470.000000 3.992379 177.573166 13.579920 34.002441 0.059729
1470.000000 167.736710 161.785385 14.324158 36.013245 0.051916
1470.000000 85.536575 150.296143 16.385742 40.304565 0.051002
1500.000000 438.959442 167.837341 14.843018 36.785400 0.265532
1500.000000 172.518646 167.808044 14.161652 33.539368 0.245863
1500.000000 512.389343 183.359589 14.714233 34.935059 0.112853
1500.000000 289.873199 167.569366 11.847717 29.261505 0.109299
1500.000000 540.005859 172.393036 12.321777 29.072906 0.084447
1500.000000 549.110840 167.769943 14.057983 35.949219 0.078554
1500.000000 433.541107 166.882126 25.561951 48.796112 0.071902
1500.000000 161.129700 163.289001 11.987579 31.554565 0.066925
1500.000000 157.968048 171.414261 16.692596 38.343689 0.058868
1500.000000 166.784973 169.659622 11.330048 28.209656 0.053338
1500.000000 168.774200 166.668121 20.367432 47.803345 0.052969
1530.000000 36.847885 172.411621 13.245232 32.364807 0.121258
1530.000000 77.752914 178.001724 14.294525 31.427094 0.065751
1530.000000 352.049194 174.215851 15.028198 38.092285 0.064628
1530.000000 497.544891 181.959793 15.339630 36.690308 0.061666
1530.000000 31.408155 173.555481 15.337275 35.851837 0.055745
1560.000000 19.691360 174.899994 15.284378 38.628052 0.250367
1560.000000 149.126755 170.507980 13.457855 34.266418 0.198905
1560.000000 55.290108 178.091644 13.350151 33.983948 0.149457
1560.000000 581.830627 169.990265 17.837891 40.666290 0.093532
1560.000000 15.260992 174.467804 13.897701 32.365570 0.076844
1560.000000 474.800934 161.590836 29.255981 68.239136 0.072360
1560.000000 61.713230 160.063431 15.216656 37.149872 0.068786
1560.000000 144.198212 170.077515 14.718536 37.602661 0.065408
1560.000000 26.202820 178.528427 12.023376 28.394623 0.059668
1560.000000 408.123047 140.845718 13.773804 33.843414 0.053525
1590.000000 5.318745 189.128891 14.090727 35.017334 0.308633
1590.000000 15.093136 183.249832 12.075329 29.124573 0.224270
1590.000000 513.957031 185.227356 21.782471 49.358002 0.203415
1590.000000 525.198914 194.199692 23.715332 54.745880 0.200363
1590.000000 407.245514 139.418823 17.294678 41.660248 0.199514
1590.000000 45.933750 182.916016 12.917480 31.696472 0.157036
1590.000000 519.043579 186.964340 14.982910 30.077545 0.151268
1590.000000 418.999298 145.254837 15.940125 35.115143 0.121419
1590.000000 531.784485 193.452026 14.936890 35.915527 0.102406
1590.000000 412.881622 143.242493 12.162720 27.945770 0.096064
1590.000000 1.074955 186.447601 13.780754 36.267670 0.076618
1590.000000 393.138519 143.430298 14.032532 32.657257 0.062380
1590.000000 406.684967 142.863266 23.831055 56.296356 0.059171
1590.000000 420.030151 144.013977 11.872742 24.307465 0.054222
1590.000000 493.981018 176.356140 21.640198 52.939117 0.052010
1590.000000 407.323761 138.310089 12.060486 30.833710 0.050539
1620.000000 109.291245 178.525223 13.640640 34.330109 0.207691
1620.000000 535.253845 197.127792 16.388306 36.451935 0.207502
1620.000000 149.283997 176.344086 11.496246 27.441956 0.129165
1620.000000 599.319885 173.642059 13.219482 31.192078 0.109432
1620.000000 144.195602 169.350723 11.160736 28.730530 0.070905
1620.000000 586.491516 180.309250 11.351562 23.273865 0.065737
1620.000000 352.118622 179.175644 15.387268 39.638580 0.060928
1620.000000 272.998291 178.860016 12.989319 34.343140 0.054874
1620.000000 557.152161 182.317093 14.149780 29.679779 0.050878
1650.000000 13.404961 186.898712 12.638912 30.232269 0.482581
1650.000000 126.634361 176.901428 15.978127 38.401123 0.193454
1650.000000 0.000000 183.299286 10.560548 45.234833 0.153448
1650.000000 4.308205 190.421524 13.732393 37.889648 0.146723
1650.000000 150.324020 179.896500 14.525970 34.692444 0.070106
1650.000000 98.788712 177.300674 14.837326 36.190887 0.050924
1650.000000 18.582186 190.616226 11.058464 24.965302 0.050922
1680.000000 15.112969 188.620270 11.754642 27.708832 0.458946
1680.000000 6.679957 197.330429 13.934644 31.674713 0.353232
1680.000000 0.013007 183.269318 15.751551 47.175262 0.206391
1680.000000 4.544607 189.766663 12.872334 32.280273 0.082607
1680.000000 591.526123 178.305878 11.364380 26.433655 0.069851
1680.000000 20.636803 189.995346 9.481911 26.658264 0.064979
1680.000000 0.000000 176.695084 9.297241 41.989777 0.058960
1680.000000 557.925110 186.268600 12.622803 27.391174 0.056868
1680.000000 8.585876 188.308197 15.790001 37.543518 0.052942
1680.000000 539.334473 195.217300 12.814819 28.770966 0.052050
1680.000000 52.807964 172.889969 15.029057 40.411743 0.051250
1710.000000 17.274254 190.524521 10.741386 26.593048 0.242874
1710.000000 1.883130 188.185898 12.807505 30.724365 0.153489
1710.000000 20.668346 190.083160 11.109116 26.456390 0.138870
1710.000000 0.000000 180.997910 11.192247 47.384186 0.117064
1710.000000 127.825867 176.674805 14.237518 35.411163 0.100945
1710.000000 489.499084 182.386581 20.697876 51.762634 0.072549
1710.000000 342.788177 176.780945 11.799438 27.828064 0.064183
1710.000000 41.726116 190.105331 13.429024 35.727325 0.063085
1740.000000 14.927294 188.345627 12.088230 28.433289 0.422670
1740.000000 8.188691 200.079453 12.308433 29.481873 0.225084
1740.000000 0.000000 184.032410 10.605764 46.045563 0.155472
1740.000000 2.501277 192.481094 14.394316 36.395508 0.122857
1740.000000 403.722168 175.624466 16.147400 43.480743 0.083279
1740.000000 284.315857 186.580933 14.398254 34.138275 0.068459
1740.000000 20.788826 191.094147 10.530609 24.036316 0.056214
1740.000000 216.615570 180.622971 12.520172 30.754456 0.050949
1770.000000 14.988764 187.689026 11.891769 28.974518 0.456060
1770.000000 7.215718 197.911850 12.851950 31.757385 0.383577
1770.000000 465.258942 179.810425 19.501099 48.599609 0.354561
1770.000000 452.506104 178.209229 17.302551 43.945129 0.349946
1770.000000 467.722626 178.970139 14.040955 34.987854 0.149155
1770.000000 0.000000 184.703812 9.963863 45.352173 0.104090
1770.000000 360.283020 148.301010 14.707581 34.671021 0.099011
1770.000000 244.611130 183.898468 16.147171 39.113617 0.084597
1770.000000 248.847580 179.835068 14.897842 36.690063 0.083642
1770.000000 446.298828 176.665726 25.726013 63.024475 0.059593
1770.000000 1.915928 188.611832 13.287018 35.882751 0.055147
1800.000000 12.132517 188.705353 12.922523 30.306610 0.326593
1800.000000 7.090264 197.376007 13.021412 33.071838 0.193414
1800.000000 466.837128 192.284683 13.821716 29.115845 0.181777
1800.000000 0.005150 185.002991 13.944225 41.854980 0.181600
1800.000000 605.049744 182.834869 20.870850 48.567322 0.167206
1800.000000 536.620300 193.912582 16.675293 37.692535 0.076793
1800.000000 16.992493 191.992218 10.580772 26.793976 0.074730
1800.000000 312.107574 183.895782 14.298096 34.061981 0.056620
1800.000000 441.472565 198.980148 16.830688 38.626892 0.052085
1800.000000 448.137268 201.478119 12.471375 29.894775 0.051749
1830.000000 604.364319 180.787689 14.310913 34.436523 0.549195
1830.000000 410.169525 193.559204 11.674500 28.852081 0.287879
1830.000000 592.845154 181.451355 10.727539 24.956177 0.220663
1830.000000 467.517609 191.649368 12.568359 29.471954 0.203400
1830.000000 297.464569 191.185379 14.917664 35.882904 0.199795
1830.000000 82.018005 171.450409 27.033432 65.566895 0.188107
1830.000000 244.600342 180.944962 15.739990 39.926147 0.174929
1830.000000 617.506592 191.823685 15.926636 40.147675 0.166812
1830.000000 17.127937 166.572815 26.465694 64.670349 0.078237
1830.000000 84.306450 170.910660 20.106430 44.792755 0.061830
1830.000000 239.875610 178.586166 25.337891 63.759583 0.060832
1830.000000 339.780304 187.209900 11.714783 26.338867 0.058051
1830.000000 601.741821 180.145584 20.372925 49.410400 0.051422
