30.000000 552.010254 185.028809 27.568237 64.408600 0.600787
30.000000 441.249847 189.796707 12.999878 31.597076 0.569980
30.000000 472.780212 186.788986 14.682678 36.194641 0.510272
30.000000 502.601746 186.498505 14.593140 37.462067 0.464218
30.000000 562.203918 184.788483 18.117554 44.148254 0.458059
30.000000 532.087158 182.874847 17.428589 41.296478 0.401852
30.000000 466.940338 189.329895 14.394409 34.584076 0.283698
30.000000 508.174408 192.163269 12.304657 32.460449 0.234429
30.000000 491.770294 189.244781 12.389404 30.114166 0.192757
30.000000 535.680664 183.781509 11.501831 28.875580 0.152129
30.000000 527.285828 182.367493 25.994385 58.084106 0.145258
30.000000 585.090515 193.289871 26.317139 63.573441 0.140069
30.000000 214.287659 182.804626 15.766998 39.489746 0.123001
30.000000 538.410583 186.135895 12.571899 32.390045 0.122588
30.000000 416.800873 195.761581 11.481384 28.112823 0.109110
30.000000 498.312103 191.153320 10.470825 29.161499 0.094933
30.000000 421.908508 188.399628 10.995728 29.286316 0.085296
30.000000 573.794128 188.410965 11.705322 26.928009 0.080861
30.000000 549.509399 190.790817 14.260010 34.828278 0.074520
30.000000 563.927734 186.840820 24.388428 62.899170 0.074447
30.000000 522.157959 185.653534 15.307129 38.526581 0.070453
30.000000 508.119598 173.109634 14.848175 37.584747 0.056313
30.000000 569.087952 189.437729 16.768433 41.396301 0.055820
30.000000 576.307922 190.393127 38.167480 99.779358 0.051605
60.000000 484.870239 189.086884 15.432312 37.255920 0.945820
60.000000 572.654724 183.762329 20.681396 49.379517 0.938814
60.000000 512.411194 182.781998 21.664307 53.908051 0.925968
60.000000 540.284729 180.619461 22.263306 56.604187 0.876648
60.000000 455.760986 184.904083 14.300781 37.672913 0.551522
60.000000 617.672302 178.174469 22.077148 63.671417 0.547089
60.000000 213.446991 184.967041 14.256134 35.151306 0.510812
60.000000 440.396942 189.946014 12.917603 31.123108 0.437019
60.000000 462.855103 192.856766 11.596069 27.598206 0.423725
60.000000 18.585646 176.185852 19.745241 45.722717 0.407998
60.000000 538.402466 180.198792 17.197266 39.084381 0.364084
60.000000 495.876251 192.015579 9.316040 24.381561 0.326678
60.000000 436.027374 193.090225 11.068848 27.555237 0.312983
60.000000 525.697754 184.210892 12.058960 30.037659 0.281324
60.000000 508.020782 187.025665 15.787872 35.565216 0.208841
60.000000 432.352081 195.218369 11.038330 27.182098 0.195302
60.000000 546.584839 186.885315 16.616943 37.636627 0.175690
60.000000 608.942749 164.685043 23.971924 59.192291 0.120327
60.000000 504.056763 188.284393 14.067993 32.959137 0.117005
60.000000 447.642761 189.937500 10.860962 27.110931 0.114342
60.000000 520.240906 185.528824 16.679565 41.808685 0.111721
60.000000 572.786011 185.431030 12.727539 30.411926 0.106727
60.000000 13.812911 176.362610 27.826374 67.890717 0.076628
60.000000 614.015991 165.755966 15.787231 39.540192 0.068397
60.000000 195.972168 176.748352 15.660217 37.811737 0.060139
60.000000 46.758766 173.486572 17.706169 42.738342 0.056891
60.000000 551.408997 181.267960 10.845825 26.502258 0.050326
90.000000 565.318542 175.606766 31.353394 76.784698 0.986606
90.000000 503.102966 180.940216 18.449097 41.739105 0.963637
90.000000 547.089539 185.884674 18.781128 43.324677 0.953799
90.000000 476.250458 179.355270 18.274414 46.883514 0.914632
90.000000 582.678772 176.934052 21.194092 54.213043 0.909023
90.000000 445.005432 192.671143 13.630676 33.067352 0.727570
90.000000 459.738770 185.775513 15.014404 36.864532 0.637964
90.000000 37.050770 179.277283 19.547035 45.757172 0.470984
90.000000 586.297424 178.129913 14.881714 37.606262 0.390889
90.000000 440.644165 191.755310 10.189514 28.422607 0.357062
90.000000 562.695007 184.679047 20.245972 49.738037 0.348484
90.000000 485.618469 187.126205 13.145325 31.420074 0.272075
90.000000 33.136475 181.051422 28.347633 66.131805 0.256024
90.000000 454.352936 190.209442 12.411194 31.806244 0.221325
90.000000 406.287567 197.230835 10.168396 23.386230 0.213421
90.000000 427.088501 196.563965 9.998474 25.221069 0.209485
90.000000 201.655960 175.387863 14.615601 33.523224 0.187697
90.000000 476.950531 192.880188 12.933960 31.626648 0.168564
90.000000 588.887573 196.181671 13.742432 34.326080 0.151986
90.000000 564.316895 186.426453 13.355591 34.634613 0.133682
90.000000 43.531246 181.192734 17.516403 41.168274 0.105083
90.000000 423.391724 188.356140 12.199219 31.921997 0.101735
90.000000 521.980347 189.095917 11.619629 29.928894 0.100029
90.000000 569.036621 179.088425 20.031494 47.021027 0.094661
90.000000 347.043640 187.518845 15.706238 35.414795 0.075954
90.000000 553.173462 182.484741 12.262573 26.336975 0.070098
90.000000 402.831421 194.691025 9.639526 24.029144 0.065085
90.000000 31.032333 182.857391 18.474915 41.730072 0.064857
90.000000 580.408264 182.265472 16.354248 36.834961 0.063683
90.000000 471.629486 182.608643 14.510132 33.719666 0.055501
120.000000 601.325195 177.800888 22.406128 54.157593 0.992909
120.000000 513.041443 166.124252 23.409302 58.760620 0.975343
120.000000 537.722778 170.288559 20.087646 52.006470 0.957310
120.000000 490.553528 170.090179 22.605774 54.197113 0.956330
120.000000 483.259033 180.696075 16.706177 43.008728 0.544834
120.000000 471.403656 184.099060 16.229980 38.526154 0.540756
120.000000 440.745514 187.366714 15.331299 37.325897 0.430306
120.000000 437.033844 180.851807 13.768921 34.155457 0.289270
120.000000 37.247944 168.604599 14.025642 34.348999 0.248385
120.000000 431.591583 186.041748 13.626343 32.087524 0.223962
120.000000 475.717987 178.167038 17.585754 43.404327 0.191525
120.000000 466.164307 183.372971 15.288696 37.079834 0.179196
120.000000 417.769104 191.054550 10.132629 23.527283 0.148779
120.000000 458.659302 186.330780 14.164429 33.342468 0.145665
120.000000 450.709106 190.058121 12.061279 30.019562 0.118983
120.000000 500.016052 169.075943 23.253906 54.537628 0.077043
120.000000 486.088409 176.511627 11.027771 27.927673 0.072282
120.000000 23.409590 166.242905 21.440233 56.129944 0.068711
120.000000 452.134491 188.463898 16.040894 39.060486 0.055511
120.000000 498.456696 176.858627 15.952545 37.623749 0.053879
150.000000 584.423584 160.091827 34.293213 84.866302 0.994144
150.000000 554.999939 168.459152 27.997437 69.562347 0.955443
150.000000 602.430847 175.865494 23.510010 56.569824 0.818772
150.000000 496.008026 188.885269 17.957977 41.728333 0.606879
150.000000 540.993835 176.339691 23.934326 60.861053 0.542471
150.000000 522.179016 188.696808 20.200317 46.265045 0.531628
150.000000 508.268097 193.339279 15.274139 37.404053 0.384845
150.000000 485.173615 195.045334 11.989136 30.104095 0.316448
150.000000 492.174133 192.236511 15.297485 37.205963 0.278186
150.000000 439.540710 189.921539 11.193298 29.433929 0.120836
150.000000 483.586731 202.053314 15.341614 38.088135 0.092484
150.000000 423.613586 182.889923 10.969788 27.553467 0.082489
150.000000 456.570099 187.444244 14.041809 34.818970 0.073740
150.000000 537.981995 194.871582 10.993164 26.346100 0.065032
150.000000 546.412109 174.955383 14.830933 33.988098 0.062034
150.000000 560.393555 169.606308 15.335205 36.232361 0.059672
150.000000 503.025452 189.015854 12.105225 31.196503 0.056804
150.000000 480.820312 197.512146 12.108948 30.185669 0.056381
150.000000 531.657227 196.650787 13.129150 29.963959 0.053412
180.000000 461.193268 194.506012 14.891174 36.191711 0.693567
180.000000 549.704224 179.434143 25.678345 68.859650 0.428998
180.000000 612.707275 201.710800 22.534912 59.610703 0.275517
180.000000 1.229969 188.020523 12.731080 50.556183 0.155365
180.000000 553.298218 180.425659 18.907349 45.983063 0.153523
180.000000 469.876099 195.507584 10.358643 24.037964 0.140644
180.000000 453.253296 193.224014 13.364197 32.280884 0.133080
180.000000 533.419189 208.137451 13.934082 32.330383 0.106454
180.000000 212.180618 181.981293 11.849152 26.481384 0.088930
180.000000 553.112305 206.810333 17.744019 41.703857 0.069448
210.000000 501.881256 184.176880 19.923492 46.352081 0.855133
210.000000 470.729034 176.017136 14.683960 34.743927 0.586506
210.000000 530.359375 181.120789 17.040527 39.109070 0.583660
210.000000 491.854462 177.492966 13.952637 34.973328 0.555115
210.000000 615.587402 189.544113 21.666260 63.628113 0.508069
210.000000 556.388550 178.900742 22.931763 58.822815 0.282140
210.000000 475.278168 177.892761 13.437317 29.162506 0.267936
210.000000 510.822906 186.233398 12.877960 31.751099 0.219708
210.000000 486.037750 178.886246 18.241638 45.142822 0.172512
210.000000 574.066406 173.086304 27.307251 67.901703 0.169881
210.000000 608.798035 158.190018 26.692383 77.857666 0.150830
210.000000 505.806213 185.324310 13.708374 30.096436 0.103983
210.000000 552.691772 179.318054 16.184692 40.086609 0.102376
210.000000 499.246979 188.511505 11.315002 28.982056 0.092931
210.000000 517.685303 174.383789 16.272949 40.935638 0.092446
210.000000 618.190674 191.914688 15.862183 36.808441 0.076518
210.000000 487.079010 180.390427 11.522400 28.867767 0.064004
210.000000 560.703003 201.978821 15.219116 34.099060 0.059135
240.000000 567.115112 184.912537 23.970825 61.832458 0.630641
240.000000 503.594177 174.405060 14.794556 36.909363 0.372849
240.000000 504.813965 171.868317 20.367188 49.699158 0.368292
240.000000 484.077789 181.435547 13.949036 32.960175 0.354441
240.000000 618.958313 167.197662 21.039307 62.884369 0.315859
240.000000 563.382507 193.252304 13.698853 35.478271 0.293848
240.000000 579.571350 182.861496 15.417480 39.582214 0.273420
240.000000 509.444641 173.639069 13.476807 34.154938 0.260931
240.000000 561.059570 196.069138 11.441650 29.800232 0.220858
240.000000 455.292786 176.915161 14.197632 34.114258 0.217900
240.000000 512.729736 170.394775 12.002441 29.650665 0.213050
240.000000 544.390930 181.710861 14.713257 36.926971 0.199854
240.000000 501.947205 174.770203 11.186401 30.934113 0.179690
240.000000 569.730408 0.066610 20.947876 48.196175 0.159768
240.000000 416.145721 188.817444 11.385254 30.264404 0.136424
240.000000 574.160034 187.258118 17.895508 39.860474 0.135481
240.000000 478.565491 181.748810 16.878662 40.047821 0.120605
240.000000 546.102844 182.025024 11.014648 23.431610 0.119145
240.000000 626.076965 187.230530 13.923035 44.656311 0.116115
240.000000 573.592896 0.272230 14.674683 28.616640 0.094892
240.000000 456.126617 184.429260 19.515625 46.901459 0.091552
240.000000 516.813354 181.323883 11.844238 28.066650 0.089812
240.000000 511.623688 178.485458 16.946503 41.206635 0.086401
240.000000 191.761353 178.329178 14.462891 33.752747 0.081504
240.000000 557.750244 198.584412 9.687500 27.374268 0.075560
240.000000 479.898346 183.342590 11.964111 25.869659 0.073265
240.000000 566.884338 183.605530 10.641968 24.048462 0.058689
240.000000 547.522583 171.544128 13.042725 30.407257 0.058170
240.000000 607.877808 168.084885 23.633423 63.471405 0.051885
270.000000 563.932373 169.885773 22.027344 53.640198 0.695217
270.000000 515.004150 178.995209 16.310425 38.051147 0.625617
270.000000 599.605957 181.075104 19.835449 45.855530 0.540974
270.000000 532.779419 175.712967 12.633179 31.927612 0.436965
270.000000 523.612305 178.274902 28.197021 58.673950 0.426681
270.000000 568.520691 173.201965 14.679565 39.427216 0.374721
270.000000 495.842560 184.937469 12.038513 29.205658 0.330149
270.000000 502.797455 182.199234 12.852081 32.636932 0.254254
270.000000 564.449402 176.430649 14.223755 38.079559 0.246893
270.000000 546.136475 175.271545 17.589111 42.603058 0.164168
270.000000 529.117737 181.315292 18.673584 39.904022 0.146944
270.000000 498.172729 185.146729 14.908203 33.730743 0.128614
270.000000 508.462830 176.557266 24.300903 62.503082 0.111010
270.000000 481.821045 185.652908 11.482300 28.074890 0.089800
270.000000 541.505066 176.036682 25.966309 64.289551 0.079845
270.000000 602.374634 185.680084 22.017822 55.072388 0.077771
270.000000 549.174622 175.411301 11.786255 29.456116 0.074500
270.000000 592.847351 178.545746 30.393433 80.762238 0.069963
270.000000 586.684509 168.731598 25.701660 58.221741 0.062481
270.000000 574.045715 22.473553 29.587036 71.036026 0.061811
270.000000 492.570190 184.852798 23.125549 53.665588 0.058966
270.000000 479.359375 186.566086 16.860474 37.441162 0.058001
270.000000 512.145203 179.411957 14.051880 30.407654 0.053803
270.000000 575.249634 178.817963 11.338379 29.253693 0.051345
270.000000 526.981018 177.941315 14.624146 34.000214 0.050662
300.000000 592.588318 171.442612 23.135254 60.146545 0.784925
300.000000 553.175476 174.824539 18.555908 44.071167 0.745443
300.000000 571.243225 172.750565 18.109741 44.384521 0.689004
300.000000 447.689484 187.158432 14.468750 35.438660 0.665081
300.000000 547.888428 170.995651 26.017822 63.474243 0.632591
300.000000 30.267050 134.690063 23.473085 58.263947 0.409423
300.000000 536.158997 176.624588 18.972778 45.731018 0.391254
300.000000 20.265257 124.838837 23.652536 57.871033 0.286931
300.000000 551.563354 176.745636 12.640747 32.394897 0.281257
300.000000 581.811157 182.400879 12.101685 29.455200 0.247449
300.000000 598.515930 174.600372 17.031738 40.076050 0.220858
300.000000 5.691412 134.782928 31.938967 73.169464 0.208095
300.000000 481.374268 202.596313 12.705933 29.115356 0.200536
300.000000 166.950668 177.964600 15.810791 36.808044 0.190892
300.000000 17.690411 132.010880 38.553940 87.961761 0.189994
300.000000 566.987183 171.040771 26.353149 67.080963 0.189873
300.000000 529.758362 182.879410 17.149048 39.009949 0.180866
300.000000 562.989014 176.427216 13.629761 33.827789 0.160811
300.000000 23.741476 125.836464 15.855185 36.820351 0.156061
300.000000 161.219193 174.884094 13.498535 34.237854 0.144897
300.000000 3.345354 130.242981 42.537674 111.150574 0.134318
300.000000 584.020630 170.092621 12.423584 27.796082 0.110583
300.000000 522.903015 190.399170 17.396606 42.211548 0.110378
300.000000 572.782166 171.840714 13.017944 28.813141 0.101507
300.000000 578.440613 178.947708 20.041626 50.235962 0.097070
300.000000 14.385206 131.828156 13.828125 32.791992 0.086237
300.000000 30.986128 134.205460 16.253199 35.395081 0.071988
300.000000 178.759766 178.478180 11.786804 29.347382 0.069887
300.000000 604.877563 169.883621 11.316284 27.917664 0.062858
300.000000 487.786377 200.579514 15.147949 35.448242 0.060948
300.000000 8.889937 134.641022 22.007080 47.777130 0.055783
300.000000 588.120544 168.099518 31.601685 90.859070 0.052932
330.000000 569.217224 176.201981 21.403564 53.582092 0.975323
330.000000 615.835815 168.963562 20.795166 57.063141 0.809819
330.000000 481.653625 180.976532 17.193176 44.599213 0.658307
330.000000 614.520874 164.430862 25.479126 95.413376 0.597816
330.000000 576.230835 179.781281 19.385864 45.555847 0.246092
330.000000 481.328339 183.043396 12.114929 31.090149 0.207645
330.000000 454.957153 187.821976 16.988586 40.354126 0.164761
330.000000 541.233582 199.422104 17.941406 43.923553 0.149623
330.000000 551.738770 195.507202 20.225220 48.307312 0.137992
330.000000 162.281662 179.111450 13.936462 33.744568 0.134328
330.000000 563.504578 182.602249 18.637573 46.313446 0.130307
330.000000 385.901398 183.098633 13.824707 35.609375 0.130148
330.000000 475.814941 181.261093 13.574341 33.233368 0.104091
330.000000 620.748535 170.952072 13.829346 37.337646 0.099774
330.000000 314.644745 176.966110 16.256897 38.687988 0.091362
330.000000 569.156433 179.382980 13.909058 33.592804 0.091288
330.000000 124.552605 145.075500 15.471962 38.797394 0.081889
330.000000 624.500244 179.963654 15.499756 46.494568 0.060210
330.000000 393.585541 184.696487 14.355042 34.411835 0.057971
330.000000 487.519867 183.422821 12.841003 30.741180 0.057699
330.000000 588.939392 170.012451 26.687134 68.741852 0.055487
360.000000 513.038513 179.680557 14.377075 34.678101 0.381545
360.000000 100.558403 140.657227 24.045059 60.592133 0.371016
360.000000 105.347702 139.054810 17.805267 41.519165 0.360222
360.000000 486.285065 179.292862 15.065125 34.990662 0.333292
360.000000 432.106445 178.151001 18.253906 44.442932 0.324635
360.000000 501.063599 184.432404 13.995667 34.829681 0.223372
360.000000 522.422668 179.287888 11.587769 30.296875 0.217656
360.000000 435.136566 179.745621 11.471741 31.766449 0.213602
360.000000 204.952118 192.355194 9.400909 22.717743 0.158347
360.000000 448.336456 175.555298 13.964172 34.237946 0.150957
360.000000 201.438843 193.748703 9.365997 22.338837 0.143691
360.000000 108.708427 140.544037 12.449570 28.085663 0.142129
360.000000 423.342560 182.735779 12.449036 28.640961 0.141954
360.000000 439.656830 176.777725 14.510132 34.508392 0.125454
360.000000 527.054626 178.324646 11.625122 29.031860 0.120070
360.000000 94.107918 139.818710 37.366707 90.798004 0.112924
360.000000 117.546005 135.525681 14.950638 36.363770 0.108454
360.000000 522.448181 175.743820 17.977417 44.705597 0.105802
360.000000 197.365463 193.705261 9.469421 21.530243 0.099336
360.000000 450.106293 179.335831 18.226501 43.759521 0.099078
360.000000 133.482635 174.009476 14.996460 37.005676 0.090323
360.000000 436.824615 175.562332 21.600525 53.487427 0.086616
360.000000 128.000305 159.072906 16.537842 39.706238 0.078296
360.000000 113.723160 140.000244 11.604736 28.754944 0.072529
360.000000 511.084564 179.817307 10.769073 27.612793 0.071017
360.000000 509.734161 175.889389 20.521637 50.012177 0.069967
360.000000 517.864624 182.226837 13.244751 38.063782 0.059458
360.000000 99.149246 140.963745 18.487244 42.800751 0.059257
360.000000 402.986237 184.480240 15.029419 37.006104 0.054535
360.000000 505.971069 181.977692 12.073120 29.871185 0.051881
390.000000 581.338623 167.456009 20.816284 51.998108 0.459778
390.000000 71.046837 129.185760 16.682907 40.445282 0.274047
390.000000 67.783600 127.266197 27.467377 66.086342 0.269718
390.000000 584.260010 170.160110 14.472168 33.601440 0.228075
390.000000 572.344360 173.793945 15.824463 37.432434 0.204869
390.000000 196.500275 190.495041 14.374084 36.972595 0.171480
390.000000 61.547527 129.890701 37.825291 92.369354 0.148837
390.000000 598.320007 183.258759 13.763672 32.054779 0.147590
390.000000 167.064178 183.101776 11.558441 29.105164 0.147020
390.000000 111.030983 174.036987 13.731201 34.319855 0.138246
390.000000 611.994873 176.920685 15.390747 35.847626 0.137288
390.000000 199.025589 187.637436 9.450592 22.427307 0.120195
390.000000 593.297852 181.237366 19.718872 45.592499 0.119835
390.000000 569.413086 171.182816 22.077026 53.845917 0.092485
390.000000 375.396088 178.783936 14.088440 32.649292 0.090146
390.000000 177.668732 193.016541 9.504517 19.536438 0.050702
420.000000 490.891785 177.029602 12.752747 30.967926 0.228647
420.000000 486.416199 177.139832 21.612122 48.640411 0.147396
420.000000 582.335266 149.356491 16.570557 39.421326 0.132810
420.000000 473.308868 181.113571 14.078796 33.171295 0.132254
420.000000 496.264404 177.796310 10.341064 29.017242 0.126181
420.000000 66.841194 171.947632 15.184906 35.628967 0.108708
420.000000 549.578552 152.949707 31.235352 66.658142 0.099592
420.000000 85.661903 185.127670 11.975311 29.365082 0.095553
420.000000 484.427185 180.795151 15.654846 37.677887 0.082655
420.000000 145.961349 179.859756 13.303192 30.495117 0.077889
420.000000 500.196075 173.856857 15.956146 43.284637 0.064103
420.000000 570.673584 146.688889 15.342529 38.020752 0.062315
420.000000 62.126343 167.129013 23.378387 58.981476 0.057301
420.000000 559.500305 153.729660 19.401001 45.122375 0.055322
420.000000 485.551178 179.309372 11.662476 27.303345 0.054657
420.000000 579.074402 145.919250 30.481567 69.280151 0.054156
420.000000 445.831238 175.404907 15.250305 40.537170 0.053091
420.000000 518.699219 162.153473 16.400513 39.938812 0.051110
450.000000 517.258911 176.811249 15.841675 37.806335 0.531743
450.000000 514.255005 177.561081 23.277710 52.240692 0.437482
450.000000 572.415833 170.084869 15.524658 37.634277 0.312198
450.000000 401.940826 176.470688 12.671082 31.440521 0.287403
450.000000 120.583710 192.019897 10.003738 26.429932 0.265582
450.000000 446.435547 181.003799 11.119446 30.214661 0.181515
450.000000 578.474670 167.751617 12.426514 32.523926 0.180095
450.000000 524.841248 179.544327 19.728638 46.777344 0.173735
450.000000 412.813568 174.423706 13.833740 34.418640 0.149461
450.000000 574.658020 161.365036 24.357178 59.140930 0.146461
450.000000 504.039642 176.925446 41.671051 70.203857 0.143553
450.000000 528.840881 180.536896 12.976318 32.901245 0.139606
450.000000 496.328094 181.692917 14.040039 34.251038 0.137106
450.000000 380.086884 174.091080 12.774841 30.913391 0.135405
450.000000 105.535255 193.479614 9.593903 24.934937 0.114591
450.000000 61.715557 174.007645 12.575962 33.660004 0.102937
450.000000 503.566406 180.764847 17.174805 39.456177 0.098926
450.000000 395.879181 179.136185 11.577698 27.216400 0.098243
450.000000 491.201904 182.995193 16.486389 39.331665 0.094176
450.000000 443.946350 179.114624 17.894836 42.639252 0.093278
450.000000 146.369583 192.766281 9.622314 23.724579 0.087967
450.000000 450.996338 180.127579 12.369934 33.662689 0.086248
450.000000 418.635376 174.398041 12.971252 33.553955 0.083362
450.000000 492.847565 179.831085 23.093597 54.520813 0.081522
450.000000 580.868164 162.613785 13.575317 32.238831 0.067712
450.000000 152.600677 190.713013 9.902100 23.896057 0.064115
450.000000 115.625977 192.966003 10.091171 25.366791 0.061635
450.000000 545.226257 184.750549 17.651978 41.939545 0.060614
450.000000 428.041626 175.367554 15.843323 38.708374 0.057341
450.000000 571.199646 168.894089 12.754028 27.679718 0.055773
450.000000 455.186829 175.700333 14.402100 34.457062 0.051565
450.000000 0.112880 115.164085 15.484035 51.106117 0.050551
480.000000 373.515350 176.550400 15.668091 36.857147 0.473003
480.000000 81.972252 177.165253 14.235260 33.592468 0.359534
480.000000 400.772217 174.330780 14.639954 35.079773 0.315799
480.000000 408.460510 172.194183 13.259766 32.501007 0.295535
480.000000 367.959625 175.863220 16.182617 38.754120 0.214960
480.000000 104.609818 184.908875 13.708389 33.616608 0.201461
480.000000 371.594360 176.594604 22.371460 54.480194 0.200948
480.000000 452.519592 185.294281 16.454407 36.876312 0.191410
480.000000 75.955284 173.900879 21.385880 53.262238 0.143204
480.000000 525.052979 176.420532 12.612305 31.208588 0.138788
480.000000 167.448532 188.596069 9.303955 24.142853 0.108410
480.000000 378.673920 177.972565 13.154907 29.949524 0.096643
480.000000 145.731033 193.617508 10.312347 24.849426 0.094872
480.000000 532.861389 184.111633 16.038330 38.135956 0.086411
480.000000 520.213501 175.222061 23.750732 60.589569 0.085508
480.000000 480.993439 177.684631 14.122681 34.392426 0.070312
480.000000 404.942566 169.646454 21.795776 53.681396 0.067532
510.000000 474.477081 184.692337 14.068481 31.361908 0.253074
510.000000 505.321533 181.994278 11.737305 29.446289 0.242186
510.000000 112.139839 175.590683 15.613800 41.763397 0.214190
510.000000 493.148773 181.088928 13.147949 31.587372 0.172595
510.000000 514.940918 178.616745 16.125244 39.440338 0.146977
510.000000 483.310516 187.706100 12.447754 30.661865 0.124413
510.000000 578.262207 175.362213 16.363892 39.744904 0.117608
510.000000 399.310120 176.375809 15.704468 35.886108 0.093895
510.000000 504.549896 182.782684 16.752350 42.931976 0.089085
510.000000 480.221832 184.763672 12.139343 28.870514 0.087223
510.000000 435.375122 171.440079 13.459961 33.137756 0.081400
510.000000 374.543213 179.986725 15.834412 38.624084 0.067937
510.000000 372.425751 178.865463 24.195251 59.787994 0.060040
510.000000 416.507446 173.598282 15.261719 39.485779 0.054955
510.000000 445.517731 169.421112 21.148376 50.486694 0.050871
540.000000 558.977722 173.141510 18.538696 44.120605 0.665203
540.000000 475.962341 187.331345 15.312683 36.967438 0.604171
540.000000 507.344666 180.723846 15.871216 37.163605 0.539498
540.000000 549.804871 170.244507 24.299805 53.036011 0.425685
540.000000 493.577667 185.481384 16.739624 40.728027 0.331367
540.000000 564.976685 178.186737 13.281616 31.943970 0.302435
540.000000 141.507797 178.281647 12.874268 32.261383 0.231046
540.000000 137.019211 175.008942 18.954742 49.729614 0.223775
540.000000 518.161560 183.065216 11.064087 29.061615 0.201040
540.000000 561.301025 173.327469 12.971924 31.519562 0.154901
540.000000 513.193420 182.031143 12.234619 29.678986 0.141689
540.000000 521.261108 180.967224 14.193848 34.708221 0.141162
540.000000 530.214722 185.351517 23.015137 48.251648 0.119316
540.000000 536.599304 184.670624 10.941528 25.610565 0.114571
540.000000 544.263428 189.054794 13.530640 33.863190 0.114231
540.000000 587.641968 169.873749 16.863159 40.745331 0.108630
540.000000 575.185181 175.252579 17.259888 41.899139 0.106895
540.000000 367.577911 178.099854 15.712097 36.953583 0.097247
540.000000 570.320557 179.629318 13.951782 33.438904 0.094306
540.000000 582.142395 169.907257 24.835815 63.720337 0.086316
540.000000 557.521423 173.828262 11.865112 29.473297 0.072861
540.000000 286.259338 175.321472 19.514343 48.766083 0.056980
540.000000 359.459564 173.650955 18.984253 47.691803 0.052853
570.000000 573.436218 174.964539 21.037476 55.222351 0.939178
570.000000 550.592773 180.809601 18.413940 44.779083 0.770954
570.000000 381.982178 175.612320 22.702881 53.767334 0.568449
570.000000 529.918213 184.463379 21.232300 58.982605 0.565692
570.000000 558.506165 186.404358 23.185547 61.378052 0.449374
570.000000 15.969371 158.305450 14.816953 35.899200 0.435065
570.000000 521.833496 185.415848 16.411743 39.212372 0.397052
570.000000 616.722595 173.567505 14.668945 37.503448 0.367663
570.000000 615.118347 172.827225 20.634644 58.294098 0.238914
570.000000 12.467344 158.670334 22.910265 55.145081 0.236199
570.000000 358.177399 179.472885 17.192932 42.544067 0.173704
570.000000 509.774475 186.551941 18.795288 49.053619 0.171954
570.000000 580.913452 182.966431 15.521484 36.179840 0.111802
570.000000 622.655701 183.153839 17.186279 37.523438 0.105039
570.000000 535.887573 187.563492 12.765381 30.819153 0.104738
570.000000 598.749634 190.776169 14.617310 34.005157 0.083545
570.000000 557.100952 190.711655 16.168213 35.506134 0.082307
570.000000 32.255852 150.520111 18.703560 46.110504 0.081505
570.000000 140.649765 149.605194 14.329529 35.595612 0.073741
570.000000 385.151184 173.808228 16.368164 37.729034 0.073518
570.000000 571.394592 181.747177 12.545898 31.877289 0.070398
570.000000 525.033875 184.109177 10.531982 26.183167 0.070008
570.000000 399.861755 173.134827 14.199524 33.153351 0.060527
570.000000 170.181351 184.152161 12.110809 30.655426 0.060242
570.000000 566.410156 192.748779 14.314697 31.366211 0.060098
570.000000 0.947758 159.511917 22.234419 66.593567 0.056507
570.000000 547.721313 186.819580 12.666138 31.087036 0.054754
570.000000 47.718220 150.074615 15.364243 35.935669 0.054575
570.000000 0.017450 156.807541 11.767113 54.563263 0.054289
570.000000 518.488770 177.620255 14.416626 36.715302 0.053257
600.000000 596.031372 174.091019 24.332764 60.264893 0.910018
600.000000 569.002930 180.179337 32.029907 75.443695 0.867370
600.000000 579.293701 180.056488 22.964478 53.132233 0.480164
600.000000 582.688782 178.911453 15.108521 36.937927 0.332525
600.000000 615.259705 162.575165 24.730591 99.208527 0.324255
600.000000 607.011658 179.204224 17.654419 42.491638 0.323121
600.000000 597.367249 177.289841 16.364380 38.024872 0.258225
600.000000 433.523682 181.019989 10.425598 29.180115 0.193870
600.000000 421.942047 186.726166 13.119812 31.838348 0.192539
600.000000 387.495178 176.714111 16.536072 37.850861 0.188415
600.000000 382.612030 175.427414 24.241516 52.700500 0.139055
600.000000 438.071838 163.397278 23.770691 61.470459 0.129854
600.000000 537.148071 184.671722 22.992432 59.575043 0.126525
600.000000 611.641907 176.787476 20.066406 54.781677 0.110206
600.000000 489.431458 188.608841 19.949158 45.002228 0.103265
600.000000 18.300488 179.248505 17.853088 48.815277 0.101141
600.000000 135.326553 128.416458 12.463409 29.511322 0.096751
600.000000 442.740082 166.358551 17.311646 41.946594 0.079724
600.000000 506.306122 161.168350 24.724701 62.966522 0.074106
600.000000 346.645172 179.809891 18.250793 44.545258 0.073892
600.000000 14.091373 188.859344 13.902679 35.824219 0.069351
600.000000 345.100861 179.516006 14.513000 33.432007 0.064947
600.000000 428.512085 179.555267 18.142639 43.000183 0.059507
600.000000 408.995361 185.608887 13.939514 31.528046 0.054186
600.000000 548.653625 189.703964 12.453735 29.245941 0.054102
600.000000 127.742516 129.249908 11.982948 28.955872 0.050127
630.000000 619.645508 178.250275 19.749634 64.344910 0.539909
630.000000 101.987167 181.053085 14.815475 34.661224 0.193185
630.000000 621.560242 184.190018 14.195557 36.715881 0.191285
630.000000 621.314209 199.566711 15.045654 38.909912 0.190568
630.000000 391.978363 175.928833 24.396240 55.721924 0.156939
630.000000 361.322510 180.015457 13.229492 32.095856 0.153699
630.000000 439.149750 184.314362 15.146423 34.713989 0.143945
630.000000 357.432465 184.000931 17.192688 43.429840 0.122688
630.000000 626.781860 177.567368 13.063477 45.532623 0.119787
630.000000 100.730637 195.214508 12.614365 31.015839 0.092700
630.000000 586.755188 148.930573 18.158936 43.380676 0.092493
630.000000 395.251465 175.701736 16.088623 37.616791 0.072790
630.000000 454.809235 187.517197 12.599304 27.969788 0.065330
630.000000 611.635742 187.289627 25.065552 63.407562 0.063021
630.000000 480.942749 161.892181 16.178162 39.040375 0.060951
630.000000 351.330231 182.897720 16.855225 41.775238 0.058745
630.000000 580.139404 148.891815 30.369873 78.308838 0.058740
630.000000 127.286140 134.225723 10.805229 25.437042 0.057729
630.000000 78.650566 200.710312 10.240280 26.968689 0.056840
660.000000 516.285645 187.457687 16.505249 39.702301 0.494725
660.000000 482.759949 184.332642 13.342957 31.733826 0.474683
660.000000 501.878021 183.920197 13.756866 32.192780 0.434195
660.000000 460.322083 183.805222 15.145508 37.304382 0.374163
660.000000 497.866150 186.124161 19.525879 44.581940 0.336059
660.000000 87.979530 175.779358 15.378952 38.670410 0.304744
660.000000 490.565613 183.952347 18.449768 42.728821 0.283851
660.000000 74.937515 174.861115 17.189331 42.609039 0.265643
660.000000 540.396973 186.479843 13.110107 33.377899 0.199857
660.000000 493.662872 185.002777 11.675171 26.663147 0.156922
660.000000 569.426025 227.974442 28.060913 65.776443 0.139777
660.000000 479.325531 183.444061 20.466187 46.572296 0.116308
660.000000 82.441238 173.831909 23.400284 53.895782 0.101439
660.000000 408.500732 176.624756 22.375488 51.641937 0.095363
660.000000 488.132812 185.506042 14.356934 31.135498 0.089794
660.000000 520.203552 184.463608 12.291870 28.110352 0.079177
660.000000 32.042168 202.720886 12.437073 30.523987 0.069830
660.000000 514.248840 185.453522 23.099976 56.991699 0.063162
660.000000 99.715530 190.728638 15.602249 37.227020 0.058250
660.000000 537.630493 184.573914 18.958252 48.027832 0.053670
660.000000 359.009247 184.549026 16.132019 37.568329 0.053591
660.000000 511.591309 190.574188 13.393066 33.870789 0.053074
690.000000 566.810608 173.849716 25.178345 63.489624 0.937651
690.000000 30.826733 195.796814 13.936760 34.327698 0.742723
690.000000 530.326538 178.173645 19.565063 46.869598 0.653147
690.000000 487.120117 177.979019 17.680542 41.267700 0.638400
690.000000 61.054317 191.952728 12.112331 28.658051 0.526110
690.000000 534.359863 180.539688 12.157715 31.039215 0.348774
690.000000 579.380005 177.872116 19.184814 46.681580 0.328556
690.000000 516.561523 181.704819 14.467529 33.805664 0.243839
690.000000 564.540710 177.827362 16.821533 39.335144 0.232841
690.000000 54.926327 188.662537 12.779316 30.560181 0.222669
690.000000 471.711975 174.484680 17.215454 40.725983 0.194034
690.000000 483.589783 177.750824 25.915588 62.889618 0.190760
690.000000 538.954224 185.463120 14.263794 29.949249 0.181576
690.000000 561.803833 181.604843 12.861816 31.427094 0.172622
690.000000 569.217957 177.017761 18.079346 42.872559 0.170620
690.000000 47.848526 202.287628 10.923019 26.428589 0.168772
690.000000 622.474426 183.954819 17.525574 54.695953 0.145743
690.000000 457.206940 170.272125 14.614319 35.131927 0.144933
690.000000 623.755249 185.538849 14.021484 29.319427 0.124283
690.000000 525.789856 179.358398 26.858154 66.340118 0.111796
690.000000 109.047157 158.317688 25.415947 59.391144 0.095906
690.000000 467.740967 170.756760 23.907959 59.613495 0.086672
690.000000 513.446289 182.030319 20.642822 48.358826 0.080862
690.000000 542.123840 185.830688 16.182251 34.962830 0.078377
690.000000 597.111267 181.308655 18.563721 46.324982 0.077993
690.000000 500.440216 182.539337 15.000824 34.288239 0.074329
690.000000 114.621796 160.371552 15.941681 39.233032 0.073843
690.000000 618.461487 177.104553 21.538513 90.420929 0.071146
690.000000 527.351074 184.952881 11.421509 24.640137 0.070718
690.000000 576.046692 178.647827 15.796021 35.724243 0.068815
690.000000 47.377533 177.846512 15.696518 37.484741 0.065898
690.000000 583.661499 181.958206 21.539062 55.167053 0.064806
690.000000 69.364777 191.356827 12.324142 30.478149 0.063812
690.000000 356.642365 180.378525 14.570984 33.964722 0.062625
690.000000 371.180725 186.910950 17.022095 39.318054 0.060668
690.000000 443.772797 173.520721 18.221313 43.209381 0.058992
690.000000 535.342590 183.938690 22.799683 48.920837 0.058728
690.000000 584.654846 182.385742 13.986450 32.029114 0.055692
690.000000 385.268280 193.915558 12.232910 32.293640 0.050009
720.000000 570.356323 169.513458 29.973877 69.909668 0.653634
720.000000 564.209290 168.849213 40.334351 105.402069 0.329355
720.000000 6.761610 198.115540 13.440123 29.857513 0.214798
720.000000 417.675079 169.259277 17.514099 42.809845 0.147362
720.000000 477.114349 161.330261 14.403687 34.970306 0.123701
720.000000 430.453430 195.296616 11.060364 28.880798 0.112886
720.000000 431.461700 185.846695 12.842285 31.901154 0.085843
720.000000 347.504944 177.468979 18.445862 45.221802 0.076725
720.000000 614.394104 173.931381 12.924438 31.996582 0.065967
720.000000 614.527161 170.178131 18.926514 44.620209 0.063829
720.000000 608.281494 168.688751 28.908203 58.433014 0.063644
720.000000 355.572205 175.917114 14.344360 34.058075 0.062401
720.000000 449.040039 168.988693 15.005493 34.999786 0.058659
720.000000 11.482344 196.005173 13.497372 32.090057 0.057979
720.000000 576.062439 169.118195 19.024170 43.419678 0.053924
750.000000 458.721039 184.921753 13.539795 33.471771 0.796279
750.000000 435.380310 182.806030 13.764832 33.650940 0.378053
750.000000 445.493622 198.540848 12.923157 29.111725 0.260127
750.000000 441.559204 184.746567 15.795227 41.094757 0.213044
750.000000 426.639923 186.540237 10.913147 29.480408 0.186108
750.000000 489.867584 185.031693 18.541748 44.810211 0.149477
750.000000 47.447086 191.643799 14.310928 33.378937 0.130481
750.000000 499.191345 186.617508 12.220581 32.439850 0.116225
750.000000 422.982391 189.522064 11.664001 31.273621 0.087249
750.000000 492.037476 183.735764 13.142273 28.527252 0.061394
750.000000 356.274292 174.243011 13.938965 33.735474 0.060528
750.000000 468.901520 197.201324 9.867798 21.284668 0.059493
780.000000 507.843109 184.845947 20.771332 47.860291 0.979993
780.000000 562.044495 175.198715 22.615479 54.689392 0.974398
780.000000 537.244629 179.878006 19.786255 48.985840 0.946262
780.000000 461.471802 180.659851 21.827820 53.790314 0.940943
780.000000 488.120270 180.737534 17.796509 42.261627 0.878976
780.000000 574.288574 161.639221 38.828369 104.908386 0.841662
780.000000 602.059814 173.138351 23.580444 57.865265 0.836575
780.000000 576.319214 170.476089 27.393311 64.577545 0.296187
780.000000 463.742493 182.500092 15.001465 38.119873 0.288039
780.000000 597.154297 173.642303 15.724365 37.187012 0.276568
780.000000 441.917511 187.833954 15.527649 37.139923 0.254615
780.000000 455.337830 186.643814 12.909607 31.835907 0.239078
780.000000 590.102051 175.249084 24.386841 56.304169 0.198877
780.000000 498.090607 187.363358 11.191895 30.146393 0.193207
780.000000 479.350464 181.748932 15.929138 38.630981 0.189923
780.000000 571.545349 176.821915 21.559204 51.098511 0.181068
780.000000 606.304932 171.726105 16.859375 40.527985 0.146579
780.000000 594.520569 172.614365 33.544800 87.280472 0.127974
780.000000 473.874390 186.095627 11.915955 29.960938 0.126875
780.000000 362.024872 198.329041 17.286987 40.832703 0.115025
780.000000 622.179199 237.556076 17.696655 69.039383 0.112848
780.000000 434.801941 190.127075 12.273071 33.253204 0.112326
780.000000 384.451538 176.984894 12.931213 31.893890 0.109765
780.000000 461.530182 181.819702 11.983887 30.408936 0.106447
780.000000 502.266296 187.529846 11.812561 28.937317 0.102704
780.000000 430.435455 194.533127 12.662903 29.963898 0.100581
780.000000 544.292114 180.169220 18.146362 46.618683 0.090718
780.000000 586.027344 192.461487 30.642456 73.299622 0.080711
780.000000 486.510681 177.172134 12.102478 28.405884 0.078477
780.000000 395.662994 201.404358 13.201721 30.045502 0.066618
780.000000 576.195496 175.306107 12.959473 29.855072 0.063018
780.000000 616.412903 229.386505 23.522949 137.355774 0.061197
780.000000 52.339127 195.282898 13.863091 33.691742 0.060256
780.000000 624.471130 141.095047 15.398438 318.367432 0.058711
780.000000 482.991486 180.671494 11.145386 24.775879 0.056186
780.000000 623.436462 175.929337 15.613770 56.380188 0.055708
780.000000 489.377045 175.409607 14.345520 33.424164 0.053071
810.000000 601.906189 166.526642 27.684082 65.243927 0.990655
810.000000 553.986633 178.243958 24.207031 60.544220 0.987058
810.000000 584.965271 167.241440 24.650391 63.708801 0.976871
810.000000 539.615723 172.643875 21.651367 54.052002 0.976195
810.000000 508.704865 175.079712 25.488983 65.033356 0.962136
810.000000 498.759155 172.053894 18.767029 45.778290 0.939216
810.000000 411.354187 183.478760 11.309021 27.903687 0.444900
810.000000 472.471191 190.164291 13.512634 34.033997 0.318921
810.000000 460.526581 190.134705 14.537720 34.379791 0.273376
810.000000 423.402344 184.550308 12.002441 29.302277 0.214236
810.000000 505.088959 175.523575 16.473053 38.874512 0.209332
810.000000 546.724670 174.803452 12.662964 30.788605 0.157989
810.000000 116.650742 191.917801 13.931671 34.700928 0.133523
810.000000 480.972351 188.463318 16.113831 39.756439 0.128182
810.000000 539.375854 162.008881 14.599121 33.826019 0.125396
810.000000 420.393646 184.887848 10.493835 25.854858 0.122325
810.000000 538.993896 175.555786 12.378174 28.560364 0.121126
810.000000 589.512817 167.983368 14.183716 33.323395 0.113935
810.000000 484.816559 186.816360 11.471375 27.382568 0.073692
810.000000 570.012390 179.448120 12.677002 27.898834 0.061657
810.000000 602.787964 167.235977 18.832031 43.632416 0.060532
810.000000 556.326294 179.397781 17.247803 38.810577 0.059210
810.000000 628.300171 166.074173 11.542480 43.924377 0.054425
840.000000 552.746948 161.500092 25.748657 66.257751 0.986855
840.000000 571.877869 160.257385 34.900513 91.741028 0.977146
840.000000 613.174927 159.351242 26.825073 77.935364 0.922303
840.000000 423.653900 176.792908 13.683167 32.911926 0.372263
840.000000 387.372070 161.056824 12.426331 30.751251 0.260431
840.000000 497.300171 183.506744 17.314697 43.423523 0.252183
840.000000 574.054321 168.818588 14.894409 37.757385 0.224071
840.000000 533.692139 182.339752 13.432983 28.996887 0.216094
840.000000 575.693787 160.766800 24.437134 58.589417 0.201390
840.000000 434.831329 177.173813 11.587524 28.886780 0.182678
840.000000 492.182129 187.437851 17.038147 40.465546 0.177897
840.000000 616.820557 157.086990 19.993652 50.993622 0.147054
840.000000 515.903381 182.419525 15.574585 35.892151 0.135032
840.000000 564.589111 168.015854 18.608276 47.527924 0.126689
840.000000 47.902187 178.811447 16.243565 39.696045 0.120766
840.000000 567.586060 150.865601 22.831543 47.723145 0.114960
840.000000 99.802849 163.782776 12.477371 31.646271 0.111287
840.000000 572.630798 152.045959 14.608765 37.005859 0.106238
840.000000 550.658447 166.273758 21.022095 47.566650 0.103672
840.000000 531.138306 180.166519 17.404785 46.027466 0.101171
840.000000 83.432037 163.884323 14.618607 35.422913 0.092255
840.000000 579.845215 156.165298 17.825928 41.872192 0.074042
840.000000 623.998413 150.729294 15.868286 30.975983 0.069609
840.000000 352.263672 170.050110 16.394409 38.024841 0.066504
840.000000 550.416931 169.084625 14.258057 33.843719 0.063423
840.000000 96.051346 165.426407 17.611115 43.987244 0.062886
840.000000 471.613556 167.119629 18.554077 45.966766 0.059092
840.000000 537.639160 172.288040 14.651855 36.577728 0.056479
870.000000 617.487671 217.625137 19.711426 53.282120 0.347255
870.000000 443.499603 180.734161 15.951782 36.503632 0.240882
870.000000 412.859039 178.221512 10.794373 27.897186 0.114809
870.000000 437.478210 179.728806 11.281311 26.687134 0.109415
870.000000 560.460754 196.070724 13.524780 31.514160 0.104647
870.000000 538.514404 201.867020 14.585327 35.622803 0.096259
870.000000 22.564957 147.429214 16.355740 38.567139 0.063973
870.000000 592.727051 199.505234 12.842285 30.175293 0.057636
870.000000 584.850037 193.348999 14.244995 37.036682 0.055348
870.000000 530.006958 192.419495 14.984619 35.118927 0.053145
900.000000 435.290558 189.212708 10.572388 27.201477 0.437074
900.000000 463.738831 183.854126 15.101074 40.149139 0.385980
900.000000 400.289307 167.230865 15.420227 33.244812 0.262083
900.000000 575.634399 200.848389 13.487427 33.725830 0.260738
900.000000 467.355530 183.800751 19.238403 43.673950 0.180808
900.000000 443.956177 187.835907 11.850403 29.169250 0.177520
900.000000 618.617676 203.321411 15.824097 33.284943 0.163679
900.000000 606.919983 197.951981 14.988037 35.782440 0.162886
900.000000 615.068726 203.323196 22.899048 54.893600 0.129689
900.000000 390.738190 162.363083 15.932251 38.294037 0.110798
900.000000 363.602509 173.485718 13.617493 33.604828 0.089002
900.000000 300.638550 163.493271 14.151855 35.617401 0.066325
900.000000 603.297913 193.046738 23.203247 58.433746 0.064883
900.000000 348.980652 181.097977 13.564331 33.370300 0.060458
900.000000 358.955627 183.452148 14.277466 32.558319 0.058975
900.000000 621.993835 201.978561 17.280273 42.401733 0.056714
900.000000 600.482483 201.457428 14.896973 32.786316 0.052714
930.000000 462.648590 188.257355 11.276855 30.799774 0.400680
930.000000 487.666321 180.284561 12.732544 31.460266 0.357276
930.000000 415.019135 168.059845 19.208252 43.666687 0.291810
930.000000 512.530701 182.785873 23.538696 54.566711 0.262941
930.000000 472.616211 184.444366 14.119263 35.367981 0.237392
930.000000 498.838257 185.280640 10.157654 25.752594 0.152811
930.000000 332.693939 178.183838 15.119812 35.823792 0.140342
930.000000 444.240753 190.800140 11.197144 26.111694 0.100068
930.000000 465.065247 187.080688 14.153870 35.331024 0.093842
930.000000 501.803223 184.764099 16.005676 40.952942 0.087831
930.000000 419.247345 166.787399 12.651917 28.805359 0.081295
930.000000 629.341919 169.738831 10.626099 43.316772 0.077342
930.000000 483.901245 185.637466 12.143982 30.389923 0.072190
930.000000 492.686768 183.850647 10.060730 25.131134 0.071957
930.000000 476.961456 189.051651 14.125854 33.312286 0.067986
930.000000 310.802460 161.509903 15.105347 36.264038 0.067862
930.000000 504.005890 185.147293 11.171600 27.227417 0.067748
930.000000 409.887787 167.402756 18.414368 37.696259 0.059771
930.000000 290.796753 163.443405 18.960205 48.059418 0.057531
930.000000 506.688141 183.065659 13.948273 35.316589 0.055281
930.000000 7.731265 180.441986 13.600194 31.115234 0.054825
960.000000 507.539032 178.694336 16.614044 41.191132 0.371005
960.000000 510.521576 175.560532 21.639252 57.297607 0.201500
960.000000 497.092621 189.224426 14.121277 34.100494 0.180584
960.000000 518.076843 183.539749 13.995117 34.583221 0.133106
960.000000 425.221680 170.714279 15.365540 37.042999 0.120583
960.000000 598.692688 215.218231 20.802002 48.545013 0.107761
960.000000 593.769775 186.700348 34.524292 78.289978 0.078162
960.000000 435.570038 173.764313 15.131287 36.455841 0.061798
990.000000 567.850525 186.022598 16.756226 39.299316 0.616383
990.000000 566.258545 185.309235 23.810303 61.565460 0.430021
990.000000 613.630676 182.256210 15.994019 36.829559 0.311618
990.000000 536.944519 181.519409 16.473633 41.384460 0.270182
990.000000 528.972412 168.083527 14.000244 34.463715 0.187703
990.000000 560.735413 184.752838 13.195435 32.488647 0.119321
990.000000 285.773285 179.157272 14.133789 34.857513 0.083250
990.000000 250.043900 168.696091 22.422256 53.223389 0.070185
990.000000 434.226257 154.280060 26.024902 63.189117 0.066126
990.000000 444.318420 157.934509 14.319397 33.550537 0.064165
990.000000 619.924500 184.975739 15.577393 39.598846 0.053677
990.000000 404.955505 179.938843 13.457947 31.413147 0.050450
990.000000 497.686279 150.134827 15.553589 34.756836 0.050285
1020.000000 477.219574 150.535629 21.194214 48.611023 0.403698
1020.000000 482.410461 148.141357 15.422424 34.146454 0.193334
1020.000000 592.218750 142.294174 16.189697 39.324707 0.176017
1020.000000 471.578217 147.837296 30.368469 72.190247 0.137821
1020.000000 567.959351 121.361794 14.978027 36.292381 0.130196
1020.000000 433.543152 164.968109 25.895081 62.759338 0.120691
1020.000000 527.617310 137.207687 15.564453 36.607758 0.101783
1020.000000 568.428467 137.698654 11.799194 29.867310 0.086894
1020.000000 435.850250 167.281403 17.886841 43.108887 0.084421
1020.000000 492.727844 161.476990 19.782104 51.906311 0.084026
1020.000000 231.512527 176.282394 16.469574 39.165741 0.082203
1020.000000 246.582733 174.084976 18.160583 43.382019 0.069677
1020.000000 442.655548 170.940445 12.546265 34.093658 0.055874
1020.000000 450.286438 169.268204 14.274658 33.197479 0.055510
1020.000000 387.646271 172.755432 11.963867 31.425293 0.053102
1020.000000 496.741455 159.933990 13.181580 30.798462 0.052759
1050.000000 541.873779 160.960922 20.984253 47.547089 0.402011
1050.000000 209.206711 184.520401 13.567535 33.343475 0.219576
1050.000000 545.766602 161.427612 13.592773 32.023285 0.158621
1050.000000 536.946411 160.287949 32.392090 72.491241 0.132773
1050.000000 47.226215 195.941803 11.851929 28.346741 0.123333
1050.000000 514.303955 145.875000 31.974731 74.194153 0.095745
1050.000000 555.724487 155.170517 27.342651 70.926483 0.088274
1050.000000 566.542480 157.939682 22.023438 51.063080 0.075973
1050.000000 571.726990 158.338211 12.453857 29.736572 0.072801
1050.000000 238.898010 177.894836 15.999359 38.281555 0.070407
1050.000000 213.936615 184.858887 14.129639 33.838043 0.061930
1080.000000 554.462219 180.767151 19.380249 44.865417 0.658856
1080.000000 581.996277 182.554321 17.059814 39.879852 0.481855
1080.000000 550.580688 175.690598 28.117065 65.444153 0.304813
1080.000000 575.614807 182.685852 27.508667 62.187622 0.288861
1080.000000 11.698448 194.791916 13.142597 31.483124 0.247702
1080.000000 243.665283 181.622437 13.932739 32.282532 0.157913
1080.000000 575.834778 185.616470 13.104980 30.009491 0.133711
1080.000000 556.978760 180.661163 13.570068 30.056610 0.133472
1080.000000 579.310547 182.675446 13.352539 28.628052 0.117132
1080.000000 344.269836 181.441483 15.394409 36.727325 0.116816
1080.000000 561.632629 181.433350 15.327881 37.549591 0.113637
1080.000000 588.083374 188.426605 13.671387 30.390076 0.108698
1080.000000 238.231781 182.736572 20.640961 46.567657 0.096266
1080.000000 569.820251 185.465332 21.850342 52.265869 0.084420
1080.000000 381.963440 181.576553 12.959778 32.863434 0.077475
1080.000000 563.427979 175.425079 13.901855 29.874939 0.068466
1080.000000 542.597656 197.234268 13.187256 31.334930 0.064210
1080.000000 566.935730 181.772217 40.795288 93.474792 0.060365
1080.000000 233.873093 183.759781 12.549469 30.906769 0.052063
1110.000000 604.909424 174.717621 23.458984 60.514008 0.898579
1110.000000 624.151001 181.045837 15.745117 51.822693 0.453127
1110.000000 440.943420 183.587753 13.889465 32.895996 0.153181
1110.000000 230.024933 181.275421 17.162506 41.045349 0.148867
1110.000000 475.516388 183.407455 11.394653 26.956482 0.131775
1110.000000 607.830383 178.901520 17.415771 38.732788 0.112414
1110.000000 553.507812 213.071701 15.936523 37.249756 0.072876
1110.000000 331.798889 178.814590 13.100220 31.447601 0.064198
1110.000000 483.970123 188.299271 14.874084 36.862030 0.058372
1110.000000 616.850952 183.942871 19.154907 51.438873 0.058291
1110.000000 571.593994 181.841904 10.579712 24.821075 0.057217
1140.000000 5.936638 189.720322 16.995703 44.301941 0.304689
1140.000000 453.434326 180.239731 19.621155 44.317932 0.178747
1140.000000 29.995150 194.063812 12.646502 32.142944 0.113737
1140.000000 39.587387 197.124390 12.750107 29.988739 0.094366
1140.000000 200.692123 183.232788 15.512268 35.068451 0.093471
1140.000000 434.701233 168.469421 21.772522 55.871460 0.090745
1140.000000 547.449219 182.443466 23.200439 52.800415 0.078983
1140.000000 449.916107 176.685867 30.602173 59.495972 0.074229
1140.000000 576.506104 175.252319 16.191284 38.546600 0.067268
1140.000000 211.604416 183.772141 15.490692 36.885132 0.061375
1140.000000 0.000000 188.352036 9.367557 41.731384 0.058581
1140.000000 554.999207 176.614716 14.460938 36.508453 0.051360
1140.000000 465.026794 175.418320 11.888184 28.945099 0.050568
1170.000000 590.117371 169.688217 24.540649 64.262177 0.291953
1170.000000 595.713989 171.326370 15.780029 38.433624 0.225956
1170.000000 407.577240 183.517288 15.613159 36.946320 0.106740
1170.000000 581.305603 169.216446 36.413574 87.454147 0.061079
1170.000000 428.408020 177.528641 12.719055 29.268036 0.055087
1200.000000 161.138138 187.581589 10.266876 25.343170 0.243538
1200.000000 553.401917 188.143860 16.743042 40.387207 0.161518
1200.000000 607.768860 140.008865 31.739014 82.738495 0.128781
1200.000000 431.438904 176.608292 12.975037 30.286133 0.101775
1200.000000 458.358429 184.502213 15.858276 37.443420 0.088989
1200.000000 0.000000 190.796036 10.151569 39.758606 0.085197
1200.000000 595.684448 183.253052 21.129150 51.033142 0.083022
1200.000000 607.926208 155.192688 17.697144 42.815765 0.076285
1200.000000 547.809143 188.390579 28.187744 64.562256 0.071035
1200.000000 434.560944 180.235367 13.556030 31.876495 0.069645
1200.000000 596.126831 182.900497 13.111572 30.710052 0.057992
1230.000000 119.985825 187.036926 10.880920 25.969177 0.359675
1230.000000 508.541779 171.291809 17.120575 44.829407 0.306388
1230.000000 503.251221 166.918823 25.420044 62.580475 0.154864
1230.000000 447.747223 182.604065 15.215759 35.240479 0.143778
1230.000000 0.000000 189.754852 16.722858 35.060181 0.098717
1230.000000 453.177612 182.748825 10.689758 28.705750 0.094876
1230.000000 383.262207 183.695007 11.512878 27.329742 0.082873
1230.000000 87.231544 151.996719 11.958847 27.937500 0.068482
1230.000000 41.299351 185.459015 11.142387 26.577454 0.067190
1230.000000 454.181641 181.683533 15.835632 37.689972 0.061547
1230.000000 546.287231 182.448135 16.327271 37.951050 0.060759
1230.000000 238.594223 180.756241 14.592285 35.730194 0.057260
1230.000000 103.556648 92.017761 12.611664 27.710281 0.053915
1260.000000 68.684326 190.441422 11.408539 27.005066 0.465128
1260.000000 14.158381 190.910461 10.149712 23.640778 0.142860
1260.000000 324.757629 161.074371 20.510742 48.981018 0.077740
1260.000000 286.625153 166.361954 13.290161 32.703125 0.075237
1260.000000 328.858459 161.421814 13.780823 34.296722 0.053212
1290.000000 5.596793 190.122620 14.319276 37.647125 0.501939
1290.000000 411.480225 171.087479 13.412048 30.202423 0.145917
1290.000000 556.748657 154.155945 15.200195 37.689972 0.143660
1290.000000 534.138916 154.973068 27.997803 69.885590 0.134570
1290.000000 550.077637 152.516693 25.347778 59.015167 0.108092
1290.000000 580.539734 149.347504 14.345825 33.757507 0.102921
1290.000000 573.879150 147.175293 25.239868 63.661804 0.088167
1290.000000 1.999834 189.815689 20.200504 55.112335 0.082870
1290.000000 413.653961 159.672073 13.892822 33.982666 0.071866
1290.000000 556.482056 152.329590 11.282715 26.425293 0.066189
1290.000000 0.000000 191.694122 11.020634 42.336639 0.063396
1290.000000 28.203682 146.652328 14.084236 32.052582 0.061924
1290.000000 419.193298 168.507095 13.720947 31.438232 0.061643
1290.000000 477.447388 184.813812 16.991333 39.389832 0.061121
1290.000000 232.601898 181.833038 15.034973 35.938599 0.054585
1290.000000 221.901169 183.191422 15.847595 37.254822 0.050448
1320.000000 571.523682 169.374252 25.691650 60.383575 0.760846
1320.000000 566.422424 170.207672 37.349243 88.080231 0.591793
1320.000000 417.335632 185.455811 13.920044 33.219849 0.250950
1320.000000 467.351318 176.550369 9.668640 28.255188 0.246725
1320.000000 463.205475 177.026031 16.143494 38.862396 0.240161
1320.000000 406.975769 178.919250 9.194946 22.072418 0.205356
1320.000000 590.368103 176.869797 17.263306 43.856873 0.188862
1320.000000 576.126770 169.203415 17.177002 40.507507 0.165874
1320.000000 561.706970 177.546265 14.675049 33.996765 0.165251
1320.000000 592.397522 176.906296 12.454468 30.229340 0.144868
1320.000000 411.909668 153.029160 12.142578 30.550812 0.120638
1320.000000 582.425781 173.586929 25.832397 64.780518 0.117177
1320.000000 395.179749 177.929230 10.356995 22.887970 0.115105
1320.000000 198.173798 175.598511 12.600006 31.766052 0.069259
1320.000000 559.348755 176.860611 21.888916 51.691101 0.068513
1320.000000 355.772430 151.678513 16.190002 38.055939 0.060175
1320.000000 468.208313 171.037399 18.877258 47.784698 0.059080
1320.000000 418.005096 181.913147 10.463745 22.932556 0.052935
1320.000000 473.407135 168.281525 14.073792 32.439911 0.051806
1350.000000 584.167236 167.049164 30.381104 73.482361 0.587219
1350.000000 185.780060 168.841415 18.643341 45.089081 0.404635
1350.000000 524.337036 158.122955 20.007568 51.897125 0.277610
1350.000000 188.978729 169.202423 12.691345 31.978424 0.272706
1350.000000 419.122528 177.804794 10.141968 21.723816 0.269811
1350.000000 405.473206 175.434845 9.928101 23.191040 0.266580
1350.000000 395.091736 173.432526 10.857666 25.990387 0.247660
1350.000000 588.804565 166.804031 21.080322 50.561523 0.188999
1350.000000 527.211365 154.598938 14.298706 36.138794 0.140988
1350.000000 517.105835 155.565521 31.192261 75.295929 0.072024
1350.000000 192.104660 175.231186 17.994751 42.599487 0.068025
1380.000000 408.654205 175.747009 10.514404 23.245148 0.602006
1380.000000 561.541931 153.655960 19.701782 47.502655 0.511346
1380.000000 399.968384 174.108459 10.639160 24.735016 0.411248
1380.000000 564.513977 151.999634 14.739624 33.444305 0.265649
1380.000000 529.088806 169.289032 15.883545 38.636902 0.232060
1380.000000 100.008644 177.984039 14.688324 35.927521 0.221942
1380.000000 400.640106 148.905670 19.767395 49.027893 0.158943
1380.000000 556.944580 152.718048 30.557861 73.596649 0.142993
1380.000000 421.716797 177.211121 9.780823 21.334320 0.138247
1380.000000 91.546806 182.197357 16.184753 38.729889 0.127412
1380.000000 404.832031 148.140411 11.954651 25.710114 0.125857
1380.000000 527.103760 171.997070 12.472778 30.684875 0.115012
1380.000000 142.352417 163.067932 21.864777 51.841309 0.108464
1380.000000 405.175293 174.027740 10.646057 24.921570 0.084958
1380.000000 374.078278 185.789536 20.743164 50.031097 0.054329
1380.000000 530.509766 153.053253 13.973999 32.856567 0.051812
1380.000000 444.391235 156.848190 13.023804 31.097931 0.051788
1410.000000 570.322937 157.679428 24.586914 57.756409 0.747917
1410.000000 429.031494 175.630203 10.365417 23.827515 0.675597
1410.000000 414.856842 174.486954 11.391602 26.078918 0.650964
1410.000000 404.393311 176.345917 10.236572 24.433899 0.612388
1410.000000 428.883057 150.848663 12.659058 30.684326 0.445702
1410.000000 122.682144 166.275009 19.000336 45.756348 0.423983
1410.000000 410.204407 152.324875 19.072632 47.745270 0.336364
1410.000000 598.606567 155.408981 22.624512 51.854309 0.296732
1410.000000 179.337860 174.165054 18.588013 44.407410 0.251378
1410.000000 107.808380 159.954346 25.321320 59.474243 0.224651
1410.000000 416.524567 152.726013 11.568848 30.280945 0.208264
1410.000000 573.793152 156.860992 17.384766 36.365906 0.184535
1410.000000 114.293938 164.257263 18.424904 40.839752 0.130434
1410.000000 578.745300 162.465698 20.059082 44.346893 0.123512
1410.000000 410.776428 152.712738 13.372803 33.167633 0.113964
1410.000000 179.951736 170.598068 14.377380 33.942596 0.110851
1410.000000 399.082275 159.038315 11.410217 27.798279 0.100779
1410.000000 424.785706 149.711609 20.083313 48.238892 0.098336
1410.000000 565.106567 157.464417 33.675903 85.274109 0.097862
1410.000000 124.987465 165.875687 13.889763 31.792114 0.088467
1410.000000 458.466919 157.928711 12.645996 29.524597 0.088347
1410.000000 592.884094 152.739716 32.473511 73.286285 0.075606
1410.000000 118.608719 165.585220 31.708252 73.660339 0.069970
1410.000000 372.567200 184.403381 30.719055 74.069794 0.062299
1410.000000 592.261414 159.720886 17.873047 42.507599 0.059428
1410.000000 422.729034 146.944229 10.818970 24.485657 0.055287
1410.000000 483.955414 150.928116 14.659424 34.591339 0.050890
1440.000000 509.742218 145.782654 53.527557 151.347992 0.930448
1440.000000 419.845520 177.633591 10.636292 25.308380 0.851259
1440.000000 615.498718 163.096893 22.044189 55.705170 0.727544
1440.000000 434.423401 179.152634 10.376221 22.973694 0.591988
1440.000000 408.809570 174.640442 11.807190 28.714111 0.432217
1440.000000 403.630066 177.065582 10.090698 25.647034 0.361892
1440.000000 531.682922 145.437592 16.572388 38.344177 0.348657
1440.000000 518.345093 147.567245 38.493530 93.263916 0.218476
1440.000000 525.596863 146.651550 25.941895 60.377258 0.173540
1440.000000 516.108643 196.476517 40.287231 100.401291 0.109293
1440.000000 619.793518 159.450562 15.892456 41.682251 0.108540
1440.000000 613.519836 154.905533 25.207031 115.609665 0.099537
1440.000000 174.555557 175.015793 16.799927 40.551056 0.088666
1440.000000 573.297363 157.993011 12.281982 28.967010 0.087046
1440.000000 169.898727 178.534546 13.592194 34.667908 0.076081
1440.000000 415.165771 174.885010 11.981506 27.204102 0.074253
1440.000000 534.533875 146.740540 22.723877 52.437927 0.068650
1440.000000 427.635712 147.305313 10.961304 23.342407 0.065486
1440.000000 166.759705 177.247803 21.309753 48.467957 0.064198
1440.000000 457.251526 150.476257 14.338257 32.155731 0.062860
1440.000000 616.963135 166.746552 14.360352 37.754333 0.057441
1470.000000 420.473419 181.054001 11.257080 25.877625 0.770931
1470.000000 435.484314 181.675827 11.204956 24.911438 0.660481
1470.000000 481.428589 146.653778 52.689941 166.050751 0.462330
1470.000000 500.167145 145.112976 17.815582 40.867188 0.435059
1470.000000 410.445709 177.520828 13.380066 29.882416 0.333569
1470.000000 518.844971 180.496994 17.991943 42.936981 0.313943
1470.000000 485.491089 212.599731 40.631592 100.903564 0.231521
1470.000000 484.472504 177.231110 23.816833 54.983276 0.224712
1470.000000 490.944550 168.724243 35.589264 72.257904 0.195329
1470.000000 506.218323 149.276627 16.113770 33.226257 0.191639
1470.000000 498.252106 144.972656 13.553284 30.840759 0.163127
1470.000000 493.186462 143.066437 16.428467 40.766663 0.150422
1470.000000 419.936035 152.050446 23.578491 55.151886 0.125038
1470.000000 414.351746 174.856964 15.340759 31.265839 0.119720
1470.000000 410.778473 158.517914 10.628296 28.200043 0.118966
1470.000000 494.082153 144.121719 29.785156 70.049438 0.111456
1470.000000 488.810822 167.710907 19.896545 47.807068 0.083968
1470.000000 426.443481 150.540909 11.553467 25.298553 0.066318
1470.000000 409.747620 162.338943 16.625610 42.053802 0.062427
1470.000000 399.157898 181.550308 10.418762 24.693451 0.061401
1470.000000 465.916016 161.322662 14.030640 32.958038 0.056368
1470.000000 483.248871 180.640350 17.005920 41.357483 0.055710
1500.000000 488.641479 143.290146 66.104492 173.870010 0.992117
1500.000000 423.104248 181.543198 11.001953 26.578766 0.836970
1500.000000 410.100220 179.792496 12.352234 30.078461 0.828282
1500.000000 436.534729 180.868973 11.518372 26.117249 0.827270
1500.000000 427.019135 148.566681 12.008484 26.511902 0.113378
1500.000000 554.718506 171.011230 26.629272 69.844604 0.112283
1500.000000 561.670410 174.497742 18.080811 43.833893 0.073616
1500.000000 503.933838 140.688782 23.496948 53.638580 0.058544
1530.000000 516.753845 141.270966 67.605225 184.565216 0.972318
1530.000000 426.407013 182.461319 11.884033 28.680481 0.880861
1530.000000 413.956909 181.671814 11.751587 30.471710 0.830925
1530.000000 439.350372 182.161758 11.239746 28.146271 0.733319
1530.000000 393.634491 182.765274 9.704834 21.901093 0.184882
1530.000000 405.429779 154.924927 12.218262 25.513580 0.109648
1560.000000 441.962921 183.202682 13.050354 30.211884 0.938964
1560.000000 418.566223 181.699966 13.945007 32.531830 0.885320
1560.000000 430.602509 183.766647 11.299805 29.322571 0.815220
1560.000000 390.822815 185.047882 9.642456 20.299316 0.169169
1560.000000 220.238724 177.965469 13.847107 34.483124 0.114595
1560.000000 166.116333 179.763672 13.401947 34.118500 0.076736
1560.000000 563.225159 182.342590 48.890503 122.904816 0.076207
1560.000000 436.468109 184.633804 12.187012 26.747559 0.069433
1560.000000 14.262396 82.158150 15.522388 33.150635 0.068830
1590.000000 436.322906 182.993805 12.850891 31.382385 0.934288
1590.000000 450.235962 183.982529 12.910583 29.781281 0.914011
1590.000000 424.081573 181.463318 14.173157 32.086731 0.851511
1590.000000 392.452118 185.103165 9.751709 21.333282 0.265974
1590.000000 579.047424 161.486313 16.182251 37.184296 0.169929
1590.000000 445.394501 184.887665 10.760498 27.438568 0.157064
1590.000000 167.764679 178.781311 14.689240 36.607361 0.081075
1590.000000 626.460388 192.081787 13.496948 50.268463 0.072600
1620.000000 465.037445 182.097427 13.388428 32.114960 0.952678
1620.000000 449.998383 181.734024 13.800354 31.938141 0.947783
1620.000000 435.169464 180.013412 14.240417 34.216187 0.891745
1620.000000 399.423889 184.256592 10.653870 21.233521 0.215857
1620.000000 173.396866 177.705978 13.926270 36.312988 0.207696
1620.000000 442.697754 181.850494 11.885803 29.884888 0.111885
1620.000000 459.950653 183.520248 11.976257 29.102814 0.068091
1620.000000 99.845726 183.321457 11.996933 29.670166 0.062974
1620.000000 128.651947 178.492569 19.090363 47.060944 0.059924
1650.000000 452.094391 180.936798 15.360962 37.349792 0.952739
1650.000000 466.423309 182.694946 14.924683 34.452576 0.950569
1650.000000 482.928101 184.308563 14.274231 33.731049 0.946006
1650.000000 406.821472 183.977661 10.801270 22.818634 0.095191
1650.000000 19.475182 77.460808 17.361702 38.471359 0.088630
1650.000000 164.409592 178.209351 15.059937 37.264374 0.054353
1680.000000 459.341888 180.621140 17.010681 41.463745 0.969023
1680.000000 474.692749 184.908966 16.213684 36.919342 0.968484
1680.000000 494.513641 185.741592 15.606384 37.130554 0.934240
1680.000000 424.416656 161.298462 14.322266 35.993713 0.376591
1680.000000 419.931274 158.015015 20.761108 55.434784 0.152532
1680.000000 404.062805 187.507019 12.423096 28.633545 0.084051
1680.000000 135.032303 176.681091 13.771545 33.183685 0.079784
1710.000000 488.542053 186.358582 18.053650 40.621490 0.991982
1710.000000 471.173981 183.153992 18.396484 43.974457 0.977587
1710.000000 509.662048 185.816498 19.552612 46.289520 0.922592
1710.000000 4.131040 79.188736 17.558517 41.945389 0.695597
1710.000000 404.192566 189.932312 12.258911 28.529449 0.165610
1740.000000 512.677979 183.867157 20.415649 45.369690 0.989354
1740.000000 494.089172 180.935440 20.768127 49.035156 0.983775
1740.000000 537.538452 183.116837 21.739990 53.318665 0.958596
1740.000000 411.985870 176.611542 13.368408 31.173065 0.096925
1740.000000 69.146179 177.921539 15.671036 39.116669 0.081325
1740.000000 537.225830 183.360077 15.393921 31.641907 0.052054
1740.000000 410.867096 188.605499 13.832703 30.245117 0.050370
1770.000000 553.036682 180.230606 21.725098 53.678406 0.996601
1770.000000 529.234131 178.165604 22.167969 56.104431 0.994058
1770.000000 578.187683 180.692627 23.813721 62.232025 0.991778
1770.000000 422.322083 188.026428 12.684265 30.560913 0.084573
1770.000000 103.049370 189.039795 18.283371 40.985748 0.050088
