30.000000 538.547363 185.353943 24.165771 57.786377 0.966032
30.000000 586.323303 208.322968 15.288696 35.727753 0.165332
30.000000 601.693054 207.044189 14.342529 33.815186 0.159401
30.000000 547.304382 185.984680 23.201416 56.641235 0.144791
30.000000 558.245117 182.307709 24.848022 62.260315 0.122417
30.000000 216.910934 95.887794 13.214447 31.163681 0.103787
30.000000 593.414429 219.279449 14.199585 32.872406 0.092061
30.000000 552.431213 99.543549 15.724365 37.148575 0.087765
30.000000 616.096863 216.812820 15.279175 35.178711 0.082229
30.000000 209.627899 167.610352 14.809479 33.971008 0.080416
30.000000 452.494019 200.285706 14.436218 33.793732 0.080056
30.000000 572.725342 214.745972 14.411011 33.652039 0.065297
30.000000 184.168701 108.589539 10.575165 25.674896 0.058541
30.000000 223.617706 94.965767 14.258270 32.834167 0.054105
60.000000 540.380432 185.279922 23.853027 58.159821 0.921684
60.000000 208.817612 168.866287 14.809052 34.412720 0.139958
60.000000 593.401428 217.912781 14.645508 34.912811 0.123556
60.000000 217.643677 95.048660 12.990295 31.032959 0.121415
60.000000 225.925964 95.248001 12.242249 29.146225 0.094728
60.000000 603.721802 207.261063 10.925659 28.421509 0.082706
60.000000 15.464203 218.562225 11.727283 26.755524 0.067918
60.000000 616.208130 217.641159 14.521362 33.774933 0.064143
60.000000 572.962219 216.017548 12.911377 31.993225 0.059443
60.000000 546.586060 189.368423 16.450073 36.004913 0.058473
90.000000 542.556396 184.602249 25.277710 60.245911 0.929411
90.000000 561.246826 177.212433 28.257935 71.440735 0.766328
90.000000 593.411865 210.583023 17.678345 43.140594 0.653703
90.000000 586.220886 190.683624 24.631470 60.299408 0.243938
90.000000 553.188049 182.257385 25.763428 62.305542 0.229239
90.000000 581.839661 191.817963 17.689575 42.100250 0.207241
90.000000 616.206604 217.291946 15.542603 34.324921 0.200382
90.000000 584.432007 193.899567 12.341309 29.628387 0.191908
90.000000 589.311279 216.253784 13.935547 33.398712 0.190595
90.000000 589.709167 191.087585 17.733276 41.302826 0.111985
90.000000 621.201416 188.669357 18.662842 65.132568 0.102749
90.000000 580.266907 204.265961 17.232544 43.681580 0.098563
90.000000 552.216248 186.333160 16.200317 38.987457 0.087995
90.000000 540.009033 195.330673 18.682007 46.715424 0.078263
90.000000 595.518555 194.896637 12.047485 27.811127 0.062204
90.000000 602.694519 200.029221 17.650269 40.851166 0.058924
90.000000 621.284180 190.464813 12.854126 32.031219 0.056560
90.000000 610.241028 201.001633 17.184204 40.680634 0.055100
90.000000 572.794922 175.017670 14.026733 37.641571 0.051245
120.000000 549.949158 187.353516 24.369629 62.917694 0.868101
120.000000 567.842529 182.006195 28.527222 68.288391 0.480711
120.000000 207.473907 173.802643 15.741516 37.372162 0.200157
120.000000 556.197754 184.787354 17.344971 44.166809 0.122070
120.000000 558.007385 181.765976 28.011353 66.722565 0.089513
120.000000 624.203857 199.364014 15.694580 50.080902 0.087394
120.000000 613.141663 207.211395 14.422363 32.646667 0.071196
120.000000 625.840149 203.217361 10.408081 28.758942 0.066077
120.000000 562.296082 183.751373 12.122681 29.802887 0.062660
120.000000 555.835205 188.015594 12.717896 27.877228 0.055941
150.000000 575.560120 186.077042 29.693481 73.046127 0.955282
150.000000 211.366348 93.474648 16.002808 36.747795 0.270596
150.000000 40.867764 210.101288 20.215393 48.980713 0.218529
150.000000 579.267273 205.510101 20.556030 52.411133 0.184464
150.000000 587.718872 202.016205 20.174316 56.345459 0.122187
150.000000 472.560272 228.516693 16.338257 35.814453 0.094994
150.000000 551.040405 209.531372 15.083862 38.015350 0.085734
150.000000 53.082550 216.700058 14.742195 36.998291 0.067532
150.000000 206.038483 93.738258 23.927765 53.118858 0.058973
150.000000 626.002686 221.656860 13.942383 45.141663 0.052987
180.000000 182.692032 200.025879 12.578339 33.154083 0.156162
210.000000 159.127029 197.754547 12.970520 29.806824 0.100133
210.000000 442.325592 208.826859 11.472412 25.781464 0.086370
210.000000 181.664154 192.850693 13.806030 33.380646 0.061491
240.000000 594.727844 237.120712 14.783203 31.456406 0.144511
240.000000 477.626373 226.448242 13.232666 31.316742 0.130968
240.000000 176.096191 199.618851 11.391663 28.912140 0.109823
240.000000 545.785217 212.889709 18.125977 44.838013 0.100651
240.000000 464.069550 210.168777 14.405945 34.343079 0.080983
240.000000 591.305725 206.711136 17.576172 40.772003 0.078963
240.000000 589.584839 209.889572 23.472900 62.273758 0.071888
240.000000 132.561340 201.111511 13.853149 32.574249 0.059429
240.000000 580.434509 225.838913 11.307739 29.710571 0.050656
270.000000 26.060051 199.067978 12.407639 30.716431 0.265865
270.000000 97.358490 192.652222 15.707489 33.069458 0.252085
270.000000 554.303894 207.862869 15.384521 37.082703 0.176697
270.000000 582.650879 211.223694 21.869019 51.389862 0.117257
270.000000 140.380569 192.972748 13.517944 32.518188 0.100098
270.000000 524.205566 210.586227 14.092773 35.298584 0.095141
270.000000 85.162140 199.686340 14.951645 34.846771 0.080701
270.000000 90.368492 193.363968 25.289200 47.707214 0.078725
270.000000 128.103104 186.889313 13.387848 31.574677 0.076759
270.000000 31.287207 198.949951 13.147455 32.019012 0.075989
270.000000 367.008209 113.416740 22.375916 53.664009 0.070613
270.000000 21.038206 202.834503 14.821222 36.502319 0.070344
270.000000 518.190125 210.942200 12.162476 30.135406 0.069613
270.000000 206.088715 188.972610 11.903839 30.788116 0.062226
270.000000 20.588951 198.955704 22.777206 51.375214 0.050325
300.000000 152.935898 176.564880 13.360962 34.616791 0.200906
330.000000 116.485825 180.222504 13.052490 33.021790 0.095480
330.000000 84.952415 182.490204 13.159363 32.841614 0.058957
330.000000 75.553406 177.405075 14.939987 36.573975 0.057282
330.000000 110.958725 177.656036 17.007874 44.577179 0.056007
330.000000 93.150192 181.088120 12.633316 31.479614 0.053318
360.000000 125.883163 179.287292 11.989929 32.763519 0.169971
360.000000 143.532974 183.136642 12.223083 31.200775 0.086095
360.000000 120.142609 178.759338 14.881439 39.586334 0.068440
360.000000 123.332436 176.737335 18.714180 46.554718 0.057907
360.000000 175.986816 178.301636 13.289948 32.932465 0.050525
420.000000 21.573608 182.444107 13.772293 33.772339 0.140915
420.000000 0.000000 190.048569 22.451782 78.840897 0.061043
480.000000 0.000000 204.869766 21.749123 67.048904 0.445756
480.000000 154.439621 192.540359 13.158783 32.733368 0.173610
480.000000 180.725586 185.541794 14.513916 34.181366 0.158445
480.000000 498.841766 235.744308 12.334045 29.970688 0.109709
570.000000 39.763924 189.322769 12.566673 31.675873 0.057045
600.000000 302.943634 175.307678 15.876526 35.836365 0.271835
600.000000 592.799805 197.200409 12.123779 28.453156 0.058968
660.000000 210.221802 180.943222 22.043030 52.303711 0.347524
690.000000 494.558472 204.034805 11.776428 27.576477 0.061199
720.000000 601.803223 200.830002 20.426514 43.632599 0.384934
720.000000 598.108337 199.659912 27.572021 69.411377 0.060211
720.000000 47.950623 158.582916 14.739853 35.031281 0.059536
750.000000 189.331177 199.671005 13.084930 33.269409 0.488036
750.000000 588.444641 12.471550 20.465576 43.057732 0.074522
750.000000 550.553711 75.092575 21.155273 48.163300 0.069210
750.000000 0.000000 183.378479 11.046678 50.265747 0.054130
780.000000 46.868767 207.048340 19.944633 50.061584 0.633303
780.000000 115.239418 179.456253 26.364372 64.752289 0.207942
780.000000 126.674622 201.326675 17.618530 43.520142 0.126164
780.000000 610.213745 0.456152 14.579834 27.330975 0.076159
780.000000 162.213409 204.484802 12.454224 31.447845 0.074528
780.000000 468.563232 228.846588 22.368774 47.094818 0.066931
810.000000 586.622559 209.538193 15.107666 32.768005 0.310234
810.000000 21.931885 179.490814 15.044159 34.113342 0.050751
840.000000 72.299385 222.212860 12.631149 32.495056 0.201978
840.000000 125.116325 227.979752 11.024086 26.416290 0.170818
840.000000 134.472916 219.396133 12.617767 30.769806 0.133466
840.000000 49.414768 219.938232 16.401974 38.439575 0.103001
870.000000 52.550808 220.235779 15.938778 41.063049 0.203469
870.000000 468.464447 247.372131 15.337891 35.423645 0.178928
870.000000 181.168182 172.266663 35.858826 82.151367 0.151894
870.000000 457.298676 240.742950 12.141602 27.892212 0.052696
900.000000 66.864357 161.350723 22.376266 52.079041 0.221230
900.000000 62.108200 166.129211 38.218399 100.226257 0.161518
900.000000 544.817932 231.788391 11.785156 27.736664 0.123288
900.000000 584.175842 247.359589 14.007690 32.477356 0.081616
930.000000 136.347137 191.679718 27.191345 66.000122 0.170340
930.000000 140.300659 190.519699 19.359406 45.958466 0.070418
960.000000 512.257263 159.602448 19.741089 53.335815 0.172566
960.000000 515.418396 163.731033 14.675659 35.053162 0.152640
960.000000 531.010315 170.400909 12.254272 29.467377 0.118299
960.000000 528.610901 170.749725 18.604126 44.106323 0.075964
960.000000 482.248901 237.890656 13.147034 33.288635 0.060217
990.000000 624.950623 148.521393 14.428467 36.544312 0.185187
990.000000 617.984192 148.406326 14.415161 33.929077 0.138838
990.000000 605.315918 155.287231 13.651733 30.686859 0.138694
990.000000 454.917358 225.640854 13.785522 34.397171 0.100025
990.000000 609.484802 153.324677 14.162964 32.417999 0.094477
990.000000 404.989594 208.775375 16.056885 35.134460 0.093487
990.000000 207.410461 212.106918 14.978455 34.077911 0.083576
990.000000 408.605927 226.789230 12.076843 29.670670 0.072906
990.000000 449.244141 221.088272 21.400146 50.157272 0.064771
990.000000 436.070862 224.600571 13.533875 32.862381 0.059884
990.000000 86.733757 224.202469 10.342758 25.433105 0.054341
990.000000 601.679199 153.217010 22.265259 50.754456 0.052396
1020.000000 609.784363 188.248322 15.774902 35.963776 0.211307
1020.000000 0.000000 219.254761 11.016500 48.924622 0.079243
1020.000000 323.078186 212.580048 13.681274 33.879639 0.073230
1020.000000 283.666992 220.907639 10.168030 26.853882 0.072942
1050.000000 289.875000 220.523239 9.638062 26.262756 0.062519
1080.000000 585.594910 212.542664 17.751465 38.890472 0.110048
1080.000000 581.097839 211.439896 15.655273 40.011963 0.085420
1110.000000 592.367371 233.794540 12.151367 29.959488 0.224569
1110.000000 583.283630 225.716263 11.843384 27.672943 0.104320
1110.000000 516.645935 218.180435 15.981812 33.838287 0.060327
1140.000000 490.048035 204.841782 17.396423 41.088470 0.418902
1140.000000 510.974487 192.117172 15.655518 36.181274 0.135718
1140.000000 500.913574 207.837280 17.161743 38.013428 0.124223
1140.000000 496.570770 207.461945 13.619629 33.701874 0.093789
1140.000000 443.681030 210.985504 12.978943 29.066376 0.082745
1170.000000 522.915344 209.254745 13.190186 29.540283 0.143313
1170.000000 24.160419 200.035889 11.980251 30.108978 0.124593
1170.000000 161.245743 207.977219 12.762817 26.629913 0.109820
1170.000000 500.075073 222.658783 15.777649 35.697357 0.092282
1170.000000 520.440918 202.984680 12.304443 29.195526 0.086830
1170.000000 549.891174 192.324005 17.505615 45.898285 0.054301
1170.000000 552.032593 213.176666 12.253296 28.637390 0.052749
1200.000000 408.450348 191.365463 12.661316 30.719757 0.146567
1200.000000 625.322571 198.198547 14.180786 39.181885 0.139227
1200.000000 570.442627 204.693649 12.402954 27.537445 0.094958
1200.000000 411.814392 197.400803 11.126526 27.372894 0.080742
1200.000000 549.222717 208.412827 14.551636 30.644562 0.072233
1200.000000 430.394257 204.773422 12.043213 28.395447 0.059880
1230.000000 578.157654 170.661591 25.615723 57.224884 0.668832
1230.000000 582.888489 174.222839 16.999512 39.480591 0.478204
1230.000000 495.816010 200.450760 12.440063 27.746277 0.204971
1230.000000 589.353760 176.913925 11.281372 29.875885 0.195144
1230.000000 599.282593 204.181641 20.211060 48.653839 0.076541
1260.000000 273.841736 22.606506 20.828003 47.402176 0.207558
1260.000000 292.540497 21.126986 19.402588 47.028923 0.172107
1260.000000 600.729980 196.821609 22.135010 44.065338 0.143978
1260.000000 604.172485 175.547699 27.052490 65.854370 0.084415
1260.000000 611.758179 176.643600 15.959351 39.299377 0.080302
1260.000000 449.819336 190.507858 12.482178 28.491089 0.076607
1260.000000 280.375549 22.806742 16.316650 36.339394 0.069787
1260.000000 273.401764 25.375515 14.519714 33.705414 0.064456
1260.000000 505.496674 188.787064 14.001434 30.729523 0.062433
1260.000000 0.066941 195.420959 10.810507 40.122955 0.055643
1260.000000 449.847076 159.866409 23.002808 61.196259 0.055445
1290.000000 549.819763 160.061829 25.264282 64.590240 0.418249
1290.000000 557.585693 153.550583 26.234985 55.128601 0.128687
1290.000000 568.058838 160.216553 26.910522 73.501404 0.101639
1290.000000 553.472656 158.492935 17.819336 39.713928 0.078046
1290.000000 542.030518 179.406845 18.891235 45.101379 0.070647
1290.000000 7.036859 187.242157 11.575676 30.677521 0.068783
1290.000000 624.003479 150.277802 15.938232 49.458130 0.062383
1290.000000 563.944092 154.057632 18.032227 38.290741 0.053386
1320.000000 48.254124 185.732590 9.762299 25.584839 0.163056
1320.000000 485.760132 202.141815 12.221375 30.195221 0.068686
1350.000000 537.488281 204.483582 11.747314 25.361908 0.204663
1350.000000 421.219360 184.706085 16.893616 37.046021 0.054485
1350.000000 459.727600 182.055725 13.047302 30.221283 0.052067
1380.000000 620.762756 184.140594 13.755615 31.332611 0.124911
1380.000000 562.787048 176.321518 15.502441 41.756714 0.066787
1410.000000 524.126282 80.827759 19.487427 47.497116 0.162247
1410.000000 80.029411 193.777283 9.989807 24.786407 0.118585
1410.000000 554.440247 203.561050 11.617798 28.757538 0.113813
1410.000000 536.824219 201.882965 12.842041 29.099396 0.109606
1410.000000 496.023132 49.756607 15.534851 33.618469 0.076521
1440.000000 3.811301 184.142807 13.269880 27.730408 0.088027
1440.000000 420.898651 187.245178 13.898132 34.334564 0.076004
1440.000000 326.379425 170.996460 13.931030 36.050964 0.066907
1470.000000 554.775330 171.418625 17.774170 42.529999 0.164782
1470.000000 540.487366 174.733963 13.544556 29.885437 0.101713
1470.000000 571.746216 169.928329 16.451294 40.690887 0.093328
1470.000000 578.660950 177.843506 17.204956 37.539154 0.063817
1470.000000 11.366400 180.010925 12.780838 30.999176 0.050874
1500.000000 8.980994 180.898788 10.819612 26.870514 0.171164
1500.000000 25.571930 181.519241 9.998829 26.313904 0.125916
1500.000000 34.852821 180.511490 10.936569 26.549103 0.114116
1500.000000 21.711573 182.121979 10.882708 25.032318 0.103262
1500.000000 602.153198 28.726841 14.675415 32.597168 0.077947
1590.000000 100.093216 173.524841 10.440872 27.394836 0.056800
1590.000000 94.147385 173.886948 10.949356 26.996368 0.053262
1620.000000 581.038879 199.535187 13.952148 34.799469 0.156247
1620.000000 504.040192 174.547180 14.917389 36.738525 0.070111
1650.000000 606.274048 179.362289 14.416748 34.595276 0.617600
1650.000000 584.836426 186.018677 17.659668 42.373230 0.424173
1650.000000 603.704956 177.775177 20.799805 49.979004 0.297286
1650.000000 562.005188 186.613083 10.859009 27.118744 0.204747
1650.000000 589.643127 182.753815 16.582764 36.604004 0.176373
1650.000000 101.056000 172.762329 11.745529 28.684906 0.125172
1650.000000 587.588135 181.774384 13.650269 29.987885 0.114982
1650.000000 80.391785 176.230545 13.535614 31.725464 0.108749
1650.000000 547.975464 185.529526 17.141602 39.052856 0.088792
1650.000000 553.666199 184.858582 15.333496 34.597748 0.080253
1650.000000 594.682007 183.219040 17.064453 41.338470 0.075294
1650.000000 8.124765 180.312790 12.449696 29.742340 0.058947
1650.000000 579.323425 183.183960 28.451172 70.063049 0.050443
1680.000000 30.535126 170.749847 12.466263 31.734985 0.313746
1680.000000 21.064367 168.344604 12.509977 31.515167 0.222555
1680.000000 24.683151 171.533554 12.722607 31.030090 0.102956
1680.000000 16.540009 166.093872 13.380116 28.314514 0.101291
1680.000000 52.948154 171.571243 12.049404 27.723206 0.096884
1680.000000 479.843964 187.279022 16.452393 43.479279 0.093422
1680.000000 564.016907 185.544189 18.976318 49.078857 0.081821
1680.000000 34.454422 169.792496 13.121597 31.117615 0.073463
1680.000000 555.922424 183.506683 16.968750 37.647552 0.070069
1680.000000 553.111145 189.304535 12.701538 29.530457 0.063428
1680.000000 62.479416 173.739182 11.714905 29.434540 0.062124
1680.000000 549.556274 193.942871 10.395630 24.976135 0.055735
1710.000000 581.060669 183.293320 17.460205 40.594635 0.635871
1710.000000 574.214661 182.093536 13.212036 31.618927 0.273507
1710.000000 592.706604 186.724838 15.976074 38.192291 0.197696
1710.000000 264.048401 171.609848 11.282410 29.308228 0.148403
1710.000000 572.643188 182.487396 19.748169 44.045349 0.096654
1710.000000 585.931335 182.760284 11.550171 24.092468 0.095601
1710.000000 568.277161 181.163208 30.422607 57.556519 0.060061
1710.000000 88.726105 184.931335 9.804962 24.200256 0.050334
1710.000000 533.170288 184.588562 14.254639 37.132935 0.050024
1740.000000 499.243347 177.086731 16.878845 42.528168 0.246713
1740.000000 52.113152 191.815292 13.057716 32.786713 0.212701
1740.000000 46.150635 189.326035 18.138435 43.045410 0.195170
1740.000000 508.525452 174.284363 13.221924 32.811890 0.132620
1740.000000 501.978424 173.649704 22.488678 51.021606 0.095834
1740.000000 72.075943 193.272049 14.551773 36.197998 0.080907
1740.000000 508.207764 192.803268 15.264648 33.918030 0.071282
1740.000000 261.788025 168.920029 12.715637 30.578156 0.056573
1770.000000 66.001671 188.673157 11.965607 30.014038 0.114836
1770.000000 619.881104 176.390732 16.762207 48.733368 0.097130
1770.000000 596.447083 165.207840 16.488403 41.762909 0.050971
