30.000000 621.625793 149.022186 18.343384 63.679321 0.109499
30.000000 611.531189 170.868469 17.708984 44.224457 0.096569
30.000000 484.200317 178.428360 12.965820 31.859314 0.058867
30.000000 600.390137 182.963913 12.310303 28.029358 0.055059
60.000000 485.846008 175.633057 13.114319 33.194733 0.354977
60.000000 589.339844 183.277054 11.852661 27.694672 0.218218
60.000000 521.818542 178.605331 14.912842 34.653595 0.119200
60.000000 621.844604 155.656143 18.155396 57.669464 0.079543
60.000000 479.873993 174.157623 14.378967 34.031189 0.067448
60.000000 611.469666 167.936035 18.247070 47.400360 0.066233
60.000000 542.269409 176.131592 10.003052 26.925720 0.058115
60.000000 600.963867 183.587769 12.619507 29.262512 0.055304
90.000000 487.014679 176.224731 13.106750 33.187256 0.658779
90.000000 441.105988 129.796234 15.485535 37.412323 0.100941
90.000000 491.656860 181.039703 24.906250 57.746948 0.090142
90.000000 481.504242 174.525620 13.214172 33.228638 0.083937
90.000000 547.713257 182.496628 12.403687 29.169769 0.076803
90.000000 521.237244 180.407288 13.111938 31.605194 0.062017
90.000000 530.254089 175.943588 10.492554 27.403015 0.059919
90.000000 589.875977 180.497437 11.928833 26.831238 0.058709
90.000000 610.944397 168.036194 18.714600 46.936798 0.056921
90.000000 620.904663 157.333542 18.411255 55.901550 0.053702
120.000000 485.287109 175.458084 12.911926 31.505096 0.204233
120.000000 495.369568 176.564133 14.106445 34.070801 0.125539
120.000000 521.113403 177.489014 13.992920 33.608643 0.079050
120.000000 480.360870 173.073685 14.111084 32.890167 0.066177
120.000000 548.716309 179.509064 10.940186 26.602692 0.061964
120.000000 620.945312 146.418274 17.640625 73.719849 0.050325
150.000000 611.831543 169.767517 16.797974 42.181580 0.196424
150.000000 485.221191 175.673691 13.258667 31.518707 0.103859
150.000000 621.207581 156.121857 17.999756 55.995361 0.088725
150.000000 480.322632 172.094177 14.889526 34.449432 0.077628
150.000000 492.224731 179.295242 24.171814 58.723145 0.069696
150.000000 495.385376 178.060349 14.096252 33.333130 0.058154
150.000000 609.538574 153.994812 24.036865 63.184814 0.050765
180.000000 485.989227 173.756012 13.346741 33.118896 0.516057
180.000000 523.962708 174.974823 12.933472 30.500793 0.170947
180.000000 620.982178 143.849945 19.017822 66.909607 0.163720
180.000000 209.365585 172.223984 19.750946 48.822723 0.115241
180.000000 609.644470 149.612289 23.996948 68.199402 0.094744
180.000000 588.395508 179.440369 12.700806 27.221252 0.076965
180.000000 549.185120 180.216431 12.249878 29.041840 0.076138
180.000000 480.317444 171.151398 14.758118 34.206787 0.067241
210.000000 486.393616 183.047043 13.280273 33.967224 0.608868
210.000000 481.145630 182.845093 14.053284 33.121033 0.243396
210.000000 524.504211 182.306427 13.145752 34.042175 0.172516
210.000000 611.965881 177.761963 18.148682 44.270721 0.098756
210.000000 622.499023 167.008179 16.454346 54.841949 0.074659
210.000000 589.658386 191.021362 11.069580 26.896698 0.057295
240.000000 212.626160 188.123199 15.914703 37.868347 0.404103
240.000000 614.004456 124.744370 25.995544 108.527588 0.368611
240.000000 221.983398 188.210419 14.315582 36.115936 0.175208
240.000000 482.104126 185.288330 14.834778 35.276459 0.153360
240.000000 569.413757 190.843292 10.556396 28.384460 0.106360
240.000000 99.469330 167.359283 23.480789 62.618866 0.097427
240.000000 487.434967 186.811890 11.780029 31.217163 0.094132
240.000000 556.745483 191.597458 10.444824 26.265228 0.093503
240.000000 50.527435 185.968826 20.441597 48.419525 0.075845
240.000000 173.836090 181.896530 14.216827 33.726013 0.069133
240.000000 103.575081 169.173737 16.335541 37.601532 0.065463
240.000000 525.775879 188.091904 12.938599 33.082031 0.055832
240.000000 567.206055 188.359238 16.237305 40.220581 0.053606
240.000000 206.119873 190.490295 13.653198 34.043976 0.052923
240.000000 599.677368 124.981560 28.638916 79.463753 0.051257
270.000000 492.412842 190.553665 15.494873 36.345306 0.557036
270.000000 548.428162 187.211441 14.862793 37.724243 0.364046
270.000000 221.765030 191.307297 14.947327 36.560425 0.273020
270.000000 497.950806 189.137573 15.186035 36.679199 0.173342
270.000000 534.007935 187.027328 17.181885 41.337769 0.154916
270.000000 365.907806 208.681503 15.786987 34.982788 0.138954
270.000000 237.270096 199.718445 11.849945 27.061188 0.127519
270.000000 539.953247 186.036987 13.411377 33.506012 0.104243
270.000000 565.729919 190.902008 10.559204 27.479462 0.103830
270.000000 535.095459 189.024658 10.795898 31.288666 0.100805
270.000000 491.556366 189.691025 11.306946 27.879761 0.099711
270.000000 528.853210 191.139725 17.178711 38.341034 0.097354
270.000000 343.951660 199.998322 18.892090 46.891510 0.086165
270.000000 503.279144 187.837189 12.750641 32.750641 0.082504
270.000000 255.320145 197.704269 16.095963 40.597565 0.081338
270.000000 228.959854 192.458755 14.494354 32.942078 0.061305
270.000000 616.395569 192.819885 14.572388 32.527069 0.053204
300.000000 206.241104 190.140472 14.344025 36.157471 0.157880
300.000000 225.043854 197.831848 12.448334 31.693573 0.136639
300.000000 509.310913 184.627594 13.787231 37.951447 0.134447
300.000000 505.972534 195.864990 14.464600 33.362488 0.109379
300.000000 235.399094 199.242004 11.979156 28.577911 0.095683
300.000000 216.440552 194.972900 14.007538 33.342224 0.090624
300.000000 269.315979 195.641602 13.646118 33.474091 0.083278
300.000000 148.463226 159.407486 13.911285 32.564758 0.057304
300.000000 230.272766 198.480438 13.628143 31.531982 0.057295
300.000000 201.381653 194.809845 12.918091 30.384644 0.055996
300.000000 545.225281 188.934891 17.292480 38.231750 0.054481
330.000000 205.915649 183.459152 15.713837 38.309509 0.553242
330.000000 195.949341 181.447937 16.091675 38.147186 0.378193
330.000000 273.338074 192.681992 12.818176 33.720978 0.291267
330.000000 212.975204 183.037949 12.701385 31.672302 0.235109
330.000000 477.068481 15.561113 17.228943 39.867302 0.233371
330.000000 215.546921 190.791016 14.303528 33.740204 0.174125
330.000000 247.689346 191.965836 11.878403 30.419128 0.145095
330.000000 267.789673 192.666946 19.827698 50.412201 0.135884
330.000000 201.041733 182.401520 12.832458 30.421967 0.074398
330.000000 221.186111 191.561005 14.557800 35.567047 0.067790
330.000000 291.916046 197.743713 15.636841 35.471893 0.062405
330.000000 265.605255 194.914154 14.762268 33.951385 0.060116
360.000000 270.355194 184.329651 18.739746 45.989838 0.263048
360.000000 192.690445 178.271683 13.069977 31.601715 0.173778
360.000000 197.423859 179.672379 18.464294 42.635681 0.131237
360.000000 190.071182 178.965652 20.389404 47.768036 0.120478
360.000000 272.258148 184.923767 13.028198 32.977203 0.102772
360.000000 171.643707 182.144775 16.878571 40.409363 0.061940
360.000000 532.049011 184.919739 15.950195 38.803772 0.054613
390.000000 185.870575 174.926086 17.300598 42.742645 0.576419
390.000000 210.971649 173.138382 13.186066 31.578796 0.196289
390.000000 199.438858 174.480942 13.103485 33.412933 0.140518
390.000000 190.875977 179.552216 16.676514 40.405029 0.057474
420.000000 31.180962 151.560440 14.382729 29.110992 0.300141
420.000000 5.498268 139.462708 17.280746 41.489685 0.275626
420.000000 185.763077 172.474136 22.416748 52.694427 0.264700
420.000000 1.140010 133.409485 25.605835 72.665649 0.248792
420.000000 194.445526 173.097366 21.911072 51.364410 0.166500
420.000000 149.683334 170.929596 16.252838 40.157135 0.157814
420.000000 178.493286 182.438568 18.002441 40.485535 0.099833
420.000000 202.111954 174.772125 13.944611 32.388184 0.094005
420.000000 0.127469 136.838776 15.833920 45.256409 0.089293
420.000000 500.256073 210.304520 14.348541 34.890564 0.050918
420.000000 77.921478 201.250076 17.034378 41.284241 0.050641
450.000000 586.983337 178.326477 17.693848 41.071686 0.686718
450.000000 265.485718 184.541229 21.053650 49.441864 0.598466
450.000000 613.095032 186.969757 10.673584 27.578644 0.367191
450.000000 174.030548 161.252029 26.226105 65.850342 0.347180
450.000000 617.663696 186.733795 10.575073 27.467712 0.340803
450.000000 522.703857 212.425323 14.252930 33.369781 0.308022
450.000000 577.999023 179.182877 17.170776 41.284576 0.292765
450.000000 619.632141 183.748764 17.372192 43.996094 0.266846
450.000000 23.876930 200.607712 17.487175 42.338257 0.248155
450.000000 47.313141 33.744011 17.816048 39.898102 0.230359
450.000000 574.381897 176.058502 24.424072 59.478180 0.205482
450.000000 622.264465 184.838791 11.417725 30.110687 0.200561
450.000000 453.774597 201.698120 11.759216 30.038025 0.157406
450.000000 466.861389 205.871902 11.361267 27.137482 0.154952
450.000000 170.946381 169.310074 18.859009 46.559906 0.138641
450.000000 89.389633 91.721992 15.082947 34.823074 0.135787
450.000000 608.046753 186.146225 13.343384 30.628601 0.133204
450.000000 154.221817 173.420609 14.342621 31.726715 0.132036
450.000000 532.122131 208.645966 12.581055 30.148743 0.129874
450.000000 258.953766 177.443237 15.694824 41.128571 0.118412
450.000000 266.561096 184.190125 14.026123 32.972137 0.101416
450.000000 44.398434 31.637411 24.353352 61.480682 0.089777
450.000000 627.823486 174.943848 12.079834 40.778198 0.084257
450.000000 532.156250 161.975464 13.581421 29.711121 0.079698
450.000000 69.644646 75.416206 14.763580 35.312653 0.076487
450.000000 470.489929 206.815521 11.382019 27.516510 0.064012
450.000000 543.963257 216.248962 14.575806 32.959808 0.059160
450.000000 152.595627 172.579071 20.529205 49.414032 0.055174
450.000000 613.593079 184.956512 17.330933 42.599121 0.054081
480.000000 129.346115 164.017456 24.902649 61.753540 0.769768
480.000000 147.222946 165.176239 24.888153 62.549805 0.657697
480.000000 187.446899 169.186142 18.003601 41.371460 0.357808
480.000000 594.113586 148.753860 14.646606 34.526123 0.151638
480.000000 129.894104 165.133575 18.391113 41.100677 0.114332
480.000000 137.318939 165.833099 13.685120 30.143066 0.085384
480.000000 118.677780 160.828384 13.757980 35.572693 0.080238
480.000000 162.773621 164.394669 20.513397 51.444885 0.065907
480.000000 68.581932 80.875038 14.742737 33.950562 0.064430
510.000000 547.188599 203.937927 18.718628 46.737061 0.308117
510.000000 141.387375 174.533249 16.708282 40.148560 0.219725
510.000000 101.364601 173.657181 17.214233 42.529297 0.167074
510.000000 127.077446 184.809357 18.927864 47.429382 0.132562
510.000000 86.753448 174.797501 13.364532 32.765625 0.079381
510.000000 534.039734 207.222122 17.182129 38.475433 0.056490
540.000000 497.554596 174.310059 16.149017 39.384186 0.464950
540.000000 508.843018 178.253967 16.661499 38.395660 0.262545
540.000000 123.456039 171.145157 20.393402 47.410370 0.256515
540.000000 80.246185 167.498810 14.560867 36.390747 0.240214
540.000000 581.695618 160.598801 13.325562 32.309235 0.137291
540.000000 74.202469 166.846283 25.625916 62.995728 0.126418
540.000000 143.569107 185.137238 15.136810 38.565521 0.052530
570.000000 218.788071 166.647278 22.732574 60.326721 0.443564
570.000000 10.175177 206.858978 15.032635 36.682373 0.417232
570.000000 420.474518 184.361618 16.741272 38.105377 0.214170
570.000000 521.666687 175.531281 16.270996 41.673431 0.165218
570.000000 13.549058 207.242783 19.953060 43.692474 0.139207
570.000000 377.470673 171.909805 14.101135 35.946259 0.111442
570.000000 533.982361 176.253723 16.083618 41.262054 0.081925
570.000000 80.658539 160.122681 17.299500 38.267303 0.061234
570.000000 248.480194 165.233383 21.568054 53.432953 0.058231
570.000000 24.673630 190.298767 27.822708 62.566345 0.055264
570.000000 87.838829 159.002319 20.543930 47.602783 0.050560
600.000000 51.105122 153.915665 34.547756 86.616913 0.549113
600.000000 64.326897 165.715195 25.256287 58.942322 0.271070
600.000000 203.813950 181.907089 17.675018 43.858765 0.238436
600.000000 102.921616 185.822968 15.063354 36.658966 0.198519
600.000000 74.242638 153.408386 15.533539 38.166748 0.195960
600.000000 547.225769 160.055420 22.414185 57.736359 0.157362
600.000000 74.408630 182.539017 18.061508 40.581787 0.117899
600.000000 570.389343 177.422073 17.057983 42.743835 0.114891
600.000000 177.220032 171.880737 22.747864 59.416931 0.096104
600.000000 582.497375 177.775574 16.019653 39.417511 0.068573
600.000000 71.387848 152.613586 24.602188 60.364746 0.068533
630.000000 1.620318 148.906189 26.372906 66.756256 0.517953
630.000000 150.159180 192.427139 15.522766 38.651001 0.458050
630.000000 30.579832 175.019516 17.819109 41.374634 0.237975
630.000000 53.720730 190.501175 11.229755 28.716156 0.215002
630.000000 77.644447 176.746613 18.275238 46.903290 0.194116
630.000000 592.809326 135.376282 38.768433 112.586548 0.193236
630.000000 1.839993 204.719391 34.102554 95.325256 0.191593
630.000000 36.207092 144.363876 12.289024 28.139923 0.181088
630.000000 4.785309 149.970322 18.880445 44.791138 0.161295
630.000000 110.805336 191.708069 9.868118 23.876465 0.098615
630.000000 604.505310 136.832886 26.937500 74.358887 0.097890
630.000000 62.544621 189.317139 12.326984 31.384064 0.087417
630.000000 13.630888 173.655716 18.089779 43.398926 0.068797
630.000000 494.498352 176.838364 17.648193 46.732239 0.061530
630.000000 91.715012 190.199707 11.939072 27.305603 0.059861
630.000000 0.000000 151.728775 14.009737 57.396576 0.059417
630.000000 608.627380 134.176559 16.568359 39.773193 0.052620
690.000000 67.036850 168.782028 25.607285 63.042358 0.133031
690.000000 143.036392 173.315964 13.675415 31.677704 0.107320
720.000000 601.150146 101.754723 21.775269 54.050468 0.470542
720.000000 486.360413 167.935806 11.102417 25.564331 0.410852
720.000000 561.253784 128.846375 16.780151 39.744171 0.315153
720.000000 497.438477 154.403595 18.003601 42.241241 0.295950
720.000000 0.000000 99.234077 30.370102 129.972198 0.267039
720.000000 603.187744 103.139023 15.573486 36.764084 0.248194
720.000000 12.086294 105.880745 25.458796 57.103233 0.134477
720.000000 70.150047 180.573059 14.051392 32.119141 0.118392
720.000000 2.462063 107.777054 30.355316 72.192749 0.099954
720.000000 566.072876 120.362625 16.983765 39.769623 0.096622
720.000000 165.425629 174.954926 11.600586 29.434814 0.080243
720.000000 612.561890 109.635101 11.379639 26.309326 0.063190
720.000000 0.561004 106.569298 18.885441 55.134422 0.057779
720.000000 148.915100 173.464325 13.333191 33.437012 0.056435
720.000000 14.487262 107.143143 16.652348 42.130615 0.055136
720.000000 490.166687 168.629242 12.317200 26.011414 0.053933
720.000000 547.275330 159.404480 11.080078 28.521942 0.052850
720.000000 480.821259 167.179916 10.710083 24.428467 0.051111
720.000000 129.910080 157.524612 13.719696 31.600555 0.050895
750.000000 527.555115 168.627563 13.502319 32.892853 0.515778
750.000000 534.359741 170.575989 12.350830 30.713409 0.205388
750.000000 134.112137 180.856873 14.249908 29.721832 0.156540
750.000000 550.702515 175.939621 14.608643 35.608521 0.132705
750.000000 93.634598 187.129562 12.730118 30.753265 0.126047
750.000000 66.108330 149.851318 17.462921 42.421906 0.125338
750.000000 451.820740 173.095901 14.997192 37.238586 0.099325
750.000000 122.892845 181.006683 13.224632 33.201477 0.094817
750.000000 61.555489 145.244064 23.705185 62.595947 0.090494
750.000000 103.569328 191.415085 11.569702 28.162079 0.081217
750.000000 53.203285 187.726074 13.476562 37.901306 0.076580
750.000000 183.587463 176.297150 13.061310 32.521454 0.066824
750.000000 6.499573 149.297760 25.794949 66.624573 0.056097
780.000000 591.550293 186.342300 12.073486 27.246704 0.447366
780.000000 585.818787 187.941391 10.397095 24.064301 0.352875
780.000000 65.092850 182.954712 12.032562 28.945312 0.330513
780.000000 137.687637 180.808701 17.950989 41.700958 0.244108
780.000000 75.140129 180.705093 14.924545 31.471222 0.212492
780.000000 4.491630 130.746048 23.088055 56.036957 0.162655
780.000000 192.532333 188.031342 13.701599 31.870911 0.113920
780.000000 48.516605 185.191849 12.361702 28.806305 0.108673
780.000000 12.893297 186.437820 13.780857 33.748566 0.092433
780.000000 159.158371 189.346527 13.168884 30.002380 0.080668
780.000000 21.983004 178.462036 13.294901 30.653442 0.079388
780.000000 586.331848 183.325012 19.862915 45.600067 0.077735
780.000000 578.640747 191.506027 12.466309 28.191803 0.068519
780.000000 21.369179 188.292343 12.669456 31.474182 0.061097
810.000000 29.049006 195.236008 14.333265 35.507385 0.184015
810.000000 64.493095 190.637222 13.569580 28.347473 0.172619
810.000000 52.352543 188.572327 12.439442 27.509369 0.166525
810.000000 419.412720 180.058487 14.093445 33.310120 0.156380
810.000000 88.971207 199.652512 15.549927 35.890289 0.116770
810.000000 436.345642 180.127365 13.195435 33.144867 0.111234
810.000000 0.642404 179.050430 17.254196 46.127380 0.093216
810.000000 22.907394 197.313385 16.850811 39.598877 0.092457
810.000000 72.538116 198.263626 14.214203 35.294281 0.070045
810.000000 2.927486 177.697678 24.059338 62.483337 0.058717
840.000000 536.871338 166.383423 16.203979 39.701843 0.533550
840.000000 503.471863 166.276627 21.478394 49.801056 0.434062
840.000000 532.341248 163.680542 23.434692 55.545105 0.322956
840.000000 505.690155 166.205582 14.537628 35.287140 0.315787
840.000000 541.782043 166.976212 11.840332 28.025940 0.211547
840.000000 488.197601 166.655594 12.730042 31.875671 0.204240
840.000000 476.963135 166.270004 12.962036 31.659424 0.197650
840.000000 533.657471 166.605606 12.381470 29.621826 0.142706
840.000000 565.632385 153.246872 10.651855 28.296539 0.137921
840.000000 139.118500 176.074295 13.722626 31.949707 0.131846
840.000000 525.244141 167.679474 13.660889 32.624542 0.118969
840.000000 409.699005 175.823090 13.059021 31.996582 0.106594
840.000000 481.973785 166.613220 11.112549 27.937531 0.102145
840.000000 573.047363 155.687958 11.371704 26.762848 0.088656
840.000000 179.172684 160.037384 21.693817 51.980225 0.083331
840.000000 147.020752 125.560654 15.638153 34.962616 0.082100
840.000000 469.010254 167.463501 14.581787 34.153168 0.069988
840.000000 204.437439 163.167542 14.266998 34.873566 0.068497
840.000000 554.793823 163.898834 15.032349 36.035065 0.063175
840.000000 466.248810 166.988892 11.286438 29.631073 0.061805
840.000000 482.688080 165.439972 18.403564 46.718872 0.059552
840.000000 500.922028 169.849396 17.188446 40.019043 0.058923
840.000000 182.338074 179.863358 14.637238 33.299286 0.054069
840.000000 520.092468 167.561615 16.857056 42.596649 0.050922
840.000000 472.586884 166.245026 19.695374 48.217621 0.050343
870.000000 513.582092 159.384338 14.239990 36.265442 0.668138
870.000000 397.832642 173.523590 16.804688 41.222778 0.308796
870.000000 580.103760 163.323700 16.272461 38.358398 0.272322
870.000000 102.719887 166.347778 17.330063 44.117065 0.197913
870.000000 498.048035 157.280991 20.394104 48.531219 0.165017
870.000000 570.257324 160.460464 13.272339 34.539948 0.136591
870.000000 402.919373 174.446014 17.250366 42.745819 0.132290
870.000000 495.108124 173.045029 13.682983 30.906525 0.131335
870.000000 507.783081 157.129593 21.439453 52.724121 0.123683
870.000000 106.814980 179.753082 14.099655 32.990906 0.101071
870.000000 585.066223 164.188049 16.555908 40.455353 0.084462
870.000000 501.820557 158.027618 14.500610 33.748688 0.071917
870.000000 576.440491 161.357605 23.735352 58.249542 0.064649
870.000000 571.630737 159.208359 10.151855 24.404816 0.059233
870.000000 584.191101 161.720993 10.988281 26.790222 0.051297
900.000000 575.301453 170.203186 17.957275 40.919922 0.171209
900.000000 505.791382 158.457520 19.097290 47.666992 0.135738
900.000000 587.959656 170.451248 22.514771 51.087921 0.104350
900.000000 43.661789 160.711548 16.151497 40.306305 0.097435
900.000000 567.202332 166.351593 29.203491 57.965881 0.054858
900.000000 508.361969 161.467010 13.284882 30.376892 0.050916
930.000000 112.649948 154.416748 12.308167 28.266266 0.350744
930.000000 132.865753 143.717743 11.695770 27.331390 0.232591
930.000000 73.684280 120.793701 17.754181 40.350311 0.146763
930.000000 145.383606 147.993149 11.009521 26.359924 0.134895
930.000000 139.365891 146.372040 11.920349 27.903961 0.101541
930.000000 577.316528 135.305344 31.033813 72.678925 0.096869
930.000000 586.894592 134.266312 18.078369 45.893097 0.096656
930.000000 552.223145 129.183228 25.169434 62.739899 0.076747
930.000000 136.275650 144.774902 17.790192 44.031006 0.076459
930.000000 70.713890 120.814240 24.480164 61.780731 0.060798
960.000000 19.728188 153.290710 16.882954 41.473145 0.478366
960.000000 594.303711 96.019463 15.613159 41.587929 0.203558
960.000000 40.566059 138.062164 21.858017 54.541473 0.150857
960.000000 63.219246 159.683197 13.890701 30.879730 0.122199
960.000000 62.503029 127.505615 17.787613 40.956573 0.097278
960.000000 580.604858 99.418320 15.308594 38.601562 0.087787
960.000000 59.635479 126.178345 23.476559 64.139465 0.068688
990.000000 468.342987 127.317429 23.200928 58.439392 0.103316
990.000000 613.117615 129.426254 13.527954 33.185394 0.077426
1020.000000 411.926300 171.565109 16.742065 40.519562 0.481758
1020.000000 11.605117 174.608200 19.334377 46.190033 0.349150
1020.000000 525.928345 174.674301 13.869141 35.850708 0.283560
1020.000000 113.098770 143.821777 13.149246 31.645111 0.259128
1050.000000 538.873657 155.135727 10.791626 29.540863 0.209950
1050.000000 487.581177 159.387695 16.696594 37.580566 0.175489
1050.000000 24.322775 131.527557 15.424067 39.647644 0.147069
1050.000000 570.151917 169.758118 12.044434 29.705414 0.091111
1050.000000 0.535801 129.889389 15.260906 42.328064 0.079807
1050.000000 535.120361 156.092163 16.070801 40.951111 0.077793
1050.000000 430.770996 142.990723 20.169434 49.279419 0.050982
1080.000000 553.495056 209.161743 14.905029 30.063904 0.097337
1080.000000 489.860046 182.387207 15.557800 38.392548 0.092264
1110.000000 500.909973 163.014404 14.709717 33.103424 0.308888
1110.000000 487.649689 161.018570 18.126404 41.505737 0.256252
1110.000000 533.741821 167.498932 14.933105 35.648224 0.169485
1110.000000 102.415848 136.222153 13.213150 30.698120 0.166334
1110.000000 186.038940 173.847015 11.435272 28.326599 0.130771
1110.000000 497.687897 163.473053 19.753693 51.102386 0.115155
1110.000000 504.732880 158.696579 15.897369 36.103210 0.107562
1110.000000 69.517830 140.898392 13.962433 33.123077 0.089273
1110.000000 493.960052 161.382889 11.966614 28.635956 0.056742
1140.000000 595.651306 136.594040 17.041138 41.538177 0.642909
1140.000000 558.055908 138.766281 14.310181 33.711670 0.403564
1140.000000 18.538353 132.322418 14.550148 39.222443 0.230114
1140.000000 62.520950 132.255630 16.758545 38.556549 0.132257
1140.000000 176.625626 169.895157 13.272430 32.198547 0.128835
1140.000000 603.456360 136.148758 18.309326 42.876007 0.087015
1140.000000 593.257812 135.221069 28.156738 60.776611 0.082731
1140.000000 584.185364 157.057434 14.119507 33.742401 0.079515
1140.000000 607.284912 132.278305 13.823364 28.911560 0.068551
1140.000000 591.293274 148.309692 12.153198 29.017303 0.065230
1140.000000 125.533394 162.776917 16.353493 38.986938 0.060604
1140.000000 589.878662 135.346741 17.625244 41.254913 0.056757
1140.000000 114.405579 160.195786 16.910507 38.283569 0.054259
1140.000000 154.177032 166.339706 13.427216 33.612091 0.050292
1170.000000 123.239494 164.164856 19.998222 46.854279 0.344939
1170.000000 16.365875 173.664780 17.139835 43.596588 0.275363
1170.000000 95.769104 175.464752 13.573151 30.312408 0.248486
1170.000000 495.092010 166.238663 13.101624 31.132874 0.230210
1170.000000 90.542755 16.360920 17.663986 38.808174 0.142312
1170.000000 58.419205 50.763256 12.746811 30.861362 0.127218
1170.000000 106.066101 177.127075 13.029312 31.906525 0.121197
1170.000000 91.512230 175.062393 19.447311 49.981995 0.093887
1170.000000 42.467949 170.671310 17.038704 42.988586 0.078688
1170.000000 35.681515 178.515839 15.088615 37.241577 0.066928
1200.000000 388.040527 159.572128 12.587280 29.435760 0.086486
1200.000000 542.060791 154.876740 21.703735 52.496124 0.058125
1200.000000 0.000000 178.217651 8.824100 48.610718 0.057487
1230.000000 611.044312 164.821838 13.021484 28.931305 0.103477
1230.000000 124.083199 167.193924 14.913628 35.114532 0.053801
1260.000000 619.152100 66.818588 16.669800 44.862167 0.173534
1260.000000 608.586609 163.190048 16.451050 35.653656 0.099223
1260.000000 593.471619 60.232491 13.819580 28.880325 0.075645
1290.000000 90.941071 145.170761 15.907471 36.987793 0.337758
1290.000000 431.303894 161.297394 14.016113 33.951416 0.304327
1290.000000 442.855042 152.210434 17.549011 43.578430 0.066267
1290.000000 259.305084 150.812653 12.849182 30.043182 0.063078
1320.000000 478.063873 144.955307 22.217651 53.361328 0.278079
1320.000000 458.917236 145.792480 15.374695 37.140015 0.202298
1320.000000 469.142395 152.196625 15.924011 37.293823 0.126898
1320.000000 21.468685 136.050247 13.682095 30.986481 0.124955
1320.000000 500.822998 157.639633 14.476746 36.438782 0.089378
1320.000000 38.717640 143.923050 13.382164 32.018890 0.087206
1350.000000 117.361526 155.307388 13.952316 31.624237 0.063240
1350.000000 447.814789 136.611710 24.691467 57.180573 0.054658
1380.000000 501.258331 137.838776 27.315033 65.588257 0.073528
1410.000000 439.493500 166.368500 19.654785 47.894897 0.165761
1410.000000 364.437286 153.524811 17.148071 36.161530 0.159923
1410.000000 19.128883 142.071777 21.967289 53.884247 0.106706
1410.000000 446.891327 151.212433 19.978882 44.449890 0.092603
1410.000000 532.931824 180.441498 15.153687 37.566925 0.090420
1410.000000 376.247131 154.255768 11.209778 27.929993 0.082396
1410.000000 483.042847 155.186859 18.700684 45.141998 0.081498
1410.000000 368.340515 153.673843 19.439087 43.830292 0.074592
1410.000000 527.749512 180.286972 21.867065 54.158081 0.060469
1410.000000 508.812012 159.494965 17.008301 43.982574 0.057639
1410.000000 371.560547 153.640289 13.464111 31.629944 0.055931
1440.000000 15.434033 136.560257 16.109100 35.474365 0.287202
1440.000000 491.085754 142.695251 16.351807 37.235321 0.213005
1440.000000 221.255646 153.793365 9.810394 24.947784 0.177583
1440.000000 565.785889 143.876434 13.947510 32.387848 0.137168
1440.000000 391.276215 145.861786 14.088318 34.166382 0.132733
1440.000000 10.192554 140.784042 14.262464 33.201202 0.096741
1440.000000 379.301147 145.367706 18.082520 42.599823 0.084123
1440.000000 485.370636 140.625107 24.708008 56.178497 0.061285
1440.000000 3.862898 137.047974 14.028120 35.094513 0.060530
1440.000000 574.094788 144.859985 12.094604 30.086456 0.058286
1440.000000 20.859064 135.382339 15.243559 37.772827 0.058004
1440.000000 563.541565 144.622635 19.915894 45.308319 0.056634
1440.000000 31.782024 135.542160 13.023560 32.964783 0.050537
1440.000000 126.333237 139.658005 13.053345 31.595642 0.050445
1470.000000 400.451324 140.765457 25.714539 62.593536 0.145143
1470.000000 470.721832 137.418182 19.570374 45.208832 0.134411
1470.000000 519.914917 142.674316 21.786255 52.100708 0.125105
1470.000000 465.983734 136.588348 28.944031 68.123077 0.096047
1500.000000 179.620178 143.922775 15.778625 40.350677 0.251054
1500.000000 240.840942 146.523483 13.802460 33.472137 0.229853
1500.000000 476.223175 149.741394 18.892517 47.520111 0.222763
1500.000000 247.840729 149.781616 14.164795 33.105469 0.090219
1500.000000 182.306976 142.671585 10.849762 28.296478 0.084062
1500.000000 321.816681 119.712059 15.539429 36.072060 0.074633
1500.000000 485.472290 137.686432 21.980408 54.784302 0.070083
1500.000000 481.191315 143.462616 15.982544 39.380981 0.066123
1500.000000 438.995911 153.370743 22.076843 53.535431 0.060449
1500.000000 575.512207 102.997017 33.654907 71.564873 0.051543
1530.000000 163.159775 156.604218 16.679108 38.313934 0.314836
1530.000000 157.474564 159.791290 17.053741 38.471130 0.306255
1530.000000 581.508240 134.172546 18.001831 41.540924 0.298213
1530.000000 467.157410 112.092247 15.713867 37.106560 0.251010
1530.000000 49.934334 165.340866 12.729004 32.053864 0.178886
1530.000000 463.933929 110.644623 22.980591 53.860443 0.173652
1530.000000 135.312820 153.139297 13.994568 33.871399 0.164821
1530.000000 598.919617 144.856537 14.527588 34.504181 0.081300
1530.000000 464.268158 113.514915 13.482727 31.442909 0.070013
1530.000000 452.513062 108.288864 13.067627 29.167023 0.064615
1530.000000 147.890686 151.776840 14.117004 32.349365 0.061941
1530.000000 579.036377 134.597122 26.398438 61.807281 0.057702
1530.000000 592.844666 143.190887 22.511230 48.817902 0.055416
1530.000000 590.192017 140.205063 13.864746 30.867737 0.053769
1530.000000 613.137390 143.399094 13.691528 30.468567 0.051295
1560.000000 549.688660 126.099014 21.354980 53.433655 0.350183
1560.000000 116.232780 177.436157 11.025955 26.842743 0.221479
1560.000000 150.363403 160.445908 18.123383 42.410400 0.207073
1560.000000 112.383759 153.608734 20.782394 51.089386 0.178114
1560.000000 135.149231 155.738083 14.804138 37.054504 0.157960
1560.000000 82.399338 168.040863 12.575958 30.655487 0.127955
1560.000000 574.802917 76.127670 20.733154 49.548965 0.116238
1560.000000 59.803505 176.784393 15.165314 35.075623 0.115941
1560.000000 100.270134 156.893036 16.479980 46.018372 0.101086
1560.000000 125.469582 160.965134 14.200218 34.546875 0.084256
1560.000000 368.372986 181.572144 13.081238 30.143463 0.083434
1560.000000 484.498444 175.850311 18.253479 39.661255 0.068389
1560.000000 543.858887 122.061584 30.739502 82.758179 0.062281
1560.000000 430.957428 175.738617 16.958984 40.489319 0.061397
1590.000000 58.898003 175.619781 19.619034 46.291138 0.385067
1590.000000 11.422691 152.612885 16.127880 39.652893 0.277955
1590.000000 44.710022 184.198166 14.921463 35.348877 0.206595
1590.000000 85.690636 160.945175 20.193939 51.349670 0.187753
1590.000000 58.614967 175.124390 14.941269 30.895508 0.117813
1590.000000 31.083385 160.094086 14.459145 34.724426 0.115844
1590.000000 20.018646 161.087585 16.052322 41.352417 0.077777
1590.000000 90.897415 161.346268 13.848343 33.251862 0.074254
1590.000000 602.337402 177.857025 19.256836 43.920654 0.073879
1590.000000 23.692411 160.064514 12.399294 27.329742 0.065159
1590.000000 521.209229 176.758865 17.988403 39.749878 0.063357
1590.000000 79.344307 171.978683 13.743561 34.510101 0.057131
1620.000000 110.513863 173.872818 13.547745 32.714417 0.177000
1620.000000 106.360863 175.179626 19.897858 46.320129 0.162802
1620.000000 483.701996 179.887421 17.438416 38.592194 0.132172
1620.000000 500.217438 189.922821 11.775269 26.528107 0.109736
1620.000000 96.374931 184.015762 14.949677 37.078217 0.094545
1620.000000 6.088102 14.815922 18.991302 41.702560 0.067483
1620.000000 518.082153 171.738556 12.423828 30.629333 0.055882
1620.000000 586.304321 178.941055 29.073608 73.176727 0.050440
1650.000000 412.975250 175.592148 11.587585 27.808350 0.128902
1680.000000 478.681274 167.535202 16.481079 37.986755 0.476599
1680.000000 494.336060 160.420761 16.130066 39.974640 0.286724
1680.000000 372.219330 189.772232 17.478455 41.954041 0.136497
1680.000000 593.852844 158.589462 19.295166 43.510223 0.067211
1680.000000 176.581268 193.808105 12.473663 30.855804 0.061806
1710.000000 593.732178 136.340729 20.446411 47.065338 0.231314
1710.000000 502.360992 161.645508 15.591095 38.499023 0.220257
1710.000000 12.125600 136.698196 20.549168 43.501587 0.176495
1710.000000 583.792236 127.657463 18.312866 42.389931 0.155066
1710.000000 550.886963 153.189346 19.692871 47.746460 0.151276
1710.000000 612.932556 112.251450 15.619629 36.697998 0.143177
1710.000000 517.085693 173.377457 15.656738 35.825104 0.128570
1710.000000 526.359070 162.523544 14.663208 36.180328 0.121603
1710.000000 528.538513 177.242783 13.344604 30.222748 0.118229
1710.000000 588.426147 133.268921 33.251221 79.399353 0.099230
1710.000000 566.133911 152.678513 18.005981 44.269379 0.097592
1710.000000 604.891113 108.383423 27.453369 70.694214 0.094213
1710.000000 597.703674 136.964050 13.360718 32.179474 0.090647
1710.000000 536.360657 169.040131 16.031494 37.197693 0.080400
1710.000000 473.591858 165.925903 18.255188 46.547668 0.075351
1710.000000 579.463989 161.172440 17.691284 41.390594 0.074963
1710.000000 562.370239 118.714844 16.331421 37.472992 0.074048
1710.000000 494.904907 159.856323 11.945435 29.350220 0.073887
1710.000000 462.674469 152.551361 26.637939 71.949738 0.073506
1710.000000 555.135803 154.830231 13.924438 29.716034 0.070643
1710.000000 506.403778 164.543762 16.679413 39.460388 0.069137
1710.000000 600.066101 134.318909 18.721802 42.287903 0.058853
1710.000000 587.164795 128.207764 13.017944 29.501709 0.055568
1710.000000 490.665161 159.559311 18.443665 43.357239 0.053540
1710.000000 69.938980 157.768616 28.221603 63.992432 0.051471
1740.000000 559.428467 146.788666 28.737427 63.324341 0.417633
1740.000000 604.779114 157.588226 19.056885 44.999237 0.387111
1740.000000 413.589325 172.445496 16.745300 40.697388 0.370709
1740.000000 614.057007 135.877945 24.447388 70.197754 0.158678
1740.000000 420.000946 172.475815 12.032959 33.172485 0.126000
1740.000000 424.367554 172.148285 14.260742 35.066101 0.125444
1740.000000 537.669739 142.775146 26.938354 66.030273 0.110258
1740.000000 24.503160 157.617310 15.557089 34.681610 0.099752
1740.000000 432.358734 183.374588 17.412781 41.803162 0.069172
1740.000000 458.589539 181.510437 21.352905 47.635986 0.054500
1740.000000 80.029961 190.959457 14.961716 35.752594 0.051625
1770.000000 550.994995 217.128067 18.083496 43.992569 0.362936
1770.000000 581.605103 136.846069 16.532593 36.274963 0.280014
1770.000000 134.548264 184.394287 15.546875 37.748413 0.135279
1770.000000 499.008606 222.202209 16.503052 42.321075 0.097714
1770.000000 588.894287 142.163589 13.370361 32.570892 0.087264
1770.000000 528.030823 208.184326 22.213257 52.282257 0.069298
1770.000000 596.903259 143.465881 12.374390 28.282959 0.059571
1770.000000 602.912170 139.830261 17.926636 37.610504 0.056329
1770.000000 561.853027 215.157745 19.764648 46.367889 0.053473
1800.000000 51.603973 170.932236 15.943123 35.619629 0.126997
1800.000000 502.323853 176.770004 20.035889 45.667908 0.093230
1800.000000 594.760986 167.891876 25.608154 61.028381 0.092183
1830.000000 554.486450 175.338898 17.138428 41.942627 0.397605
1830.000000 537.200439 176.450577 17.030396 39.355103 0.218811
1830.000000 461.101868 183.536041 15.952271 40.372681 0.162393
1830.000000 545.199890 174.471298 14.146973 33.585419 0.126805
1830.000000 231.337860 176.549347 16.102478 38.311432 0.113122
1830.000000 534.668091 173.548492 24.122192 62.736694 0.078164
