30.000000 454.649323 187.483032 11.139954 23.923859 0.415558
30.000000 439.755524 188.844818 12.658325 33.009125 0.266337
30.000000 546.923401 75.867538 12.112061 30.921707 0.166612
30.000000 530.709045 82.879013 16.274902 38.559296 0.093149
30.000000 87.875038 185.840302 12.867554 31.615814 0.065234
60.000000 515.900085 193.505188 16.066895 35.610504 0.648437
60.000000 488.531219 196.472488 13.417969 29.873230 0.300213
60.000000 11.507032 186.835846 11.080296 29.521179 0.267659
60.000000 459.480896 189.527084 11.639282 26.201813 0.139904
60.000000 482.115387 107.353172 18.754028 43.427681 0.113177
60.000000 534.853516 100.210007 14.682129 33.849274 0.080236
60.000000 455.289185 190.228729 12.772766 27.952667 0.073550
60.000000 541.328674 78.204643 24.898193 66.078011 0.053526
60.000000 562.016235 72.173820 13.237061 30.956512 0.052801
60.000000 37.042210 198.891602 12.295876 31.197632 0.052628
60.000000 143.640839 193.748138 11.684235 28.982330 0.052080
90.000000 13.361267 202.339600 11.874229 29.790710 0.470537
90.000000 483.386475 217.769485 14.554504 32.701141 0.095002
90.000000 565.565186 99.541138 14.929932 35.339661 0.082091
90.000000 596.309021 70.163055 15.064331 34.582321 0.078480
90.000000 576.967285 76.307396 20.996826 49.976593 0.071223
120.000000 432.542725 129.565598 15.510193 35.028503 0.197475
120.000000 99.282715 197.458420 10.783997 27.997803 0.093654
120.000000 557.076355 154.525696 12.214355 30.654663 0.072375
120.000000 500.343658 90.756279 15.106781 37.240982 0.071132
120.000000 503.586426 110.738785 16.743530 43.033142 0.053152
150.000000 24.039555 192.542770 10.585987 25.419373 0.094004
150.000000 273.285278 172.965546 10.781921 29.059998 0.083023
180.000000 615.220703 104.975342 24.743896 89.393799 0.094522
180.000000 613.342285 124.604546 15.203003 36.324471 0.084152
210.000000 126.352562 190.454346 10.320137 26.677094 0.074676
210.000000 189.683975 190.845840 11.132782 28.219452 0.072436
240.000000 444.558533 139.926117 11.379761 26.978882 0.145943
240.000000 536.311523 149.570251 11.577271 27.423401 0.145012
240.000000 5.135416 200.882935 13.583403 32.943207 0.050922
270.000000 521.331970 113.653938 15.759399 37.717903 0.106091
270.000000 0.000000 193.576706 9.311319 41.226440 0.091493
270.000000 533.709473 117.169975 13.990112 32.306404 0.087126
270.000000 514.177795 99.705444 15.613281 38.482544 0.076785
270.000000 522.804199 95.620522 20.835083 54.968559 0.065259
270.000000 1.773624 195.075500 11.311394 30.803680 0.055538
270.000000 366.368927 155.073517 16.900452 38.256134 0.054850
300.000000 527.849670 131.759048 16.295166 41.556671 0.177029
300.000000 7.561604 187.339859 14.624283 33.767303 0.101876
300.000000 432.245789 32.085896 14.224670 31.852570 0.090511
300.000000 2.816384 188.629227 13.742208 33.951111 0.074040
300.000000 19.624470 181.292496 14.520935 35.899170 0.064667
330.000000 593.767273 102.809898 18.540771 46.469658 0.545632
330.000000 554.154297 137.708481 13.107544 33.162659 0.423998
330.000000 564.925842 137.204071 12.514771 29.354340 0.158249
330.000000 598.794128 85.015015 25.843018 63.983292 0.135219
330.000000 550.318420 137.208435 18.845215 48.149200 0.114925
330.000000 595.803101 104.045204 12.642578 33.893929 0.084169
330.000000 610.330261 77.788780 15.018799 37.161850 0.079354
330.000000 563.137207 137.672623 17.333862 42.322510 0.074360
330.000000 21.117310 178.524292 21.326382 51.497192 0.067784
330.000000 56.972664 207.262970 12.136566 29.260040 0.060398
330.000000 618.298584 78.318802 21.336792 76.994141 0.056556
360.000000 562.697876 145.703064 12.701416 29.232422 0.190965
360.000000 604.996887 138.116104 20.593628 47.530701 0.121087
360.000000 23.129368 207.012985 9.422817 22.164825 0.109190
390.000000 625.112244 158.692963 14.606079 42.509277 0.258651
390.000000 539.928894 197.350998 16.743774 38.910767 0.178102
390.000000 602.747620 175.573547 14.212280 37.994110 0.118486
390.000000 26.855015 204.884842 11.381622 30.325562 0.050843
420.000000 577.898682 137.326965 15.377197 35.960205 0.670978
420.000000 573.140015 137.990768 22.023193 51.507874 0.279721
420.000000 566.623718 152.714325 13.400391 35.283081 0.195219
420.000000 590.373291 137.442215 11.264160 28.328339 0.186847
420.000000 554.462036 150.099533 15.246704 34.563660 0.138870
420.000000 331.126556 186.691910 12.287109 30.246979 0.135303
420.000000 583.248413 139.467987 25.437866 60.769287 0.059718
420.000000 594.198792 141.078064 12.497070 32.360413 0.050616
450.000000 589.743042 141.982391 22.279053 54.209442 0.292294
450.000000 354.678131 190.930588 11.554321 26.891388 0.180484
450.000000 592.911194 141.401047 13.754272 34.327820 0.117768
450.000000 556.936951 144.956985 13.496216 32.094452 0.112543
450.000000 343.976318 188.842773 12.342102 29.160431 0.059804
450.000000 609.300110 139.875549 11.161499 23.615448 0.056867
450.000000 579.956116 151.712723 19.890259 48.902740 0.050662
480.000000 609.365906 143.414581 17.445557 42.043335 0.362815
480.000000 595.490234 144.908249 17.058472 41.734070 0.103895
510.000000 495.285736 177.027283 12.687927 31.471069 0.336379
510.000000 587.309570 164.814270 14.937744 35.146912 0.085724
510.000000 459.646301 175.018402 15.385925 37.332703 0.066127
540.000000 199.098328 185.588074 12.040375 29.950867 0.171087
540.000000 495.787994 175.785004 16.402802 40.322906 0.136853
540.000000 126.816498 184.952332 12.984161 32.250519 0.133934
540.000000 512.335999 176.455063 13.635010 31.902802 0.126476
540.000000 593.461487 156.313431 29.056030 86.541077 0.112490
540.000000 619.654419 167.421997 20.345581 76.178528 0.087132
540.000000 26.872980 177.644043 13.749063 33.209198 0.074310
540.000000 208.863800 192.138687 11.760376 28.679932 0.061547
540.000000 625.171753 149.384262 14.655640 56.353241 0.056742
540.000000 500.891022 178.555374 12.105927 26.732880 0.052946
570.000000 508.347504 172.514587 11.773285 28.251923 0.221610
570.000000 92.716881 183.032959 14.752914 36.245697 0.117154
570.000000 567.293274 165.215424 15.085571 41.127472 0.050576
600.000000 297.492523 168.738800 21.608276 49.483826 0.521464
600.000000 304.043854 168.980942 13.972351 33.104584 0.297110
600.000000 295.023712 169.475616 16.683228 38.507416 0.283260
600.000000 317.819916 169.765579 17.829346 43.136536 0.123698
600.000000 296.739929 168.799835 12.280151 26.234161 0.122814
630.000000 516.703430 172.166733 12.079834 27.432739 0.405122
630.000000 30.678518 178.424942 16.797304 42.492279 0.187185
630.000000 496.975098 173.959076 13.616699 32.496246 0.125876
630.000000 289.707977 165.886215 18.586487 43.407043 0.121069
630.000000 298.898438 165.842758 17.200012 39.806366 0.109531
630.000000 551.189514 170.389160 13.045776 27.253265 0.092907
630.000000 291.676147 166.118973 12.711609 29.821686 0.083157
630.000000 547.026306 171.432129 9.929932 24.941956 0.077203
630.000000 525.719177 176.438141 14.966187 38.068817 0.061400
630.000000 38.099297 183.278244 12.026115 25.735901 0.061005
630.000000 509.359344 176.002762 10.976959 25.002838 0.054462
660.000000 575.334351 144.545197 15.058594 34.839172 0.297652
660.000000 602.836426 138.850891 16.809937 42.996277 0.268944
660.000000 618.199768 109.802689 21.621826 71.758392 0.151018
660.000000 619.692627 111.867706 16.516846 41.600800 0.126505
660.000000 602.108887 120.536613 12.754517 32.136086 0.087690
660.000000 523.395752 167.566360 13.163330 30.148865 0.062854
660.000000 389.424225 136.756989 22.543884 59.582336 0.059808
660.000000 23.385828 190.333664 12.047152 28.388855 0.056451
690.000000 11.727747 172.892731 13.531685 33.159454 0.402986
690.000000 0.057019 167.853577 10.192719 37.920288 0.150433
690.000000 7.768308 176.428543 12.293266 29.350769 0.097606
690.000000 383.787537 134.868530 23.754150 56.860352 0.093545
690.000000 524.506287 169.686295 12.777832 31.010559 0.070397
720.000000 516.962585 163.645279 12.277222 30.559967 0.493062
720.000000 526.987976 162.669769 14.189697 33.900482 0.341659
720.000000 539.078552 163.066223 13.675049 32.527893 0.159127
720.000000 595.129272 142.926392 15.728027 39.226105 0.115358
720.000000 510.613251 163.879074 10.687775 27.175171 0.105601
720.000000 616.698730 121.845963 11.248535 28.544281 0.089804
720.000000 500.998962 167.627136 12.873291 31.356873 0.075024
720.000000 623.665405 112.150108 15.342285 37.482475 0.074513
720.000000 483.772400 161.573685 14.101929 32.873047 0.069496
720.000000 188.495544 170.168030 14.831543 35.478485 0.065937
720.000000 616.244812 109.725540 23.755188 73.927307 0.062458
720.000000 610.385193 133.444855 17.684570 43.464905 0.060605
720.000000 386.346191 144.031326 15.193970 34.527222 0.054536
720.000000 611.572388 134.971451 12.617432 30.164124 0.050063
750.000000 516.470154 166.797455 11.682861 30.337921 0.485146
750.000000 588.740601 126.654793 14.569336 35.246147 0.213039
750.000000 603.592102 126.231010 11.759644 28.771461 0.171292
750.000000 494.169708 177.464340 10.953491 26.105408 0.163521
750.000000 577.879456 123.307571 13.505249 32.368530 0.094787
750.000000 616.900635 123.766739 12.889160 29.515228 0.090176
750.000000 512.784241 167.701035 10.652466 25.328979 0.081851
750.000000 0.087827 179.304993 8.918993 35.291046 0.078947
750.000000 385.193176 144.094421 18.178772 42.601349 0.071260
750.000000 490.854889 175.722351 11.162598 25.885040 0.071093
750.000000 62.115528 188.430817 11.864948 29.268707 0.069451
750.000000 536.882690 175.149445 13.301636 32.198914 0.067467
750.000000 600.630188 126.584137 17.002075 39.847443 0.064008
750.000000 497.629150 176.244720 12.071228 26.636047 0.061193
750.000000 485.501892 167.967056 12.003296 29.897095 0.053666
750.000000 186.608337 142.648697 15.339111 37.682800 0.051303
750.000000 503.344482 157.986633 14.094299 35.464020 0.050879
780.000000 535.365295 173.545181 14.751343 35.028137 0.337874
780.000000 609.697266 140.438812 20.137573 48.599121 0.313453
780.000000 517.439270 175.259705 10.928101 27.463104 0.238166
780.000000 602.872070 128.798096 13.379395 33.679688 0.155316
780.000000 612.191589 141.736145 12.712891 32.234344 0.137888
780.000000 496.951202 180.003906 11.021790 27.214294 0.104411
780.000000 499.569031 179.566498 13.207031 31.429718 0.096042
780.000000 393.280212 152.150192 13.326050 30.568512 0.082836
780.000000 547.561035 177.876556 12.290649 30.267181 0.082602
780.000000 489.949768 179.895859 10.270386 25.596222 0.082573
780.000000 508.557770 180.732407 13.980255 31.427673 0.073078
780.000000 545.436890 127.242554 12.974854 31.376862 0.072670
780.000000 612.410278 127.538269 24.752441 70.003082 0.067612
780.000000 522.405273 178.563507 12.171753 33.223938 0.059126
780.000000 584.322449 143.105179 10.295410 27.644043 0.054973
780.000000 4.063953 136.171341 21.913685 56.466370 0.052375
810.000000 6.436290 185.683228 14.341167 34.891693 0.220169
810.000000 609.613220 143.395905 19.634033 48.549866 0.181158
810.000000 524.760803 160.322174 18.889771 46.635376 0.133359
810.000000 548.493896 180.356125 11.550049 27.928711 0.113584
810.000000 528.862305 160.017914 12.180664 28.364014 0.093613
810.000000 508.232788 181.333282 12.420654 28.479279 0.084092
810.000000 377.492859 171.841263 12.371094 29.181549 0.074901
810.000000 612.379028 145.766006 13.106934 30.975616 0.074846
810.000000 1.330158 184.588531 21.444227 50.715973 0.069340
810.000000 384.032013 154.310608 17.980042 42.120972 0.066682
810.000000 517.075378 179.493607 12.486816 27.128540 0.063888
810.000000 488.382507 183.554382 10.193787 24.367279 0.060657
810.000000 198.038330 168.064606 19.349945 49.439575 0.050431
840.000000 18.829739 192.587265 18.897602 45.883179 0.599380
840.000000 548.604492 183.416153 11.616211 26.393219 0.238575
840.000000 537.125549 180.565063 13.728149 32.172089 0.220516
840.000000 534.615234 182.475082 18.861572 48.244629 0.203187
840.000000 5.663794 188.166077 16.620003 40.542694 0.185903
840.000000 23.288275 192.841370 12.219362 31.234192 0.154561
840.000000 0.506517 202.922882 12.923962 34.161133 0.100621
840.000000 525.371216 185.292358 12.108521 30.408173 0.086291
840.000000 77.271065 193.866089 13.198547 35.528412 0.068421
840.000000 497.666199 184.332748 8.896484 25.463226 0.062562
840.000000 103.527977 198.827271 13.559326 32.758301 0.058822
870.000000 93.411064 184.787811 12.608109 31.987579 0.314555
870.000000 548.111755 183.520279 12.441284 28.579102 0.219808
870.000000 609.041260 147.383881 19.451660 49.265594 0.204560
870.000000 611.085693 149.048935 13.538330 34.143982 0.144086
870.000000 508.433868 187.808456 12.254913 26.219482 0.115840
870.000000 527.721436 185.501419 12.890259 30.651123 0.110633
870.000000 82.596870 184.773010 12.323181 31.407349 0.085402
870.000000 384.755432 157.759430 14.167419 32.048798 0.072919
870.000000 95.926689 192.785233 14.730103 36.202148 0.050972
900.000000 82.623016 185.853836 14.823303 35.496246 0.475731
900.000000 538.248352 183.166748 14.218140 33.252655 0.279289
900.000000 608.881287 138.169327 25.149048 64.810547 0.179091
900.000000 533.918640 181.780807 21.182861 51.330048 0.174069
900.000000 534.703003 185.603165 13.056274 29.981903 0.132900
900.000000 385.383881 190.577927 11.259399 28.420807 0.127046
900.000000 509.088257 187.541275 10.520630 25.117340 0.117772
900.000000 519.573242 182.137039 9.979614 25.197357 0.105029
900.000000 527.552429 187.909912 10.984253 26.678253 0.102761
900.000000 178.918396 180.966888 14.173157 33.750458 0.100785
900.000000 495.252319 189.737717 11.231567 26.021606 0.089634
900.000000 172.760880 179.555145 17.506439 40.517914 0.078031
900.000000 55.431023 190.701477 14.986626 35.236420 0.073178
900.000000 0.049383 187.799362 9.046282 42.230774 0.071149
900.000000 77.314354 185.559158 23.131714 48.358887 0.057719
900.000000 626.345642 129.375153 13.538818 43.301331 0.053098
900.000000 595.521851 167.574753 16.150513 38.388245 0.051392
900.000000 175.903091 183.119186 21.777771 50.892792 0.051080
930.000000 534.761292 186.992523 18.111450 47.544434 0.168433
930.000000 83.192932 188.413025 13.599350 35.496826 0.153949
930.000000 111.724388 196.401855 14.184235 34.226135 0.153539
930.000000 509.266357 190.888809 11.336670 25.405151 0.106396
930.000000 625.546204 131.045609 14.405151 43.761780 0.096734
930.000000 0.000000 191.402695 9.492935 37.594940 0.072977
930.000000 517.286926 186.657379 10.497192 25.574158 0.072411
930.000000 70.236237 196.339554 12.978760 32.541656 0.063559
930.000000 608.504211 150.014877 21.090454 51.005463 0.059848
930.000000 386.144135 163.088943 12.102783 28.728271 0.058643
930.000000 534.833984 191.041824 12.976685 31.893158 0.053752
930.000000 619.144897 132.115601 20.855103 73.410156 0.051220
960.000000 534.496033 191.172272 17.259521 43.745728 0.332820
960.000000 495.298401 193.065872 11.343262 26.756470 0.102993
960.000000 191.959457 189.952515 15.694336 36.342010 0.094575
960.000000 112.548676 196.142303 11.563461 29.278412 0.084949
960.000000 83.740555 191.292801 12.826736 32.795105 0.080847
960.000000 506.698853 192.428757 11.581421 29.226379 0.061830
960.000000 363.447357 192.011017 17.828552 40.855713 0.055444
960.000000 517.916870 185.178452 11.507324 27.993134 0.053045
990.000000 171.917282 185.935318 22.860657 53.445404 0.370815
990.000000 548.518799 193.819962 10.809448 27.174622 0.298403
990.000000 233.699661 194.726837 14.789490 33.726837 0.262477
990.000000 243.820877 192.498703 14.388321 36.571289 0.251917
990.000000 160.249817 194.739182 13.517151 32.728760 0.192791
990.000000 516.194397 184.397461 13.057617 31.092834 0.191914
990.000000 535.529175 192.358704 18.144409 46.071655 0.177223
990.000000 82.532616 190.326004 12.695602 31.717133 0.173155
990.000000 175.055115 185.444260 16.035492 38.825378 0.154682
990.000000 526.884766 191.048508 12.007080 29.327637 0.149961
990.000000 91.334648 192.839157 12.798691 31.957153 0.136420
990.000000 229.010406 209.679535 15.965546 38.742828 0.105245
990.000000 229.548584 192.565491 20.193878 52.730896 0.102168
990.000000 494.341827 194.851120 12.551147 27.019348 0.083219
990.000000 538.342529 191.975372 12.507690 32.578003 0.082949
990.000000 178.562790 183.630173 11.303223 30.250397 0.076950
990.000000 543.833191 193.475052 11.735107 28.257904 0.068342
990.000000 0.064339 196.988205 8.456518 34.262848 0.067952
990.000000 475.037292 190.133286 12.151733 30.179291 0.066317
990.000000 497.187622 196.975372 14.129150 35.026337 0.064716
990.000000 597.182434 188.486755 11.353760 30.983582 0.062915
990.000000 73.092659 200.171539 11.719467 26.991150 0.062268
990.000000 551.420593 191.683289 11.977173 26.759674 0.054060
1020.000000 604.324646 176.764526 14.707764 35.147888 0.396901
1020.000000 538.270874 170.886658 16.021729 39.153625 0.250243
1020.000000 532.339722 191.398178 10.842163 28.031586 0.160359
1020.000000 516.935791 184.218338 12.938965 32.656921 0.078194
1020.000000 535.269409 169.377380 22.522217 60.531555 0.077766
1020.000000 537.662231 183.312302 15.591309 37.169952 0.065418
1020.000000 183.513626 197.620148 15.469757 37.909576 0.057651
1050.000000 395.870758 188.350571 13.786682 32.142090 0.209648
1050.000000 256.688995 196.623978 15.784424 38.868469 0.102879
1050.000000 526.383606 187.138901 12.020874 28.655762 0.085328
1050.000000 373.840820 195.570419 11.112854 25.568207 0.075309
1050.000000 364.637451 198.009674 12.722168 28.991058 0.065392
1050.000000 541.817322 191.770889 10.860962 28.614868 0.064455
1050.000000 390.078247 167.718536 21.611755 52.211334 0.063492
1080.000000 552.339722 184.690063 15.936523 34.633698 0.422557
1080.000000 532.999451 184.786255 13.680786 32.131012 0.383487
1080.000000 613.372498 112.043488 13.110229 31.058975 0.235016
1080.000000 48.092381 197.318436 13.758644 34.863556 0.221104
1080.000000 400.014008 190.780777 12.167114 30.641907 0.179298
1080.000000 76.806709 192.235489 12.396194 29.469696 0.149523
1080.000000 254.386444 194.428116 13.204529 30.754547 0.134476
1080.000000 538.024902 181.953735 13.270996 32.395569 0.125450
1080.000000 616.433167 190.843109 11.443237 29.245148 0.118292
1080.000000 557.330566 183.607803 11.165405 24.911255 0.107838
1080.000000 581.918030 184.270691 15.364746 36.550537 0.101128
1080.000000 272.309387 185.676056 14.857056 34.396332 0.101007
1080.000000 372.175079 200.816360 13.883240 32.812256 0.087150
1080.000000 569.734070 163.226685 25.153442 61.735962 0.081247
1080.000000 267.633453 184.745529 22.498169 58.454254 0.076489
1080.000000 367.713196 198.322693 12.805786 28.094849 0.062591
1080.000000 527.758545 185.331787 11.312500 26.677429 0.054811
1080.000000 608.495239 191.826630 12.900269 33.038147 0.053378
1080.000000 470.319427 168.888596 13.476379 33.398804 0.053355
1110.000000 522.552002 190.202820 13.474487 32.500305 0.528883
1110.000000 534.589661 187.289780 13.250244 32.448608 0.391634
1110.000000 344.326477 192.986145 15.617188 37.204956 0.299466
1110.000000 557.140930 188.348923 13.444214 32.063660 0.275713
1110.000000 542.652527 193.783081 12.080078 29.719177 0.197423
1110.000000 13.462078 213.878052 11.814384 28.549194 0.166727
1110.000000 367.023071 208.051682 13.865417 33.954926 0.147564
1110.000000 274.541382 192.547760 12.764893 31.446716 0.143146
1110.000000 573.009705 187.287979 13.139160 32.975342 0.126737
1110.000000 529.204041 190.803268 13.394531 31.314209 0.111600
1110.000000 549.319580 195.361221 11.326416 27.351990 0.091335
1110.000000 389.402649 201.578094 10.300537 24.485870 0.084684
1110.000000 498.692719 190.808838 11.258240 26.826599 0.080356
1110.000000 262.148895 195.164688 12.868225 29.995117 0.077455
1110.000000 466.665833 171.414505 12.919922 30.140381 0.069353
1110.000000 357.589417 204.066086 14.476562 34.120239 0.068374
1110.000000 274.626068 190.652786 18.012695 45.609863 0.067748
1110.000000 101.162666 207.777039 9.842743 24.074158 0.060292
1110.000000 339.837769 189.813019 22.744324 53.631866 0.056181
1140.000000 384.207703 172.480026 21.745667 53.724792 0.747194
1140.000000 540.272095 189.527130 13.289917 31.682739 0.465419
1140.000000 274.625641 193.332535 15.157837 37.013153 0.402303
1140.000000 391.233765 179.408035 18.472290 42.975891 0.335040
1140.000000 544.617554 189.240189 12.612183 28.498077 0.150030
1140.000000 528.079651 189.558777 13.570190 33.669861 0.131298
1140.000000 566.656189 192.635452 11.690674 30.252441 0.116745
1140.000000 533.830017 187.626556 10.729492 25.439178 0.112303
1140.000000 382.401123 171.892136 16.263245 42.122986 0.108345
1140.000000 573.552612 200.189331 13.226807 34.088959 0.086924
1140.000000 267.203979 191.023544 10.978577 26.851532 0.064266
1140.000000 279.473755 192.170654 12.508118 30.020691 0.058913
1170.000000 600.483521 154.828873 31.375610 87.229675 0.843806
1170.000000 380.950745 167.109406 24.525330 62.412201 0.729627
1170.000000 571.211365 191.879364 14.364014 33.884308 0.549142
1170.000000 552.010559 190.621338 12.400269 30.841980 0.323595
1170.000000 559.868835 190.557190 11.865356 29.604370 0.267522
1170.000000 539.582275 187.601715 11.885864 31.079010 0.215126
1170.000000 508.947357 184.955185 12.517303 30.241333 0.209956
1170.000000 576.713928 194.654312 12.973511 31.579620 0.128138
1170.000000 611.948669 144.738251 27.715454 82.345764 0.125811
1170.000000 387.054565 180.347366 17.119385 43.859375 0.092114
1170.000000 548.550598 190.066116 12.618652 26.475769 0.074109
1170.000000 608.136597 154.354584 13.515503 31.357086 0.070424
1170.000000 392.678558 184.593582 16.205750 37.283875 0.054106
1170.000000 566.049255 182.980148 12.795532 29.137207 0.051982
1200.000000 596.679932 190.137329 13.818115 32.734863 0.404602
1200.000000 573.196411 184.539352 11.882446 26.231445 0.249998
1200.000000 547.342834 191.790604 10.326782 26.696930 0.229589
1200.000000 543.669983 192.661621 18.056152 35.457092 0.229085
1200.000000 590.674194 192.051270 16.927002 36.824524 0.215213
1200.000000 580.659180 189.088211 14.483765 35.495331 0.200356
1200.000000 274.897980 196.525711 12.209229 32.968140 0.190012
1200.000000 526.043152 182.641922 12.138672 28.463013 0.152697
1200.000000 571.004761 186.891449 17.766846 40.580688 0.141603
1200.000000 550.651184 193.308517 10.401001 25.411804 0.137360
1200.000000 563.573120 117.555214 14.638916 31.802299 0.096652
1200.000000 577.392761 186.917465 12.609985 26.957855 0.087540
1200.000000 458.832092 192.727783 12.119141 27.313934 0.057649
1200.000000 594.327148 190.493713 11.545288 22.753815 0.053610
1200.000000 558.909119 188.615326 11.824585 28.591614 0.053177
1230.000000 626.553650 183.820267 13.389648 44.825043 0.192581
1230.000000 559.304565 192.989731 13.673706 31.258881 0.118275
1230.000000 600.879700 108.873451 13.366699 30.995811 0.100226
1230.000000 603.624329 192.391663 15.639404 36.960754 0.077182
1230.000000 396.762512 204.474243 9.379150 24.962677 0.071681
1260.000000 1.774128 217.786575 10.276300 35.867462 0.468515
1260.000000 590.744934 105.557014 13.970459 32.297478 0.163079
1260.000000 604.257629 106.683266 13.723145 31.386864 0.091185
1260.000000 356.845642 202.728073 12.225647 27.986023 0.081177
1260.000000 143.527542 208.452118 10.971222 26.925507 0.066701
1260.000000 0.000000 214.033249 12.224072 64.204361 0.060419
1290.000000 21.621372 130.897949 42.084473 98.042053 0.140666
1290.000000 52.319679 206.307373 15.014542 36.334045 0.124483
1290.000000 365.191986 198.264847 12.987061 32.437622 0.112392
1290.000000 619.041504 94.932831 10.879395 27.755905 0.076947
1290.000000 157.824966 198.415115 10.830780 26.200378 0.059620
1320.000000 573.431030 167.207306 20.882202 48.365051 0.553451
1320.000000 594.771606 165.423325 18.950073 45.828400 0.267309
1320.000000 361.757782 200.667145 12.881165 29.686920 0.141429
1320.000000 11.981056 184.550995 15.151783 37.734009 0.110275
1320.000000 305.621857 197.503830 11.934692 31.371002 0.103062
1320.000000 370.374451 200.184357 13.349365 28.579956 0.098459
1320.000000 588.548950 171.565842 19.343018 40.342224 0.072882
1320.000000 580.572144 167.967728 16.188354 36.607574 0.065695
1320.000000 555.289673 171.175781 14.192871 35.991852 0.060212
1320.000000 480.540680 208.103638 15.853821 38.631378 0.052919
1350.000000 361.993683 196.282990 14.745239 33.692871 0.463269
1350.000000 468.218445 184.474899 12.615601 31.733215 0.265164
1350.000000 371.028320 197.997162 12.212524 29.523560 0.179732
1350.000000 486.012421 178.101685 12.614929 27.723724 0.164693
1350.000000 534.767517 168.571747 37.335938 92.335297 0.093373
1350.000000 296.708923 193.966888 14.596741 34.907837 0.090054
1350.000000 116.188644 179.210754 16.160324 39.665680 0.052210
1410.000000 575.723572 166.345581 14.109741 31.909241 0.667683
1410.000000 4.785239 208.440750 13.722376 36.375580 0.288421
1410.000000 583.878967 165.633484 13.097778 32.941864 0.226002
1410.000000 327.593506 183.453873 11.991638 28.777008 0.115076
1410.000000 8.612934 207.977203 11.044447 24.757141 0.108970
1410.000000 0.443182 207.833710 11.430573 37.300629 0.081673
1410.000000 324.547302 183.285492 17.160889 40.608124 0.052925
1470.000000 100.224648 176.660980 13.152725 31.827271 0.134920
1470.000000 360.841125 185.217377 16.441956 38.252075 0.078288
1470.000000 188.816284 189.683823 11.115479 28.492065 0.055895
1500.000000 419.400726 187.320297 15.030579 37.023651 0.836248
1500.000000 413.050323 192.221802 12.778320 31.816193 0.271219
1500.000000 7.289855 201.263168 11.952333 32.862701 0.186331
1500.000000 431.546265 190.431000 12.545105 29.928802 0.097117
1500.000000 323.684570 184.460815 14.281921 33.992432 0.074255
1500.000000 445.397949 186.981857 12.600403 29.822235 0.069135
1500.000000 425.907013 189.847168 10.914062 26.660980 0.055290
1530.000000 429.783539 190.678009 17.861206 42.094635 0.937347
1530.000000 82.274918 180.338776 19.611526 51.970703 0.461172
1530.000000 77.518402 190.801559 15.733429 40.739716 0.444789
1530.000000 471.762909 186.132782 18.303894 42.874207 0.284431
1530.000000 464.297211 191.331680 15.898743 38.064087 0.222173
1530.000000 578.917114 176.910797 12.686279 31.076843 0.162567
1530.000000 576.904175 174.481644 19.989990 47.136353 0.133355
1530.000000 319.884644 186.395752 15.182434 35.596771 0.127682
1530.000000 542.052185 158.789978 16.055420 37.477600 0.092815
1530.000000 459.121857 197.231934 15.499023 35.910828 0.078962
1530.000000 478.647430 193.370026 15.519958 36.520081 0.069978
1530.000000 437.255798 193.560242 14.551758 38.324982 0.068018
1530.000000 596.259399 172.597382 14.742920 37.186890 0.065004
1530.000000 427.724579 194.598145 10.515259 28.399170 0.056212
1530.000000 582.833496 174.763504 11.926270 30.456085 0.052132
1560.000000 477.089844 179.355682 26.431458 64.152557 0.987651
1560.000000 505.365967 160.861710 35.365845 89.019440 0.843177
1560.000000 524.422974 174.332855 28.543823 69.944519 0.519831
1560.000000 471.696869 185.051788 17.201599 40.836639 0.199442
1560.000000 451.386353 178.522934 15.069641 36.618866 0.187018
1560.000000 538.646484 188.149826 23.337402 59.257233 0.160993
1560.000000 530.464172 175.187912 19.442993 47.751984 0.151353
1560.000000 325.097565 184.183533 14.824341 34.514709 0.121507
1560.000000 312.402985 181.415771 12.669617 29.622833 0.116152
1560.000000 370.992188 182.499344 11.480835 28.772064 0.083376
1560.000000 376.762299 180.573242 13.571838 34.102203 0.071217
1560.000000 149.323822 196.971756 12.670135 29.196472 0.070661
1560.000000 545.957397 2.074295 13.718994 30.305412 0.067691
1590.000000 588.821045 176.538376 41.892334 98.345871 0.996852
1590.000000 147.743927 191.709488 11.464081 29.591248 0.566059
1590.000000 394.424988 180.623718 13.257507 32.655640 0.161152
1590.000000 604.610352 184.697342 32.199463 87.854904 0.157518
1590.000000 620.471008 190.318146 19.142334 73.537445 0.114530
1590.000000 420.263458 183.547562 13.801270 34.591858 0.103288
1590.000000 397.486633 181.905548 15.922058 37.509308 0.099016
1590.000000 336.201263 184.134598 12.551025 29.884064 0.092846
1590.000000 17.221411 196.087997 9.969898 22.996216 0.068425
1590.000000 202.671448 184.229691 12.366089 30.078674 0.059695
1590.000000 417.497772 186.479126 10.665955 29.111603 0.056889
1590.000000 484.009796 169.943436 20.330078 49.141022 0.054577
1620.000000 83.053810 184.226440 11.315216 26.753510 0.077172
1620.000000 102.628082 189.459198 15.497665 36.310028 0.069099
1620.000000 469.870758 176.852600 18.583618 43.202759 0.060484
1620.000000 502.381317 176.303146 20.428131 48.216492 0.052281
1650.000000 26.412607 178.777161 24.210913 57.128510 0.630910
1650.000000 24.017397 149.192398 33.152794 87.201385 0.412538
1650.000000 427.531860 167.801834 13.700806 34.064636 0.359396
1650.000000 323.674744 181.135651 13.215088 32.009949 0.241349
1650.000000 425.232483 172.876373 17.473633 42.554626 0.173474
1650.000000 347.892426 183.853821 12.053101 28.754272 0.129952
1650.000000 417.270630 181.885818 13.898499 32.358948 0.112488
1650.000000 319.539856 180.617203 19.019775 44.882385 0.090165
1650.000000 34.389011 149.852661 18.005562 40.282471 0.080565
1650.000000 366.599670 188.924210 10.112915 26.527466 0.069408
1650.000000 341.041199 182.530090 14.934204 35.473297 0.065205
1650.000000 404.529114 189.959656 9.797668 28.161987 0.061247
1650.000000 525.926575 167.601089 16.343384 39.204163 0.060988
1650.000000 551.299561 160.607224 19.094604 45.115967 0.059134
1650.000000 59.985401 167.234070 11.646793 29.708984 0.055581
1680.000000 465.533051 144.854156 27.627747 65.072327 0.224830
1680.000000 335.393738 175.186157 12.933105 31.937683 0.194313
1680.000000 428.276459 185.300293 13.170227 30.758881 0.190670
1680.000000 470.327179 151.734192 18.345276 42.124664 0.148868
1680.000000 425.204773 185.957855 18.469116 42.862305 0.088319
1680.000000 83.664124 200.037460 11.668030 28.005310 0.076665
1680.000000 340.973297 181.432449 14.306274 33.501953 0.071435
1680.000000 478.835022 155.576584 14.805725 35.210968 0.062285
1680.000000 437.284821 188.138367 10.570679 30.150757 0.056956
1710.000000 461.055786 185.756027 19.634644 45.425385 0.181853
1710.000000 17.308418 195.532349 15.760262 36.792053 0.150767
1710.000000 452.614227 185.079727 16.689697 39.965698 0.136953
1740.000000 512.415955 178.715820 13.500488 33.611176 0.211768
1740.000000 372.104889 180.035477 14.925293 34.196259 0.103895
1770.000000 345.247925 178.342056 12.302307 28.321411 0.387435
1770.000000 356.014801 177.387146 12.759155 32.984802 0.257638
1770.000000 342.770630 180.746872 17.173279 38.531891 0.185355
1770.000000 357.449585 174.979553 19.824219 47.212128 0.076705
1770.000000 604.419800 167.251526 11.643066 29.593689 0.059358
1770.000000 141.552567 155.164291 16.507416 37.520905 0.056210
1800.000000 359.257019 172.997589 17.170227 39.390259 0.334467
1800.000000 366.777710 174.768875 14.657532 35.004333 0.122843
1800.000000 611.386108 172.978821 25.168457 64.510712 0.089183
1800.000000 478.209045 178.344116 21.921265 49.923706 0.077005
1800.000000 56.298458 179.361618 13.333355 29.037323 0.063244
1830.000000 250.680969 164.506638 20.699951 49.045166 0.714586
