30.000000 6.396113 181.815033 11.336210 28.028687 0.138065
30.000000 123.098312 151.591919 15.621582 37.888733 0.071152
30.000000 126.497665 161.177521 16.161652 35.961365 0.067109
120.000000 18.802347 200.239059 13.145287 31.703522 0.284323
120.000000 91.888062 170.680511 13.309814 38.692871 0.060929
150.000000 75.617661 167.391556 17.225327 40.771393 0.382196
150.000000 84.463104 169.014664 14.471970 32.985046 0.146089
150.000000 522.006104 162.293442 17.961304 42.574554 0.106035
150.000000 377.471558 148.988312 12.848755 28.590637 0.058986
150.000000 298.649048 183.156906 15.751404 38.725525 0.050934
150.000000 65.930305 167.789062 15.174911 34.945831 0.050004
180.000000 84.718941 151.405060 18.581528 43.707733 0.702038
180.000000 596.672302 162.333084 16.398682 42.413879 0.438105
180.000000 621.898376 156.747589 17.998047 57.712036 0.397283
180.000000 48.130192 163.496964 19.631565 48.571503 0.316242
180.000000 104.126045 158.587677 14.305237 33.956360 0.203477
180.000000 607.932251 171.684052 16.280884 37.762024 0.181033
180.000000 498.071075 167.565201 13.342163 34.080750 0.147904
180.000000 567.878174 170.990967 15.038696 37.087555 0.131723
180.000000 614.303284 166.183914 18.602661 54.235901 0.122929
180.000000 576.454590 151.623383 18.778809 44.201080 0.099378
180.000000 618.276978 159.468170 17.409668 38.673401 0.075723
180.000000 387.131897 144.225052 12.474792 28.921173 0.071574
180.000000 612.928589 170.410812 15.122681 33.101715 0.067134
210.000000 618.812622 159.730423 18.653809 50.554993 0.907265
210.000000 16.413486 151.304672 24.682716 60.724731 0.792696
210.000000 459.673096 164.893494 15.893555 35.953156 0.677119
210.000000 368.641998 125.084526 16.043457 39.198402 0.286204
210.000000 3.187140 145.035919 19.434277 49.096344 0.279211
210.000000 605.410461 162.945007 14.250366 35.315582 0.237650
210.000000 75.919083 149.580688 16.379501 39.789398 0.232041
210.000000 391.323822 136.993988 12.867737 30.661346 0.204344
210.000000 136.850342 144.204422 18.845245 48.119934 0.161952
210.000000 608.204163 150.282593 17.614502 43.391876 0.141472
210.000000 582.383972 169.740829 12.946899 31.542755 0.119647
210.000000 131.789597 143.798340 28.138641 66.510071 0.091712
210.000000 385.249298 140.114929 10.562683 27.407532 0.089874
210.000000 452.734406 152.651794 19.756104 47.128906 0.084956
210.000000 378.778442 132.834442 12.920044 33.206390 0.081272
210.000000 26.283092 161.025330 16.652092 37.273743 0.072604
210.000000 38.733963 151.140411 15.466812 36.303680 0.071276
210.000000 79.595352 160.228928 15.293030 34.430237 0.051457
240.000000 476.488190 169.189957 15.484985 37.106598 0.819754
240.000000 160.782211 66.005035 17.245514 38.680084 0.441025
240.000000 531.471436 169.761673 12.754761 33.298523 0.371395
240.000000 129.341751 144.375122 19.333832 50.734772 0.364256
240.000000 579.754517 160.978302 16.719116 42.456116 0.198376
240.000000 112.586800 162.678925 16.932564 41.343140 0.194298
240.000000 0.976194 163.245712 15.187405 49.866821 0.193958
240.000000 122.904884 143.617386 29.035820 70.156372 0.186986
240.000000 65.400124 152.283173 14.074951 36.225983 0.151545
240.000000 8.374832 168.517258 14.321590 33.493073 0.130244
240.000000 410.817230 154.993439 16.695251 38.355377 0.124966
240.000000 190.806061 146.173279 16.331024 37.663361 0.103018
240.000000 543.796265 172.336899 11.440552 26.708679 0.096512
240.000000 391.957458 136.796310 15.088074 37.216400 0.089861
240.000000 438.995026 143.689850 15.745178 38.242737 0.085200
240.000000 80.435516 157.704422 14.894104 34.322723 0.084964
240.000000 186.760696 144.918655 24.865417 60.022156 0.082074
240.000000 379.960663 132.353363 14.522888 33.406464 0.075044
240.000000 519.365540 171.786896 13.526245 34.113770 0.058151
240.000000 0.000000 172.770874 11.364474 44.944336 0.057391
240.000000 107.876663 161.271545 26.319351 59.736115 0.052625
270.000000 494.105591 170.632324 18.451599 44.480377 0.977683
270.000000 607.189453 168.748352 20.197632 46.218292 0.385090
270.000000 445.800018 163.240646 16.573608 39.652527 0.245292
270.000000 493.502411 172.034973 11.702820 28.793243 0.229573
270.000000 133.879593 171.709396 13.794312 33.370361 0.208941
270.000000 611.597351 145.571625 27.116089 76.047943 0.189402
270.000000 618.806763 147.213623 15.750732 38.546631 0.169939
270.000000 441.274719 161.667358 25.166016 56.850800 0.152198
270.000000 461.978149 177.171204 17.119080 39.040283 0.128490
270.000000 108.294296 166.603500 15.011887 36.526367 0.121802
270.000000 491.125061 159.896942 15.520569 36.844208 0.091101
270.000000 454.493500 172.609314 17.727905 41.275513 0.076715
270.000000 482.671722 157.792358 16.127258 41.528564 0.076059
270.000000 12.529587 183.717621 12.896641 31.237244 0.075044
270.000000 436.770294 162.327011 15.503784 35.614990 0.059075
270.000000 75.310249 174.064041 13.434814 31.730835 0.055125
270.000000 614.854248 167.566772 20.341187 49.602661 0.051890
270.000000 467.490692 177.950638 12.289978 27.283783 0.051476
270.000000 100.838821 166.888000 13.427719 32.660950 0.050608
300.000000 519.045471 173.128281 20.427490 49.688110 0.942791
300.000000 525.736206 177.718140 17.519043 42.190552 0.355027
300.000000 515.786377 177.785309 11.188232 26.496216 0.317727
300.000000 624.341614 173.278702 13.639160 37.444031 0.218360
300.000000 514.397339 176.543610 17.895630 42.019958 0.207000
300.000000 587.380005 184.812790 14.476562 36.315002 0.174972
300.000000 557.572449 178.855774 16.067383 40.372650 0.139603
300.000000 613.831177 171.408356 14.339355 34.432861 0.120188
300.000000 448.640564 164.837585 20.293091 50.310364 0.089913
300.000000 591.806824 181.785309 11.805664 27.648865 0.078117
300.000000 397.288635 144.515503 13.364685 32.001312 0.075466
300.000000 424.222321 164.340317 23.246521 54.297607 0.070653
300.000000 619.269653 76.214134 20.730347 89.456032 0.069655
300.000000 566.481689 6.980980 16.903076 39.815975 0.054336
300.000000 596.851929 181.706955 11.216064 27.289124 0.052533
300.000000 469.970459 174.198639 21.899109 50.593048 0.052334
330.000000 549.529053 181.566681 25.332520 62.078674 0.991648
330.000000 574.394470 189.730194 15.478516 42.183563 0.454224
330.000000 545.278503 187.980957 18.333984 43.550385 0.390778
330.000000 452.904541 180.235550 21.689209 50.468842 0.282578
330.000000 19.774218 173.158218 13.426023 33.136169 0.232916
330.000000 455.849884 181.290405 15.874451 34.301666 0.169048
330.000000 566.020996 189.809540 18.488403 42.907166 0.127146
330.000000 454.492615 168.861725 13.972046 33.916046 0.113777
330.000000 445.997131 173.970978 33.218628 79.744568 0.108326
330.000000 618.332947 196.085602 12.412720 29.960297 0.104889
330.000000 544.204773 193.237442 12.627930 33.334167 0.083165
330.000000 626.270935 193.057037 13.607544 35.150879 0.072248
330.000000 12.720529 172.461838 18.290634 41.600586 0.063489
330.000000 612.957153 191.256454 11.862793 30.870270 0.062924
330.000000 128.876434 187.278030 13.168976 32.840698 0.056634
360.000000 594.993225 194.767563 26.909424 68.006180 0.987495
360.000000 17.145954 191.947983 17.007202 45.398102 0.097680
360.000000 591.548279 193.579407 20.637939 46.033081 0.091294
360.000000 625.325378 199.486115 14.463013 48.348267 0.084684
360.000000 611.625732 182.112885 16.244263 38.536499 0.081887
360.000000 37.252758 194.457123 13.621223 33.512604 0.064626
360.000000 94.171478 191.727386 13.931671 34.288330 0.057885
390.000000 422.344666 183.301468 12.989319 32.051147 0.186140
390.000000 297.170807 208.956024 15.803162 40.846680 0.103680
390.000000 37.027733 206.042130 13.562782 31.370178 0.071921
390.000000 29.754562 204.500656 13.480858 32.829193 0.067781
390.000000 107.948830 204.209061 13.542664 32.931580 0.066985
390.000000 423.725037 159.032135 14.865234 35.166779 0.057801
420.000000 104.420479 202.056335 14.103195 33.250671 0.282406
420.000000 301.985260 208.031235 14.117371 32.454071 0.170236
420.000000 64.936356 200.889862 13.062653 30.684998 0.128524
420.000000 69.575844 199.437012 14.917542 32.606110 0.085535
420.000000 82.628525 197.582855 14.477524 32.681549 0.063902
420.000000 565.538940 155.007568 24.541870 67.437836 0.052789
450.000000 81.386154 198.141510 18.226089 47.304626 0.619888
450.000000 433.162842 190.753494 13.597412 33.052368 0.294584
450.000000 398.864197 193.325577 15.605835 35.698639 0.184132
450.000000 25.416506 202.834595 14.716711 34.980652 0.133701
450.000000 259.358215 194.867950 12.932800 31.414246 0.091271
450.000000 0.108530 196.726852 10.326445 46.036743 0.080169
450.000000 600.845398 127.356354 16.200928 37.352142 0.072186
480.000000 61.377739 211.961548 12.245148 29.460693 0.229901
480.000000 22.477724 197.815231 15.956530 39.910004 0.132298
480.000000 74.788101 213.841553 13.781021 27.911713 0.090610
480.000000 77.304909 162.299225 13.938400 29.895325 0.053843
480.000000 617.381836 142.186844 22.221191 59.748016 0.053303
510.000000 71.056396 207.339127 12.940063 33.013794 0.425463
510.000000 3.116167 191.978622 19.817526 49.290588 0.362902
510.000000 62.516861 195.018311 13.765533 34.698059 0.355076
510.000000 618.275330 132.116898 21.644165 82.649323 0.274244
510.000000 51.883045 195.750931 14.795818 38.559357 0.254461
510.000000 28.950548 199.740997 16.543806 41.657593 0.230689
510.000000 41.998055 200.468384 11.795654 28.494751 0.225732
510.000000 279.848206 194.560959 11.722412 28.325531 0.152842
510.000000 21.752432 181.991150 23.614511 56.727631 0.150066
510.000000 14.677925 208.700912 16.877190 32.422516 0.139706
510.000000 23.219810 207.703766 13.397121 33.076599 0.135610
510.000000 24.732784 182.644196 15.023003 35.627197 0.111896
510.000000 6.436730 190.473938 14.146781 32.700989 0.092628
510.000000 16.927725 199.343719 15.869497 32.253754 0.092326
510.000000 97.677383 201.266373 13.210144 32.857300 0.085798
510.000000 61.873299 207.783722 12.218231 33.182648 0.059834
510.000000 459.245575 173.574051 14.973755 35.859680 0.059360
510.000000 448.935852 173.967224 18.044373 44.725067 0.055241
510.000000 373.132568 192.714020 15.572083 37.668274 0.054358
510.000000 623.766968 132.549789 16.157471 51.181854 0.052952
510.000000 496.973175 182.363953 17.350616 39.006409 0.051705
540.000000 15.329539 202.459488 17.512794 33.871277 0.274110
540.000000 36.834690 208.680817 13.039436 34.002075 0.176057
540.000000 10.335535 194.544083 16.420052 40.064240 0.115734
540.000000 65.200127 203.765411 13.079681 33.127899 0.110862
540.000000 27.878698 197.294800 15.388353 38.729523 0.104204
540.000000 49.690228 216.205734 11.017906 27.389496 0.100425
540.000000 144.410233 191.318146 17.043640 37.730713 0.091962
540.000000 72.041946 197.932999 15.523621 37.123047 0.065943
540.000000 32.995461 182.861755 21.634476 57.844482 0.062036
540.000000 88.754768 205.562225 13.257751 30.162323 0.055926
540.000000 69.118034 209.275116 11.624908 27.252258 0.051250
540.000000 600.902344 118.194931 20.102051 48.674774 0.051227
570.000000 29.166960 201.862564 14.671518 38.347473 0.494478
570.000000 503.798645 164.237396 15.450928 37.014008 0.317572
570.000000 581.611145 152.996628 15.148438 34.795105 0.187419
570.000000 498.232605 163.554688 21.858154 52.646515 0.159343
570.000000 449.276215 176.322983 11.877686 28.524841 0.073033
570.000000 21.335321 206.730057 13.027761 32.613647 0.070645
570.000000 16.640244 188.431061 14.082787 31.169098 0.063856
570.000000 183.196259 200.751144 12.277100 31.416504 0.062857
570.000000 496.027435 172.106522 15.426819 39.634094 0.057309
570.000000 586.627258 161.076355 13.055298 28.962982 0.054159
600.000000 437.922516 191.368805 15.535706 36.413330 0.496590
600.000000 286.899139 194.978638 17.715332 43.584351 0.238623
600.000000 472.724915 182.885361 21.153748 50.083191 0.168313
600.000000 283.555145 198.779846 11.668457 26.286102 0.145446
600.000000 291.413666 191.479218 12.943237 32.549957 0.072032
600.000000 466.706329 184.248703 19.835632 48.577698 0.071493
600.000000 50.663666 195.776489 15.431862 42.543518 0.062177
600.000000 104.543411 205.388565 13.120056 31.789093 0.061888
600.000000 240.329758 192.215836 12.092041 29.601837 0.058992
630.000000 501.942902 181.322098 25.376862 61.938324 0.697799
630.000000 517.859070 182.479507 28.463013 65.993073 0.655519
630.000000 1.197281 221.362259 20.829935 56.977402 0.326119
630.000000 478.425140 160.032654 22.586914 55.547821 0.176774
630.000000 393.434845 194.989548 12.781372 29.798187 0.119204
630.000000 502.099304 178.496964 13.836365 33.783630 0.096426
630.000000 536.131042 198.944229 13.116577 31.186493 0.079801
630.000000 587.937439 196.425705 20.584473 52.609436 0.075257
630.000000 534.326355 203.134720 18.170776 45.195190 0.061344
630.000000 528.089905 191.652313 21.728027 52.472839 0.058680
630.000000 513.872192 182.881058 21.933350 55.459167 0.052640
660.000000 597.919739 167.229813 37.373413 98.706589 0.536794
660.000000 44.515579 197.697021 14.598038 33.927673 0.264831
660.000000 353.053314 184.343597 12.923096 32.470276 0.233227
660.000000 79.315468 196.735382 13.095367 32.157990 0.159835
660.000000 41.624233 18.339994 16.074669 36.475372 0.159010
660.000000 583.543640 168.047760 34.836182 91.710205 0.145102
660.000000 487.495270 184.901810 13.122803 31.765717 0.134317
660.000000 359.102203 186.936050 12.072510 30.416321 0.130279
660.000000 493.860107 184.418854 14.192993 33.243042 0.127382
660.000000 620.033081 155.966263 19.899048 84.672363 0.127076
660.000000 377.183746 191.048782 13.179749 31.031128 0.115108
660.000000 413.312653 193.062073 12.835693 30.352905 0.097203
660.000000 342.995483 179.708710 11.135864 26.777130 0.084632
660.000000 579.477234 187.880798 12.124268 28.351593 0.067841
660.000000 607.606812 169.541718 21.828979 52.368805 0.064571
660.000000 479.297058 182.720490 11.600952 28.989960 0.061349
660.000000 351.858643 183.864166 9.752441 24.613281 0.058707
660.000000 351.140381 181.399353 19.052612 46.633179 0.058462
660.000000 586.849487 171.011307 22.570190 55.035858 0.055420
690.000000 132.527191 189.986633 13.972626 33.074127 0.203420
690.000000 521.876343 166.347412 10.989990 26.567352 0.153667
690.000000 145.339996 190.071793 12.274719 31.848450 0.115263
690.000000 88.205284 192.210892 13.396881 30.907440 0.107717
690.000000 2.300381 209.440018 13.620729 35.179077 0.085259
690.000000 491.301208 164.908722 12.833862 31.460724 0.053433
720.000000 219.472656 175.191391 16.683533 41.610291 0.489017
720.000000 384.383789 186.233017 12.056396 30.076263 0.480716
720.000000 15.038711 196.050400 13.330400 32.973663 0.251776
720.000000 227.412827 174.829559 12.089142 29.726959 0.211200
720.000000 453.409119 61.442070 13.404236 33.727127 0.172289
720.000000 9.517795 196.585175 19.844379 43.774109 0.135788
720.000000 334.843719 175.976746 14.461426 37.090851 0.050473
750.000000 319.296600 165.820114 12.507019 27.985199 0.089006
750.000000 61.512173 169.214020 30.601177 74.992493 0.086379
750.000000 531.416992 150.199997 14.541260 36.214386 0.082190
750.000000 589.422852 176.534439 12.587524 30.447479 0.062371
750.000000 616.521790 167.667374 14.554077 35.708496 0.059773
750.000000 382.210236 182.417831 13.275818 32.860992 0.057269
750.000000 138.983063 173.766769 14.154816 34.830109 0.057079
780.000000 259.506531 26.465462 12.117493 29.593597 0.110737
780.000000 350.115265 175.299622 15.915527 38.112030 0.072235
810.000000 433.502106 174.422287 22.344177 52.292297 0.445391
810.000000 504.417328 177.428711 12.716644 29.316711 0.335301
810.000000 499.709106 166.099442 15.956726 39.617950 0.120814
810.000000 439.265472 173.292099 15.359192 35.416840 0.097695
810.000000 480.993347 165.199982 16.535889 40.524384 0.075662
840.000000 595.869690 181.275238 15.084717 35.538513 0.422219
840.000000 587.825134 178.846329 16.328003 37.300385 0.369031
840.000000 498.529480 172.210403 13.095581 32.658203 0.240049
840.000000 589.646301 178.144928 21.271118 51.383575 0.234596
840.000000 77.479866 183.579697 18.468491 46.278656 0.138715
840.000000 91.059952 182.562866 17.332321 42.040680 0.106049
840.000000 27.082806 128.621124 17.194107 40.068604 0.105134
840.000000 449.534058 164.042908 18.543762 43.981964 0.101663
840.000000 61.257900 166.111740 27.349888 68.546967 0.084220
840.000000 468.119507 157.042236 15.517822 36.511353 0.073970
840.000000 595.321960 148.292969 13.498657 32.934753 0.055336
840.000000 289.961365 170.455811 12.306580 30.273621 0.051114
870.000000 196.707657 150.160660 22.250183 56.065063 0.191465
870.000000 482.685944 151.888779 14.130371 33.150665 0.158972
870.000000 275.074493 149.918427 15.631104 39.751831 0.123519
870.000000 90.107819 193.177414 19.546951 36.611298 0.113322
870.000000 592.582092 96.358261 17.027710 40.900818 0.069391
870.000000 98.537048 192.231827 14.114792 33.440796 0.066980
870.000000 31.697163 202.434326 12.170181 27.599152 0.065514
870.000000 477.865509 167.411774 20.852722 48.046265 0.053781
870.000000 560.543335 113.384659 15.716553 37.590454 0.051716
900.000000 35.208755 171.791183 18.637627 45.792084 0.289098
900.000000 89.073441 103.682892 20.902206 48.724884 0.165967
900.000000 64.387306 171.883484 21.024017 54.701172 0.143377
900.000000 206.511520 168.270264 18.328644 41.743286 0.098680
900.000000 14.327777 158.234741 17.405415 41.884674 0.095993
900.000000 189.348648 164.491745 19.682312 46.096039 0.089563
900.000000 10.118279 155.721970 24.723019 63.546631 0.088904
900.000000 86.300018 175.104782 20.722748 52.039825 0.084546
900.000000 0.917595 175.048004 20.841543 61.649750 0.079305
900.000000 184.927628 163.274338 17.209167 41.585052 0.078634
930.000000 556.301697 163.704910 14.202271 33.868103 0.195615
930.000000 616.670654 86.446762 12.232788 27.940918 0.160524
930.000000 72.083725 163.658661 21.378342 55.498047 0.124380
930.000000 75.399361 163.705994 14.738556 33.409088 0.110428
930.000000 10.482110 159.736588 23.907799 63.681885 0.095766
930.000000 537.730957 164.889084 15.028320 37.733948 0.076753
930.000000 16.520599 161.513306 15.223446 37.141357 0.053002
960.000000 458.929535 33.671959 13.259766 32.284317 0.349169
960.000000 39.957355 160.290070 21.754410 52.827423 0.240812
960.000000 569.807251 34.165245 12.923218 29.057045 0.162885
960.000000 528.979370 182.108246 15.524902 37.570587 0.130728
960.000000 557.364563 19.753696 11.266602 26.403976 0.106037
960.000000 524.564758 175.070786 13.691040 32.886841 0.099112
960.000000 588.192627 37.834755 13.034180 31.306702 0.093151
960.000000 491.361389 43.856686 10.842712 25.121471 0.068884
960.000000 26.287663 151.319611 31.055840 79.920380 0.060371
960.000000 530.713196 179.912048 10.054688 28.907806 0.058067
990.000000 539.519165 204.686066 17.743286 43.562714 0.249026
990.000000 415.849518 44.339691 12.560547 30.139244 0.234786
990.000000 370.985657 36.688675 15.586609 39.090515 0.152044
990.000000 76.239227 171.184052 13.509796 33.609558 0.117553
990.000000 388.942261 53.194504 14.183228 32.645462 0.094012
990.000000 44.290169 171.772461 18.040352 46.785370 0.090533
990.000000 64.360153 164.342484 15.440903 37.471771 0.074892
990.000000 559.787781 200.054657 21.572998 54.696167 0.066955
990.000000 461.867493 182.794846 11.866699 29.754578 0.063596
990.000000 49.032726 175.075653 14.650352 33.433685 0.059368
1020.000000 469.911316 181.737946 14.987305 37.479279 0.100222
1020.000000 615.885986 119.701088 24.068237 86.313347 0.088188
1020.000000 426.291870 184.444778 13.368958 33.013641 0.056459
1020.000000 599.936890 117.363029 32.852417 86.623482 0.055901
1020.000000 187.409409 110.437607 13.551117 31.803284 0.051197
1050.000000 602.147339 113.838196 10.622925 25.352936 0.206983
1050.000000 459.385620 4.397034 16.448853 40.466339 0.123097
1050.000000 622.867920 108.722214 14.738037 35.353363 0.089663
1050.000000 396.132996 187.037888 14.246948 33.593201 0.083334
1050.000000 586.078125 110.620987 12.326904 29.625702 0.056741
1050.000000 470.727997 136.685684 15.265137 35.616852 0.056612
1050.000000 439.630341 182.733521 11.522217 30.910126 0.052414
1080.000000 404.068726 183.035828 12.058350 29.761749 0.274216
1080.000000 541.933105 117.053909 17.918335 41.304657 0.239033
1080.000000 498.746948 41.873886 14.911682 34.234695 0.120310
1080.000000 559.608337 23.716206 10.793579 27.296066 0.106171
1080.000000 614.632812 100.600647 13.443115 33.386353 0.100209
1080.000000 565.719360 108.436737 10.528931 23.889099 0.084870
1080.000000 507.533569 97.440926 14.931396 34.147728 0.076243
1080.000000 533.636963 110.858345 27.899536 66.959740 0.074695
1080.000000 592.435486 50.054806 15.444458 35.301701 0.067444
1080.000000 357.376373 17.455084 13.749268 32.896873 0.065362
1080.000000 565.762634 157.007904 17.056274 40.744934 0.058857
1080.000000 567.241272 185.468811 17.847290 41.579315 0.050349
1110.000000 518.606445 88.923904 22.107666 57.941589 0.441895
1110.000000 121.741638 65.671432 18.242920 45.469528 0.359653
1110.000000 595.434509 92.243805 14.044189 29.221481 0.300133
1110.000000 33.417751 198.783585 12.053108 26.943420 0.257518
1110.000000 563.629822 3.306072 22.708374 47.210114 0.174960
1110.000000 355.199371 182.150970 13.987671 31.544434 0.154091
1110.000000 529.906921 94.897202 17.275757 39.465729 0.129853
1110.000000 295.572449 20.470024 14.298218 33.755547 0.128670
1110.000000 623.151855 181.867874 13.946167 37.980927 0.128154
1110.000000 570.956116 1.515962 14.197876 31.821480 0.107063
1110.000000 424.017090 185.167725 13.794067 35.617035 0.097420
1110.000000 523.411072 95.463989 17.064697 37.159042 0.095339
1110.000000 219.834045 25.617954 12.329590 29.028397 0.094772
1110.000000 466.950012 25.918938 13.173096 29.498795 0.093851
1110.000000 411.396362 182.007645 14.108521 34.659973 0.087876
1110.000000 590.885132 93.530334 10.908691 27.007660 0.071797
1110.000000 389.636658 181.778152 12.853882 31.356537 0.068365
1110.000000 499.593597 177.130249 13.942413 33.363159 0.067761
1110.000000 356.512512 6.321390 11.542419 28.739813 0.066391
1110.000000 576.691528 9.129904 12.324951 27.869501 0.065090
1110.000000 381.200439 179.737610 13.608032 33.039001 0.064826
1110.000000 276.894989 11.390569 13.084839 29.126434 0.063064
1110.000000 546.044861 101.912781 14.142090 35.476746 0.059616
1110.000000 594.506470 142.486542 15.614258 36.905121 0.059298
1110.000000 414.870667 24.594707 11.147095 25.648392 0.057886
1110.000000 520.221497 86.138275 15.192505 33.542770 0.057316
1110.000000 580.797546 1.606032 13.305664 30.671577 0.050655
1110.000000 586.981689 96.081436 9.823853 24.102539 0.050113
1140.000000 431.614502 177.998520 13.735168 32.119598 0.203776
1140.000000 442.739838 179.330353 13.236206 33.522461 0.128641
1140.000000 517.544434 174.252136 12.848633 31.928741 0.118208
1140.000000 458.896698 186.223114 13.638733 32.430389 0.114438
1140.000000 537.246277 181.191360 11.391846 27.679382 0.111033
1140.000000 397.579407 174.132584 12.922241 30.182739 0.091780
1140.000000 533.754272 180.352753 10.655762 25.062622 0.090106
1140.000000 574.540894 166.145279 25.638550 63.128143 0.089011
1140.000000 425.856140 176.136627 14.815979 36.856720 0.088072
1140.000000 591.878723 166.915131 15.324463 36.808899 0.075547
1140.000000 522.285278 181.134521 17.794800 45.392334 0.075223
1140.000000 310.902191 9.644567 14.440552 34.580017 0.074499
1140.000000 135.922974 192.931992 9.527222 25.254486 0.069018
1140.000000 524.497009 180.512039 12.246582 33.507996 0.059465
1140.000000 385.028381 174.365875 14.591003 31.949402 0.056464
1170.000000 214.214752 0.485710 16.388672 30.096245 0.291127
1170.000000 424.435272 174.262909 16.181702 38.555511 0.211468
1170.000000 557.797607 0.323193 12.192993 24.169464 0.184853
1170.000000 60.821575 185.139099 13.391636 32.742218 0.160202
1170.000000 248.111237 0.123620 14.692749 29.832756 0.145282
1170.000000 404.001923 169.941208 16.010376 39.234161 0.133263
1170.000000 154.411819 20.860281 15.560120 35.645927 0.121421
1170.000000 489.251221 178.400940 14.047607 33.829254 0.118455
1170.000000 500.797638 176.365540 13.929535 33.631256 0.105713
1170.000000 167.615494 15.032616 18.491943 42.221474 0.084350
1170.000000 230.899353 0.209849 14.585266 29.709351 0.082513
1170.000000 456.212708 176.983490 12.364197 31.480591 0.072342
1170.000000 227.892822 0.106277 20.401733 47.227760 0.068276
1170.000000 210.788437 1.048872 21.872528 53.017899 0.058137
1170.000000 523.079895 185.137177 14.276978 36.472229 0.050173
1170.000000 79.593040 11.605043 16.035904 37.383545 0.050068
1200.000000 465.156250 169.333405 18.890503 45.526031 0.278099
1200.000000 587.683533 165.417908 18.192017 39.802734 0.210243
1200.000000 361.701263 185.758026 16.758057 41.795868 0.172421
1200.000000 502.275116 182.370346 19.400909 45.583984 0.147003
1200.000000 449.116333 174.493362 13.535461 32.767426 0.137276
1200.000000 424.961304 164.643829 20.312012 49.293030 0.122476
1200.000000 505.582977 182.355560 12.508270 30.734711 0.116226
1200.000000 390.658142 187.949722 17.609558 43.515839 0.089995
1200.000000 450.602386 182.092712 15.274658 35.632965 0.084755
1200.000000 585.575012 163.003586 24.779419 65.204712 0.078682
1200.000000 469.208954 167.780991 14.270508 30.422241 0.072166
1200.000000 526.650146 183.101135 16.374146 38.151031 0.062053
1200.000000 505.038239 135.789352 14.947906 32.599792 0.060040
1200.000000 29.766203 183.828323 13.865213 35.922577 0.056766
1230.000000 43.552254 187.583160 16.040794 38.582520 0.552877
1230.000000 71.669495 186.852814 13.087799 31.950653 0.202620
1230.000000 598.193726 157.531769 28.239136 70.681213 0.184913
1230.000000 572.387085 180.504562 12.677734 27.859467 0.128061
1230.000000 608.074768 156.227554 31.356445 72.604980 0.101289
1230.000000 511.298920 166.259033 16.269440 45.656067 0.100933
1230.000000 375.748901 183.910080 17.604370 45.686462 0.085203
1230.000000 278.820374 141.812637 29.508179 75.656555 0.082747
1230.000000 567.356934 180.860367 16.784302 38.715637 0.076574
1230.000000 287.720337 142.038895 15.809082 38.979523 0.068261
1230.000000 495.378876 167.309357 15.703064 38.510712 0.061677
1230.000000 603.152893 159.670944 20.517700 48.043610 0.059606
1230.000000 273.405823 152.484726 20.010132 48.916443 0.058883
1230.000000 504.671936 162.225250 24.549194 60.794647 0.051251
1260.000000 3.649478 184.492035 16.460495 37.802612 0.462921
1260.000000 37.094635 179.783310 15.394859 37.566132 0.462351
1260.000000 0.000000 176.082245 9.401747 45.254913 0.308099
1260.000000 44.562321 178.299423 14.406326 31.226013 0.211227
1260.000000 29.481234 175.593811 12.687571 31.292969 0.170540
1260.000000 524.967712 152.954269 25.254150 62.445099 0.134947
1260.000000 530.986572 156.572479 16.585571 42.248901 0.130636
1260.000000 489.862732 160.120026 17.046753 42.061432 0.109615
1260.000000 253.339508 127.845154 33.950439 83.984070 0.105479
1260.000000 60.546619 176.394958 15.248417 35.901855 0.086182
1260.000000 492.911194 161.219482 10.998535 31.452789 0.075418
1260.000000 603.043152 165.295456 24.839966 69.284149 0.067353
1260.000000 603.302307 169.892273 18.499512 46.322449 0.063491
1260.000000 74.967148 185.486267 12.973160 28.846405 0.056942
1260.000000 546.939453 152.445267 11.735107 27.789307 0.056762
1260.000000 579.732788 176.689117 22.066284 53.378296 0.056702
1260.000000 442.598877 179.162689 13.144348 32.029419 0.056224
1260.000000 9.384869 183.366409 14.427219 35.945984 0.050990
1290.000000 465.443604 159.115250 17.377686 46.483643 0.465727
1290.000000 540.360596 154.495514 21.681274 54.204865 0.256719
1290.000000 555.101196 145.861465 14.593384 32.692535 0.173854
1290.000000 515.694275 151.039780 18.953979 43.906860 0.172160
1290.000000 511.462006 148.401062 27.874908 65.673523 0.109569
1290.000000 525.135864 158.139008 21.223633 53.811890 0.085295
1290.000000 396.621124 169.270325 15.820740 40.036743 0.076740
1290.000000 492.318237 160.332336 16.301758 38.124207 0.067929
1290.000000 536.722534 157.610596 18.601196 42.868103 0.066930
1290.000000 529.802124 152.687408 15.480835 38.367126 0.063323
1290.000000 517.997070 149.289490 14.539917 30.732544 0.058862
1290.000000 546.068176 156.846573 14.693848 38.733398 0.056835
1290.000000 570.360779 169.497650 15.844482 38.152008 0.055509
1290.000000 474.121216 162.042084 12.604614 30.664734 0.052722
1320.000000 541.669373 161.024841 20.067017 52.373871 0.213055
1320.000000 496.212402 166.787689 16.978271 42.482544 0.197792
1320.000000 6.368180 188.701080 15.839900 41.533569 0.185483
1320.000000 558.901306 178.755554 17.608276 44.419739 0.172148
1320.000000 12.608644 187.352264 15.330096 39.996338 0.148180
1320.000000 173.708832 157.770767 18.942200 47.215088 0.135500
1320.000000 480.794830 178.122284 13.963135 34.333344 0.096825
1320.000000 547.393982 164.775650 13.221924 32.349579 0.069501
1320.000000 355.176880 73.089706 10.319397 26.868805 0.069174
1320.000000 559.278625 180.548004 12.107666 30.664734 0.067226
1320.000000 500.428650 164.997040 10.993286 30.702118 0.064648
1320.000000 348.358521 68.777802 11.270813 25.690262 0.063439
1320.000000 399.938324 63.682129 11.391296 27.175766 0.059335
1320.000000 539.174377 165.177475 15.566040 41.308136 0.056749
1320.000000 468.551849 170.918045 16.124634 40.764618 0.056214
1320.000000 301.503510 73.452553 15.880066 38.743149 0.056085
1320.000000 184.964813 152.100571 18.342194 44.985992 0.051862
1350.000000 97.050629 112.440750 30.017319 69.437012 0.452411
1350.000000 90.758881 112.623520 42.851273 100.656067 0.366768
1350.000000 526.690674 167.976501 23.293335 56.722565 0.138009
1350.000000 516.803711 174.490189 20.636230 52.443481 0.095473
1350.000000 549.137451 181.279724 18.907593 47.429169 0.083531
1350.000000 189.554337 143.854492 18.093201 42.921478 0.075020
1350.000000 554.160950 179.852173 13.803101 31.988617 0.069364
1350.000000 534.885376 177.689880 14.344849 37.274902 0.058212
1350.000000 518.834290 173.290543 14.979248 37.359863 0.057881
1350.000000 506.626556 169.165207 14.964752 37.295715 0.057198
1350.000000 108.245636 115.294037 20.040573 46.678345 0.052110
1380.000000 12.284451 202.968475 14.635532 36.802460 0.408296
1380.000000 5.615673 200.104309 16.861292 41.595276 0.388762
1380.000000 507.980682 180.887650 17.015411 39.025421 0.339402
1380.000000 516.160339 174.643600 19.697632 46.034241 0.260803
1380.000000 531.264709 179.246124 14.941772 35.527740 0.254734
1380.000000 507.179230 180.736526 12.198944 29.788757 0.164400
1380.000000 31.148220 198.467072 15.900177 38.648407 0.138322
1380.000000 0.000000 197.258682 9.802149 42.924835 0.123125
1380.000000 30.580343 200.444107 10.947710 26.203522 0.096943
1380.000000 498.421875 175.423462 12.375916 29.029541 0.096053
1380.000000 504.302002 179.563934 26.294312 52.664795 0.090303
1380.000000 2.369724 197.596863 13.781925 38.331635 0.074539
1380.000000 400.185181 73.330063 12.582397 28.709702 0.063347
1380.000000 521.996155 177.376465 13.325562 33.568542 0.059957
1380.000000 68.750069 207.066010 10.148041 23.816406 0.058336
1380.000000 407.438782 189.832825 16.475769 41.719391 0.052611
1410.000000 503.502197 175.502121 21.425537 57.534454 0.664307
1410.000000 567.485413 188.918381 23.339844 53.821289 0.550515
1410.000000 12.630414 206.783340 14.787173 36.971771 0.462521
1410.000000 4.807270 204.472275 15.781633 40.611542 0.411095
1410.000000 34.130562 201.538528 16.208160 39.068176 0.255328
1410.000000 572.015076 190.706680 14.677490 35.320953 0.218618
1410.000000 506.593933 177.264160 15.192139 36.790070 0.117848
1410.000000 0.026836 206.164078 9.382160 36.196442 0.110578
1410.000000 498.839142 181.873611 18.878387 46.469788 0.107973
1410.000000 18.666437 208.779434 13.433710 33.682098 0.095080
1410.000000 519.233765 181.857071 13.845703 33.918182 0.072416
1410.000000 626.230408 121.540436 13.700317 31.238983 0.070468
1410.000000 582.730347 195.964371 16.095581 37.218170 0.066403
1410.000000 576.056702 194.423767 15.169922 39.543457 0.060996
1440.000000 489.805847 184.889679 14.893066 35.115570 0.453517
1440.000000 136.677628 207.927673 14.159668 35.645172 0.341158
1440.000000 498.592987 185.884933 13.074402 34.744598 0.126050
1440.000000 398.403625 80.833031 12.076965 29.985947 0.102365
1440.000000 520.069336 185.761810 11.810913 29.511444 0.097960
1440.000000 606.878174 109.113449 13.678589 33.051514 0.094865
1440.000000 30.550423 201.369186 13.332993 32.664764 0.093145
1440.000000 488.207184 181.955276 21.346375 50.761871 0.078328
1440.000000 558.926147 155.903412 13.805542 34.770325 0.075252
1440.000000 67.875885 209.206924 10.862671 26.669525 0.074538
1440.000000 618.551941 110.784019 12.837524 30.620384 0.052941
1470.000000 510.889404 190.998734 15.397461 35.177307 0.143684
1470.000000 612.891113 207.016769 15.811890 37.638763 0.125510
1470.000000 554.600098 190.441071 11.583740 29.897003 0.071364
1470.000000 516.940613 188.854431 13.927979 34.664124 0.064810
1470.000000 480.052185 196.540771 15.069580 35.584442 0.061834
1470.000000 433.677582 205.370407 11.713989 26.480743 0.057591
1470.000000 610.293335 203.286652 22.510864 65.158844 0.055837
1470.000000 604.310730 234.660385 16.221191 36.303452 0.055099
1470.000000 404.426147 193.535965 17.918579 43.275299 0.053772
1470.000000 474.468719 184.585571 11.670654 30.925873 0.051095
1500.000000 10.759912 206.789978 16.803005 39.328918 0.442032
1500.000000 522.681030 195.769653 14.224609 34.768341 0.381992
1500.000000 5.690794 205.727844 15.787964 41.399261 0.358573
1500.000000 550.616028 196.520508 13.150391 31.855438 0.166376
1500.000000 545.758240 194.127213 18.782837 48.534149 0.146062
1500.000000 518.616760 193.455719 21.149780 48.090485 0.119651
1500.000000 539.173950 199.027771 14.946167 35.120178 0.114190
1500.000000 571.101440 191.651566 12.615479 29.999115 0.090778
1500.000000 560.446716 193.690872 15.938354 40.041260 0.078785
1500.000000 17.145081 212.473450 13.230659 33.423035 0.067829
1500.000000 433.972687 202.508301 11.961548 30.366821 0.056629
1500.000000 456.359375 0.244360 14.830872 32.153214 0.051858
1500.000000 0.000000 205.609268 9.818546 49.251923 0.051306
1530.000000 521.120667 200.603897 15.080566 34.219116 0.482878
1530.000000 539.312500 202.161926 12.561890 29.751404 0.180298
1530.000000 433.206360 205.613586 11.844788 26.457428 0.150854
1530.000000 6.621385 208.215225 15.455153 37.288849 0.085305
1530.000000 2.586340 206.080658 15.004549 48.334320 0.080573
1530.000000 524.564209 198.758011 11.204468 23.924835 0.065179
1530.000000 548.243896 195.076248 16.816040 43.876251 0.059950
1560.000000 13.512794 207.449951 14.768616 37.883759 0.606752
1560.000000 4.855948 205.313187 15.507065 41.000916 0.558795
1560.000000 522.630127 196.163757 14.867676 35.688721 0.427367
1560.000000 159.030670 18.132008 13.219116 31.145630 0.296892
1560.000000 434.087494 201.655457 12.350647 28.526581 0.191522
1560.000000 18.765188 211.840698 12.882046 32.484406 0.158128
1560.000000 403.188080 189.371979 19.143127 48.680817 0.094518
1560.000000 191.170914 1.040627 11.952515 24.586584 0.092176
1560.000000 0.000000 204.592285 9.361465 38.926361 0.086469
1560.000000 218.056488 136.987274 16.441376 38.941650 0.072286
1560.000000 560.367004 179.598923 16.607666 39.826630 0.068882
1560.000000 573.176636 187.073715 16.010376 38.442505 0.067397
1560.000000 162.807175 12.083986 15.844269 37.177689 0.061508
1560.000000 410.935089 208.599091 18.528625 46.398834 0.059696
1590.000000 432.055145 208.373260 14.012756 31.938629 0.227853
1590.000000 545.894653 192.567581 18.567261 43.703644 0.191675
1590.000000 395.709717 196.824127 14.784424 37.117889 0.185738
1590.000000 587.630798 214.559540 21.408691 50.655182 0.164797
1590.000000 144.103973 113.031113 22.522186 51.694672 0.159973
1590.000000 391.179047 197.549347 21.842102 55.679077 0.090613
1620.000000 94.777840 191.151306 27.440430 70.104370 0.082024
1620.000000 215.980728 194.998093 14.812653 35.845795 0.075586
1650.000000 10.170979 212.563446 16.506927 41.221130 0.287118
1650.000000 2.623992 215.292313 17.509346 40.228790 0.185772
1650.000000 0.331724 213.363434 12.416608 43.270660 0.132473
1650.000000 20.638607 96.005600 14.184601 34.391479 0.064473
1680.000000 492.727814 192.441742 19.093994 46.101624 0.300396
1680.000000 392.118042 207.202911 16.332520 38.543671 0.153533
1680.000000 565.768372 196.382446 15.331177 36.613831 0.061915
1680.000000 586.459167 230.228348 16.055176 37.382614 0.057229
1680.000000 529.603271 0.470047 14.362549 31.559666 0.050073
1710.000000 559.065247 193.281570 15.549927 38.128510 0.222433
1710.000000 564.618713 194.847443 16.469360 37.842499 0.216500
1710.000000 336.176819 163.713257 30.810974 75.767975 0.145600
1710.000000 564.547058 191.980835 11.678101 29.084351 0.124583
1710.000000 339.108704 163.011169 19.712219 46.697235 0.108621
1710.000000 486.761353 204.616730 13.187805 32.143433 0.094221
1710.000000 346.085205 167.160019 19.851074 46.616669 0.090287
1710.000000 599.087402 126.864235 10.844238 27.199791 0.070500
1710.000000 8.933441 174.857788 22.930698 54.488953 0.070335
1710.000000 485.632385 111.595551 13.180542 31.500549 0.068483
1710.000000 27.610291 206.073914 13.818474 36.450958 0.055833
1710.000000 558.490540 127.379333 10.814209 27.840332 0.055635
1710.000000 545.633484 195.607956 13.423340 30.698425 0.053442
1740.000000 579.098328 159.364822 16.739380 40.694550 0.186120
1740.000000 386.457489 66.389992 11.820740 29.921356 0.138077
1740.000000 570.374207 184.862732 19.038208 46.472839 0.073510
1740.000000 555.989746 174.826401 16.065796 39.747528 0.067842
1740.000000 485.434326 196.339966 14.072754 33.896271 0.054065
1770.000000 583.430176 127.900658 14.776733 33.279152 0.053815
1800.000000 596.003845 181.843582 18.035767 42.251007 0.185149
1800.000000 573.974731 141.830353 12.672974 28.127716 0.182195
1800.000000 127.756386 73.083748 13.605888 32.727859 0.156043
1800.000000 384.534973 57.994762 13.770325 32.891666 0.146653
1800.000000 543.307617 94.873398 26.489990 64.939438 0.144885
1800.000000 523.704224 189.544525 13.395996 32.465851 0.144289
1800.000000 263.907654 82.785912 15.530212 37.273544 0.128592
1800.000000 569.814941 108.201988 12.492065 31.128014 0.124867
1800.000000 331.511047 53.163525 15.352173 37.451801 0.107470
1800.000000 326.055420 63.851364 11.112549 28.168991 0.101398
1800.000000 159.763184 76.665588 15.398102 36.613632 0.077483
1800.000000 149.199173 81.872192 15.938049 38.032684 0.072625
1800.000000 166.198654 68.021606 14.199097 34.655045 0.065078
1800.000000 389.157776 58.235382 11.543579 27.080902 0.057076
1830.000000 507.424713 193.099731 13.777679 34.480103 0.115193
1830.000000 601.548767 181.122437 16.904541 39.152374 0.089994
1830.000000 491.658142 192.777878 11.589966 29.035492 0.089762
1830.000000 613.072571 193.783722 12.213013 31.782501 0.056885
1830.000000 609.281982 192.136871 18.105713 45.782501 0.052989
