30.000000 5.445308 215.038330 13.284945 30.652008 0.384473
30.000000 94.098267 202.988937 14.769241 37.274353 0.338011
30.000000 601.262390 218.125824 26.235718 61.276337 0.256547
30.000000 60.814674 197.784927 15.553375 34.943787 0.255465
30.000000 1.055550 213.276749 17.628208 46.928146 0.254582
30.000000 84.740959 206.727280 11.757858 28.969330 0.238622
30.000000 30.330673 216.788681 12.666412 30.239105 0.179236
30.000000 52.316673 199.368851 13.924103 33.023102 0.131573
30.000000 2.609316 227.631927 11.482946 33.748413 0.088770
30.000000 0.000000 209.989899 9.667441 46.218628 0.085120
30.000000 99.110046 203.185425 12.113663 28.639160 0.082626
30.000000 358.096741 197.859467 17.856873 42.012360 0.080984
30.000000 618.583435 212.768921 21.260864 74.586884 0.068742
30.000000 52.544811 196.292999 22.511890 43.823120 0.058373
30.000000 469.761292 200.431015 12.997681 32.020355 0.057282
60.000000 6.196272 189.126572 15.124445 35.567413 0.113241
60.000000 1.527812 196.933090 13.044958 32.322906 0.104037
60.000000 298.692444 196.899384 13.010315 31.421265 0.094442
60.000000 135.619873 198.385788 12.184998 30.983063 0.073457
90.000000 0.669282 194.525635 16.116783 30.871338 0.242725
90.000000 362.160065 188.533386 14.342285 34.359497 0.209193
90.000000 472.375641 176.648102 22.116516 55.647552 0.196809
90.000000 100.365555 197.490417 15.281830 37.802795 0.133684
90.000000 476.777771 180.117798 14.110779 36.181122 0.099002
90.000000 13.427944 195.541489 12.889690 31.284180 0.098718
90.000000 0.050292 192.710587 9.254023 37.038757 0.092725
90.000000 68.822441 195.709290 12.544418 30.747894 0.092282
90.000000 490.753937 180.328735 20.222473 47.671021 0.090280
90.000000 340.053680 185.399628 14.356567 35.131531 0.075676
90.000000 593.525391 184.078125 19.570190 47.571289 0.071029
90.000000 368.144440 189.582901 12.681458 31.505981 0.063399
90.000000 504.335236 181.201035 16.297089 36.951324 0.056872
90.000000 588.070435 179.952026 27.116089 73.858215 0.056582
120.000000 505.743256 190.392349 15.999481 40.100922 0.128706
120.000000 468.141815 195.884933 14.482117 36.334137 0.062677
120.000000 367.157288 182.776321 14.649963 36.078674 0.062425
120.000000 87.537178 207.412796 12.328003 27.901978 0.053440
150.000000 92.005310 109.120819 16.093399 38.899658 0.206404
150.000000 258.395508 70.555984 13.255127 31.193726 0.189085
150.000000 111.665665 143.766144 14.076996 31.264221 0.100671
150.000000 525.064331 0.761162 15.364380 26.750566 0.088313
150.000000 206.685516 98.081833 18.350006 43.688995 0.084519
150.000000 38.658123 201.269104 13.561745 30.546387 0.079667
150.000000 63.850872 208.684357 13.486431 32.385590 0.053212
180.000000 257.570831 63.664879 13.173462 29.796631 0.084967
180.000000 83.106209 209.556686 14.723221 33.826660 0.050645
210.000000 608.964478 163.553284 21.985596 58.914612 0.181470
210.000000 537.632568 176.877930 19.090942 46.946442 0.143562
210.000000 54.768433 77.371925 9.881653 22.929474 0.105872
210.000000 12.851979 61.572815 14.125304 32.874161 0.077301
210.000000 611.727722 169.806107 15.250732 37.081879 0.074412
210.000000 19.638220 64.607887 13.854189 30.202118 0.053530
210.000000 257.569275 191.836090 11.570374 27.336548 0.053185
240.000000 168.769043 197.420929 12.561951 33.277588 0.062819
270.000000 7.745137 182.958694 17.000572 38.090515 0.529940
270.000000 155.191635 195.693390 12.844269 32.959747 0.164045
270.000000 14.770581 182.744888 18.331772 34.897552 0.097909
270.000000 452.875366 195.352203 11.067627 32.126617 0.077528
270.000000 167.598511 203.077484 12.330505 32.474182 0.068953
270.000000 147.429504 200.356583 13.439697 33.920593 0.057308
270.000000 150.606262 196.975006 24.654724 60.443939 0.051649
300.000000 252.397705 119.596283 12.987610 31.271484 0.125905
300.000000 21.910646 190.082947 12.159384 31.492432 0.118872
300.000000 34.871914 193.982086 14.694099 35.382996 0.114217
300.000000 132.686081 196.935898 14.476318 36.119965 0.111956
300.000000 297.221619 101.613007 17.798462 39.114853 0.059889
330.000000 66.395653 181.528107 17.561935 44.176636 0.079365
330.000000 11.698195 194.920731 15.133210 34.245941 0.065673
330.000000 117.195694 200.293396 21.050903 49.125610 0.064946
360.000000 211.679367 117.806732 17.181641 39.044769 0.141760
360.000000 138.691864 20.256702 16.152039 37.942146 0.107834
360.000000 208.656998 26.724350 13.491394 30.648315 0.071061
360.000000 115.854385 199.937881 18.774918 45.258331 0.062821
390.000000 134.378632 80.790825 20.075348 46.824646 0.382953
390.000000 589.291443 181.350174 12.874756 31.130524 0.233940
390.000000 588.850952 176.325851 21.442749 46.914764 0.152304
390.000000 138.962570 81.150047 13.151764 31.046707 0.084142
390.000000 139.473846 23.296392 16.614288 38.748947 0.075934
390.000000 77.671654 190.627228 13.777817 33.601807 0.066582
390.000000 119.952858 201.188629 11.916359 28.702209 0.063955
390.000000 472.714081 176.006119 15.878235 39.070892 0.051271
420.000000 119.523270 204.317551 12.239487 31.107300 0.124230
420.000000 77.433212 198.751770 12.814682 31.727325 0.070836
450.000000 222.131836 30.647964 17.555511 40.655945 0.382573
450.000000 190.218521 28.522541 18.425323 42.706875 0.299870
450.000000 178.468018 6.147959 19.767151 51.094398 0.204546
450.000000 210.526047 33.107677 11.550842 27.205475 0.187648
450.000000 218.820847 29.342234 24.061584 60.719482 0.128121
450.000000 207.103302 87.360687 13.334198 30.777756 0.126092
450.000000 210.279770 37.463394 17.635162 39.334702 0.113556
450.000000 161.521225 21.718330 11.734100 24.719589 0.103488
450.000000 253.366806 168.321579 19.253525 44.337982 0.102677
450.000000 141.957687 24.133980 12.562866 33.726906 0.093068
450.000000 192.379944 26.957134 13.078491 31.342133 0.086497
450.000000 159.203995 22.478373 15.230743 38.586945 0.075544
450.000000 6.942307 198.076157 15.629927 34.171143 0.070109
450.000000 197.331757 31.813522 15.446228 34.419983 0.068431
450.000000 364.719574 173.150711 14.439941 34.263763 0.057059
450.000000 246.391693 166.887482 26.723816 66.251190 0.055416
450.000000 285.395416 127.103653 14.025879 34.214417 0.052087
480.000000 131.244278 105.976669 16.513458 38.157486 0.125533
480.000000 599.042664 134.338272 20.471680 50.934784 0.086541
480.000000 323.001648 170.032379 22.639587 58.823425 0.083310
480.000000 325.698853 172.613846 15.568481 41.116852 0.078060
480.000000 365.289032 174.595932 12.083496 28.562927 0.050865
540.000000 227.562576 193.535110 10.750763 26.450500 0.143500
540.000000 549.814819 205.574890 16.157104 35.666870 0.074291
540.000000 16.772171 201.125763 15.697117 36.312012 0.052881
570.000000 220.136536 33.322906 18.551910 40.849304 0.124868
570.000000 209.718292 35.059967 12.304901 28.671860 0.057237
570.000000 75.279709 193.323608 14.981537 37.049957 0.055024
600.000000 222.088974 33.081238 17.055664 39.459953 0.193145
600.000000 178.409622 8.424194 18.786469 47.419731 0.137121
630.000000 177.536041 9.004616 20.717773 52.249557 0.088353
630.000000 295.307678 103.899513 17.973755 40.752602 0.078879
630.000000 140.593292 29.238749 14.283813 34.951424 0.070121
630.000000 292.296021 103.413956 26.365173 57.640289 0.061572
630.000000 16.220886 202.020874 13.099972 30.512848 0.057255
630.000000 6.344085 200.659698 16.706467 36.807190 0.053620
660.000000 179.531052 8.462690 18.142914 44.715683 0.160411
660.000000 461.978546 177.063934 15.270569 36.900909 0.099125
660.000000 138.618118 30.669161 13.562988 34.122093 0.082682
660.000000 135.031448 211.415359 13.269592 34.734863 0.078455
660.000000 114.398811 208.736496 24.934837 69.623032 0.064197
660.000000 473.404327 182.018890 15.926697 38.033722 0.064172
690.000000 15.448609 201.420685 14.749965 33.318604 0.168589
690.000000 221.824677 33.351135 17.137360 39.660004 0.101397
690.000000 6.319324 200.005981 16.388607 35.942322 0.100241
690.000000 178.055298 8.787546 19.834503 49.671349 0.080788
690.000000 208.912262 34.532486 13.239624 31.112511 0.065101
720.000000 15.696175 201.188370 13.503868 30.267303 0.216116
720.000000 7.317639 201.399109 15.414657 33.861267 0.211725
720.000000 208.995758 34.717468 13.067963 30.900230 0.076736
720.000000 363.949493 174.985641 14.906433 36.344086 0.074631
750.000000 16.050512 202.001099 13.962738 32.162262 0.191504
750.000000 68.698158 188.645325 17.874237 42.066467 0.083829
780.000000 250.097992 126.479843 15.441040 35.197876 0.215012
780.000000 212.189758 127.114731 16.899445 38.851868 0.134988
780.000000 467.911285 167.193024 18.215088 46.544006 0.117369
780.000000 221.485016 33.802162 17.219879 38.146858 0.113998
780.000000 284.332245 131.082581 15.047913 36.114532 0.078403
780.000000 235.146500 126.670959 12.530487 28.720154 0.068550
780.000000 134.598267 109.486382 15.486603 34.623985 0.066337
780.000000 384.574188 131.226562 13.102234 30.589142 0.063283
810.000000 6.457806 200.767166 15.733761 34.523407 0.071792
810.000000 209.084763 34.538452 13.385040 31.374878 0.065442
810.000000 221.002075 33.295055 17.846802 39.883213 0.060667
810.000000 88.100075 202.490082 12.106888 29.089600 0.052569
840.000000 69.164391 185.262314 16.006393 39.660767 0.175571
840.000000 135.306900 32.953209 19.418243 46.361549 0.097324
840.000000 213.626465 124.725945 14.694092 33.850563 0.081215
840.000000 251.855408 128.060028 13.499146 31.504944 0.052315
870.000000 475.313873 178.290451 20.767334 48.061279 0.299194
870.000000 123.825851 64.246971 18.218506 42.410248 0.126583
870.000000 467.093658 183.634125 13.947388 34.316650 0.102802
870.000000 406.963867 103.129219 17.664062 38.363686 0.097650
870.000000 383.114105 182.746841 16.991943 38.753906 0.054048
870.000000 298.119507 105.485138 17.220581 37.921509 0.051640
900.000000 0.000000 193.972687 19.403698 75.231293 0.540126
900.000000 1.188628 199.667053 15.344537 46.670410 0.060690
900.000000 206.673386 34.864826 12.339874 30.188396 0.057603
930.000000 1.711442 211.168152 22.827461 58.973022 0.523058
930.000000 79.250221 214.559738 12.554108 28.696442 0.214618
930.000000 19.209778 197.209457 15.647884 37.835266 0.147914
930.000000 197.452072 130.522873 13.391357 29.931732 0.127752
930.000000 525.465454 218.780228 12.654175 29.079803 0.119858
930.000000 559.341858 208.746841 14.074951 33.540070 0.087172
930.000000 597.903931 229.225266 13.260376 29.699265 0.060941
930.000000 144.000687 190.628647 21.544708 51.620270 0.059328
930.000000 211.732407 130.809738 12.506042 31.614929 0.054810
930.000000 292.316956 113.578377 17.279785 39.516960 0.050082
960.000000 573.011414 222.412918 12.735229 31.048584 0.344056
960.000000 288.576416 109.167786 14.104919 33.435745 0.202190
960.000000 60.492058 91.257896 14.388718 33.414688 0.107913
960.000000 383.517273 191.742004 14.259888 34.949921 0.087124
960.000000 245.882126 111.704918 13.689072 32.343651 0.078617
960.000000 280.699493 110.001343 14.198242 33.420074 0.075465
960.000000 48.748463 225.995850 23.843128 57.443115 0.072855
960.000000 86.097832 97.569763 18.049820 42.284409 0.066002
960.000000 256.391205 107.241180 13.108643 30.442810 0.065281
960.000000 248.127899 112.369957 16.208435 39.884621 0.059903
960.000000 105.900337 109.363899 14.755447 34.245430 0.058888
990.000000 412.655243 111.160004 14.262451 33.591843 0.409701
990.000000 422.152924 112.228912 13.849548 33.349060 0.354599
990.000000 417.925293 113.084785 11.671082 30.086845 0.284796
990.000000 405.998352 110.306915 13.813904 33.356186 0.238740
990.000000 430.768188 106.907082 15.642090 38.844368 0.134229
990.000000 288.237946 106.634712 13.510803 31.797585 0.117772
990.000000 68.330078 77.873405 15.505493 38.135376 0.108298
990.000000 179.050613 207.823669 17.253387 38.582458 0.085463
990.000000 197.210205 104.951698 13.046356 29.510994 0.070074
990.000000 391.207367 126.133217 12.214233 29.263161 0.050919
1020.000000 425.218597 92.373558 12.348694 29.876450 0.242851
1020.000000 269.833435 85.570038 11.781921 30.307297 0.099749
1020.000000 242.677811 91.767967 15.894577 35.821899 0.081181
1020.000000 229.790268 92.996033 11.845581 27.985016 0.070279
1020.000000 208.017990 84.726341 14.843567 33.894287 0.064307
1020.000000 448.349487 83.540932 16.048889 40.058838 0.063821
1020.000000 484.455933 99.707443 14.100464 33.818619 0.062353
1020.000000 413.515503 94.173996 12.081787 27.203812 0.061094
1020.000000 513.607971 63.226044 11.891602 28.456619 0.060444
1020.000000 247.900024 91.521744 12.591064 28.140320 0.058232
1050.000000 17.990953 34.918324 13.990108 33.444256 0.483286
1050.000000 65.882072 38.173874 13.722580 31.554047 0.309801
1050.000000 199.734055 30.466694 12.274628 29.274330 0.298598
1050.000000 206.547333 28.905071 13.453156 30.436462 0.294808
1050.000000 58.619602 38.748680 13.009838 29.951927 0.286071
1050.000000 160.808350 25.021835 12.034637 29.220833 0.238859
1050.000000 337.407867 25.718243 12.928711 29.070671 0.235032
1050.000000 330.850555 26.816542 13.834045 32.963135 0.213551
1050.000000 35.391674 26.349043 13.584923 34.292831 0.206819
1050.000000 168.255402 30.684296 13.098419 30.932304 0.197043
1050.000000 298.982880 34.421799 12.389526 28.255966 0.191317
1050.000000 468.771545 26.527573 15.253845 36.344093 0.188639
1050.000000 456.520203 26.102228 16.505127 36.901596 0.171413
1050.000000 190.867218 26.707859 12.142181 29.501236 0.158211
1050.000000 326.513885 27.205868 11.512878 26.483032 0.154204
1050.000000 133.714554 34.210144 13.181763 29.832047 0.146270
1050.000000 22.901161 36.849171 13.620052 31.658031 0.130547
1050.000000 80.062721 30.088717 13.782379 33.981079 0.130408
1050.000000 129.386078 31.375734 13.219025 31.893820 0.125747
1050.000000 173.105576 28.655300 13.227905 31.816772 0.108430
1050.000000 213.898911 26.254627 12.949951 29.869904 0.098864
1050.000000 541.119751 25.626642 16.165771 37.495354 0.095615
1050.000000 46.189018 29.689318 15.561462 36.810677 0.094991
1050.000000 185.854309 180.499542 14.266663 34.459900 0.092281
1050.000000 149.189423 31.758099 13.783936 32.636326 0.090655
1050.000000 482.655975 26.983351 16.188782 36.866600 0.090432
1050.000000 450.006470 32.442623 13.244995 30.686188 0.082166
1050.000000 546.923340 26.887995 14.592285 34.387398 0.057795
1050.000000 43.638527 232.640945 14.369209 34.965805 0.057643
1050.000000 464.367188 25.293148 12.319885 31.602379 0.054540
1050.000000 605.975220 25.400738 20.315796 43.564838 0.054470
1050.000000 30.622936 26.145409 14.186104 33.376144 0.052964
1050.000000 88.299995 38.824009 13.500961 28.834705 0.052064
1080.000000 457.183807 136.727081 17.609192 43.836578 0.158303
1080.000000 61.364876 168.050354 26.036285 65.000763 0.054291
1110.000000 95.552246 111.132172 18.273865 45.035828 0.386284
1110.000000 189.828217 27.106602 12.612640 28.396912 0.085303
1110.000000 493.244141 114.756744 14.761353 34.622711 0.056074
1140.000000 94.499107 90.225182 16.975296 41.474983 0.146264
1140.000000 474.237610 18.630703 14.043945 33.183830 0.095413
1140.000000 509.471436 22.509153 11.368530 28.982576 0.095070
1140.000000 561.649353 85.379967 22.596191 53.172707 0.089401
1140.000000 453.815887 70.826210 10.933716 29.421478 0.079007
1140.000000 552.315308 74.613708 28.452271 68.711105 0.074532
1140.000000 495.363373 43.902344 15.155090 36.649269 0.073935
1140.000000 511.338715 5.552620 26.806732 70.793236 0.067770
1140.000000 506.765778 20.246943 17.626984 42.606293 0.063443
1140.000000 572.256714 64.173187 26.677612 74.458923 0.062886
1140.000000 513.920471 9.536179 19.975342 47.048820 0.061680
1140.000000 16.238195 43.104706 27.651598 62.196915 0.057030
1140.000000 302.580597 1.802481 13.442566 31.729334 0.054998
1140.000000 474.148987 56.357605 11.683289 28.192505 0.054790
1170.000000 224.304916 49.709484 16.379303 39.510014 0.182786
1170.000000 569.591919 136.749252 11.039673 25.775360 0.101659
1170.000000 317.523376 139.544312 13.213013 31.672180 0.077245
1200.000000 553.625366 142.834946 17.268311 41.234894 0.307707
1200.000000 457.032745 148.957489 19.533142 44.992859 0.278759
1200.000000 555.402649 141.396210 11.954590 31.420715 0.144592
1200.000000 461.434387 150.954758 11.863037 32.023071 0.140197
1200.000000 306.296143 42.495201 19.213013 46.216080 0.089127
1200.000000 466.373932 151.443558 14.714539 33.104553 0.088125
1200.000000 147.649933 31.643547 16.238586 37.645287 0.071105
1200.000000 519.510559 142.103546 19.843628 47.967224 0.065731
1200.000000 608.270874 157.969254 16.935669 41.766571 0.056357
1230.000000 572.491638 161.621033 14.807129 35.941193 0.095251
1260.000000 402.829437 181.751373 16.486633 39.573761 0.139899
1260.000000 617.518127 192.340912 16.074341 43.960541 0.085718
1260.000000 456.417908 209.332001 14.218933 34.721100 0.068832
1290.000000 174.067917 4.525852 25.937439 64.328064 0.224694
1290.000000 180.228180 4.999390 18.500000 42.240417 0.119271
1290.000000 445.450470 191.784409 14.387878 35.626495 0.065873
1320.000000 353.538727 197.187744 11.794312 32.908875 0.359851
1320.000000 345.579987 196.428772 12.383606 33.602295 0.107565
1320.000000 406.352539 190.951965 15.498047 36.711121 0.075230
1350.000000 215.126663 197.322968 15.134613 38.816345 0.748198
1350.000000 617.841064 190.875809 21.139404 57.943634 0.273959
1350.000000 0.000000 194.829773 17.310200 57.376953 0.190395
1350.000000 50.598827 218.352692 14.515514 34.905945 0.180785
1350.000000 208.791199 200.787003 12.627502 30.241577 0.145097
1350.000000 582.117371 207.097183 10.943481 23.820312 0.050995
1380.000000 55.147434 199.215134 22.180889 53.668640 0.963394
1380.000000 94.878586 201.919037 14.618256 35.993958 0.848362
1380.000000 51.798931 198.587112 16.836018 42.985107 0.234613
1380.000000 63.415520 199.085220 19.857880 53.686859 0.229601
1380.000000 4.865746 209.314606 18.476648 49.225739 0.079600
1380.000000 65.230431 194.734375 14.594437 38.783081 0.058226
1440.000000 46.046352 202.893631 15.471603 36.995697 0.117026
1440.000000 108.305092 203.328903 11.444687 27.290253 0.110724
1440.000000 40.773487 208.545258 14.207840 33.480103 0.073405
1470.000000 111.099739 184.731583 16.875748 40.638489 0.192686
1470.000000 122.381622 200.345200 12.507172 31.194733 0.179259
1470.000000 0.158860 197.790222 15.819839 48.823700 0.140768
1470.000000 613.410278 179.334732 11.000732 28.737305 0.099744
1500.000000 104.281364 183.196518 13.156937 30.140900 0.205047
1500.000000 101.380547 183.145889 20.868927 48.363739 0.172643
1500.000000 86.658752 185.118164 13.029022 30.016937 0.111002
1530.000000 612.246216 194.802521 13.896484 34.324738 0.167609
1530.000000 544.726257 208.637405 9.119751 26.961731 0.063592
1560.000000 427.205627 203.113403 11.006470 28.074738 0.118831
1560.000000 77.717171 183.620255 19.580078 49.825745 0.070569
1560.000000 65.291466 206.900330 12.218948 29.264282 0.059872
1560.000000 80.137627 186.192322 14.569839 32.242767 0.050413
1590.000000 615.201843 201.065567 13.035522 28.952637 0.068184
1590.000000 556.774292 209.621719 8.908813 22.272461 0.057981
1590.000000 78.197144 186.874268 19.996643 51.645416 0.052813
1590.000000 620.708130 201.374329 12.337891 28.273163 0.051233
1590.000000 172.192856 201.184525 12.837006 30.585602 0.050401
1620.000000 352.192596 213.080246 9.814819 25.557831 0.129354
1620.000000 96.354240 192.835724 13.242767 29.470947 0.122519
1620.000000 92.549118 193.438766 22.330124 51.356659 0.102507
1620.000000 475.059052 206.466171 13.237122 31.272644 0.097428
1620.000000 627.089722 121.878616 12.885010 41.334106 0.094967
1620.000000 619.157349 202.068726 11.428955 29.370911 0.076462
1620.000000 315.643463 211.144516 9.297058 23.860474 0.055246
1620.000000 355.367889 212.238449 11.211731 25.318909 0.050586
1650.000000 48.407024 218.890411 12.978256 31.164215 0.415378
1650.000000 568.085938 223.468201 9.600708 24.315308 0.117911
1680.000000 12.875270 214.848846 14.409951 35.141876 0.278174
1680.000000 39.405804 194.935303 14.130112 35.117737 0.109704
1680.000000 468.293121 223.397888 10.857483 28.764893 0.104360
1680.000000 16.636675 187.504776 24.927839 62.200195 0.052471
1710.000000 1.598955 172.615433 28.637976 78.302826 0.442489
1710.000000 491.235474 218.815521 13.569336 36.698883 0.343660
1710.000000 75.596741 120.290451 17.641495 41.420441 0.209673
1710.000000 22.664206 176.238083 15.570799 37.093689 0.109231
1710.000000 541.156433 233.744400 12.085693 31.064590 0.087105
1710.000000 548.766052 225.257065 13.513794 33.664200 0.081178
1710.000000 17.528824 208.503174 16.572029 40.112457 0.071585
1710.000000 82.695305 111.463196 21.447342 54.711975 0.067909
1710.000000 524.423401 218.708633 12.250244 28.789246 0.058586
1710.000000 9.721202 199.489502 21.281513 49.497528 0.054515
1710.000000 0.066904 181.681229 11.550062 56.497162 0.052886
1740.000000 499.763580 216.826035 19.129181 44.100540 0.436180
1770.000000 94.863754 191.512466 12.619583 31.680176 0.477318
1770.000000 85.957367 186.945984 15.456848 36.912384 0.283890
1770.000000 169.628326 204.056107 11.841522 30.435059 0.052523
1800.000000 35.736130 180.058105 25.437775 58.919922 0.773225
1800.000000 30.324249 98.057709 15.493896 33.420776 0.254736
1800.000000 34.852055 90.135910 16.707123 38.430710 0.176179
1800.000000 190.969772 204.268753 11.870422 30.176788 0.170762
1800.000000 30.391132 90.041321 24.198669 57.834839 0.094966
1800.000000 20.511461 105.430855 17.178549 42.412560 0.058596
1830.000000 442.277466 191.473846 17.869202 43.839508 0.113002
1830.000000 539.241028 187.361725 27.553345 67.023285 0.088742
1830.000000 547.465881 191.199356 18.040405 43.267517 0.067888
