30.000000 411.804810 171.245758 13.152710 33.316193 0.293494
30.000000 419.294922 183.765503 14.870605 34.057892 0.214678
30.000000 370.501984 188.890167 10.890564 25.386566 0.192503
30.000000 541.195862 181.227386 14.289062 34.956970 0.144005
30.000000 434.425842 177.834610 12.296265 29.945801 0.091003
30.000000 175.309998 141.311081 14.883514 35.183289 0.059960
60.000000 433.931854 183.143982 17.566040 41.847076 0.378763
60.000000 436.284790 182.819962 11.246704 32.523438 0.284073
60.000000 542.968323 183.079910 14.009888 32.983490 0.230316
60.000000 410.310486 177.161133 13.668213 35.085175 0.174238
60.000000 323.089600 150.008911 14.191528 34.063660 0.150841
60.000000 541.310608 181.903549 19.358032 47.992004 0.119135
60.000000 421.488464 184.580002 12.934570 33.206970 0.105080
60.000000 403.579132 181.300232 16.423706 37.948395 0.066765
60.000000 336.889435 166.168869 12.968994 32.813324 0.054721
90.000000 433.759888 180.915573 19.046814 45.783844 0.310066
90.000000 435.899017 175.643738 13.913025 34.167389 0.207828
90.000000 172.785934 143.215958 16.722778 37.942596 0.128806
90.000000 395.780945 187.105225 13.051941 32.191742 0.095297
90.000000 545.890198 184.696625 13.064575 31.251373 0.095192
90.000000 412.034607 173.596268 13.207458 34.312042 0.092796
90.000000 544.604675 179.875092 11.436401 28.559052 0.090560
90.000000 198.301849 136.875107 18.509064 43.528717 0.087132
90.000000 157.512650 137.330139 13.489044 30.421783 0.085718
90.000000 553.781616 174.465622 13.058838 33.458923 0.078324
90.000000 322.828339 150.030746 14.504089 33.570068 0.077120
90.000000 538.710876 177.754013 14.767334 34.390320 0.056527
90.000000 312.005585 145.292389 12.566467 29.416565 0.051188
90.000000 543.241699 182.962723 19.418579 45.702118 0.050676
120.000000 435.098633 180.949631 16.576538 40.905579 0.290934
120.000000 199.425293 137.738708 14.076904 32.173645 0.193096
120.000000 173.384415 144.657715 16.839539 40.170227 0.189909
120.000000 436.580414 175.294205 11.094360 27.653351 0.174667
120.000000 543.689392 185.027786 16.595581 39.749695 0.135692
120.000000 542.315308 182.368011 11.997192 29.773224 0.119737
120.000000 216.286072 145.747177 14.670105 34.960541 0.117922
120.000000 323.449707 151.589783 14.245972 34.205994 0.114314
120.000000 310.829132 147.575500 13.644958 32.455048 0.105794
120.000000 536.034180 183.433121 25.163940 59.870422 0.070644
120.000000 198.006973 138.148697 19.395691 47.004761 0.059738
120.000000 209.910065 144.844223 29.580109 74.491699 0.052718
120.000000 536.671326 182.060562 18.229736 43.275726 0.050649
150.000000 435.169342 182.548798 17.144104 41.158722 0.301424
150.000000 542.955505 185.552414 17.926758 43.667755 0.296123
150.000000 546.038574 185.886230 11.891479 29.604370 0.192639
150.000000 158.127060 138.181763 12.674072 30.005829 0.183170
150.000000 312.567261 146.651276 11.903992 28.897766 0.147265
150.000000 322.963684 151.972641 14.917053 37.539368 0.126115
150.000000 200.168518 137.629303 13.292786 30.002319 0.110900
150.000000 175.154236 144.661224 15.053955 34.614197 0.104814
150.000000 537.795898 183.111160 29.164917 68.117584 0.075772
180.000000 544.937744 185.025787 11.990479 30.247375 0.301862
180.000000 539.934631 185.609390 21.610107 52.404510 0.271688
180.000000 435.511902 184.017303 14.839600 36.352295 0.267419
180.000000 533.923828 183.549149 33.612183 79.433914 0.122802
180.000000 433.084473 183.788605 12.650574 29.692657 0.099661
180.000000 200.024216 138.187469 13.439911 31.081512 0.087808
180.000000 173.721375 145.255432 15.107788 33.492950 0.080280
180.000000 433.622314 181.844162 22.387329 51.194366 0.056061
180.000000 547.149414 184.015137 23.970459 58.897339 0.051128
210.000000 533.086182 182.784637 33.926392 77.941498 0.311631
210.000000 322.562012 152.634338 14.907532 36.684448 0.231690
210.000000 546.075012 184.913651 13.084717 30.351898 0.215176
210.000000 434.601715 184.730347 13.305908 32.601013 0.201188
210.000000 539.125000 184.142365 23.756836 54.393341 0.181568
210.000000 437.699219 174.802780 13.569824 32.773956 0.115610
210.000000 411.089142 179.449814 12.957031 33.479462 0.104574
210.000000 106.184937 157.872253 21.228989 52.503448 0.100583
210.000000 312.072571 148.067657 12.759644 29.914673 0.100393
210.000000 434.419098 181.771164 20.272766 49.485107 0.083958
210.000000 158.544479 138.470474 12.947693 29.353424 0.077680
210.000000 200.406998 138.196396 12.870819 30.787720 0.073791
210.000000 522.999084 177.739304 46.074585 116.117844 0.064666
210.000000 538.426086 181.803772 17.474487 38.250641 0.059702
240.000000 542.789368 188.799805 22.959351 55.429504 0.455119
240.000000 536.631836 185.623215 33.342285 79.201492 0.157194
240.000000 548.223816 185.125519 11.405151 26.554382 0.152786
240.000000 430.003113 188.526001 11.850769 29.312164 0.137915
240.000000 434.957184 184.481674 11.420654 26.562286 0.076482
240.000000 411.713196 178.541779 12.195251 31.962585 0.073651
240.000000 247.766190 133.944382 13.275101 30.782471 0.071711
240.000000 44.795479 166.001434 18.381424 44.756653 0.070623
240.000000 431.488861 189.328613 14.783264 37.431763 0.065788
240.000000 546.774963 186.589355 16.564087 39.021820 0.055184
270.000000 90.086823 176.167175 19.803375 46.568542 0.408896
270.000000 91.919594 176.753708 14.204819 31.947571 0.213122
270.000000 433.077881 182.858307 13.844421 31.535583 0.155053
270.000000 322.718506 151.589874 13.724915 31.732697 0.146999
270.000000 388.937836 152.406815 21.334167 48.666016 0.138098
270.000000 91.943130 172.110565 25.828720 62.718964 0.119716
270.000000 413.707336 175.057007 11.161438 29.015228 0.115341
270.000000 79.419800 181.225693 14.982712 35.513519 0.109226
270.000000 102.446953 166.522736 14.270203 35.906738 0.095615
270.000000 312.747406 147.590942 12.472107 29.500275 0.087953
270.000000 554.113708 185.862411 13.260620 31.644592 0.067464
270.000000 561.351257 188.954666 15.904175 39.863617 0.065072
270.000000 397.949890 152.529282 15.059509 34.881836 0.063070
270.000000 446.104065 178.211823 11.127197 30.670685 0.061623
270.000000 99.045609 166.988754 20.576157 50.722351 0.054122
270.000000 218.468048 146.522263 9.912628 24.402283 0.052955
270.000000 321.650635 151.618866 19.708252 47.329346 0.051483
300.000000 426.544983 189.706619 13.668457 31.006042 0.140147
300.000000 459.955841 174.827637 12.106628 30.688324 0.116735
300.000000 415.003082 177.083878 12.008789 31.548157 0.111120
300.000000 96.921318 191.366638 14.927551 35.308228 0.110980
300.000000 408.880219 185.865189 13.314453 34.076050 0.098591
300.000000 457.348816 175.086273 18.016235 42.819244 0.084506
300.000000 448.511597 185.237198 11.048889 34.674957 0.081495
300.000000 251.621292 136.655350 13.716995 31.427887 0.074202
300.000000 555.420593 173.958954 17.787354 39.742828 0.072859
300.000000 444.319397 194.891220 10.767395 29.817780 0.050177
330.000000 432.513672 188.112045 17.555786 39.794617 0.090972
330.000000 424.368713 175.426773 12.553284 31.521606 0.081812
330.000000 416.141418 186.989365 13.211792 33.020721 0.070445
330.000000 97.262566 193.358536 18.667603 45.216156 0.062608
330.000000 236.494568 150.646530 9.726746 24.071228 0.053511
330.000000 78.199310 177.603409 16.332397 39.106323 0.052799
360.000000 424.959259 187.736664 13.530640 32.950043 0.308378
360.000000 448.176453 192.657700 13.884460 33.302582 0.247202
360.000000 441.105774 191.408432 13.977600 33.870636 0.230590
360.000000 463.184326 191.848282 14.392944 34.312164 0.216547
360.000000 462.301208 189.949081 22.856812 50.363739 0.203102
360.000000 420.449890 197.563553 15.373474 35.151184 0.196412
360.000000 515.066650 168.968918 15.297729 37.530334 0.169764
360.000000 469.061096 192.751053 13.859253 32.156036 0.166065
360.000000 230.272766 149.722946 11.848328 31.151245 0.159692
360.000000 452.953094 192.743774 13.555237 32.295837 0.146333
360.000000 488.825439 192.428619 12.732361 29.076447 0.120588
360.000000 513.000000 168.770157 22.675415 54.454407 0.106685
360.000000 200.132431 171.275040 16.624054 41.444305 0.069290
360.000000 125.482239 196.123016 16.135040 39.276855 0.064228
360.000000 486.934265 188.222229 17.493042 43.489685 0.061737
360.000000 421.383881 186.591568 21.335388 50.784760 0.055434
360.000000 437.321167 190.838821 22.558716 46.039856 0.053536
390.000000 68.065361 173.103928 16.363266 39.746063 0.433964
390.000000 580.462158 135.351730 59.378052 141.932144 0.257574
390.000000 223.722809 165.129517 13.178070 33.366547 0.191880
390.000000 189.889572 180.941757 20.396759 49.178284 0.174896
390.000000 65.849686 173.435715 22.605331 59.316406 0.158310
390.000000 459.938782 194.981857 14.279419 34.657257 0.090692
390.000000 61.314323 174.108078 34.104355 86.201645 0.084626
390.000000 455.051270 188.120468 22.744141 56.776672 0.075297
390.000000 563.463501 133.708069 76.536499 223.215607 0.068516
390.000000 500.328003 185.257706 14.372070 36.039185 0.065536
390.000000 171.895538 177.148895 16.373474 38.755371 0.064313
390.000000 459.346436 186.642349 12.418640 31.911102 0.061864
390.000000 202.341934 172.910004 19.861847 49.765533 0.058476
390.000000 117.866196 177.219803 19.084290 43.316437 0.056716
390.000000 437.112671 204.018463 13.802490 34.640289 0.051005
420.000000 451.608490 195.971222 15.183838 35.733215 0.369009
420.000000 459.033417 197.766937 16.221008 39.442383 0.266724
420.000000 472.883820 196.047653 11.657104 32.798218 0.155318
420.000000 463.462830 197.838730 10.911072 28.807892 0.149545
420.000000 522.394653 188.223267 16.020752 37.448975 0.129207
420.000000 457.075165 194.163651 23.231079 56.652893 0.108792
420.000000 466.747131 192.467651 22.891602 58.999664 0.090707
420.000000 510.635132 196.011948 11.240234 29.044556 0.088900
420.000000 143.535461 171.763489 17.220306 40.042694 0.079754
420.000000 260.148865 138.329895 17.896973 45.227539 0.072837
420.000000 448.079071 194.640259 23.616882 57.921661 0.070446
420.000000 79.153732 175.325317 20.318237 50.255737 0.063774
420.000000 101.313141 175.770386 18.632568 44.132538 0.060025
420.000000 84.507828 194.151382 19.205048 45.843658 0.058674
420.000000 469.057281 191.528061 11.313660 30.468231 0.057242
450.000000 453.769989 194.919983 17.164978 42.711121 0.672005
450.000000 479.801025 184.148468 20.149109 50.368561 0.548362
450.000000 497.518036 180.377716 19.614227 49.287292 0.382482
450.000000 473.550812 188.832611 16.261902 37.580872 0.317997
450.000000 485.801392 183.087173 12.798462 31.690735 0.300756
450.000000 216.365417 175.794800 15.038940 35.485077 0.230827
450.000000 499.729675 182.040680 14.040894 34.321747 0.222574
450.000000 465.877289 187.416214 11.176880 28.178436 0.218600
450.000000 53.717743 152.318863 15.145851 35.188904 0.190300
450.000000 468.559174 185.154831 23.571289 52.634949 0.166430
450.000000 462.260468 185.294846 21.529236 50.243347 0.160871
450.000000 203.439453 161.249939 13.484009 32.044891 0.144671
450.000000 512.819336 191.046432 17.594238 41.636444 0.144227
450.000000 504.472565 176.721313 16.104950 40.495361 0.127496
450.000000 474.711914 181.734222 13.702148 32.851868 0.116378
450.000000 444.816986 196.951599 13.010559 33.012054 0.102680
450.000000 450.476532 194.351212 14.827087 34.557831 0.101617
450.000000 470.677521 183.654510 12.953247 30.794800 0.094798
450.000000 495.305267 182.922852 12.773132 32.055573 0.083765
450.000000 458.632538 189.535446 15.183472 34.363983 0.080086
450.000000 580.924194 184.828125 14.721069 36.395721 0.078814
450.000000 202.133102 138.434052 12.617188 28.806366 0.070224
450.000000 467.589478 189.903702 14.123718 34.048767 0.069145
450.000000 47.752548 151.859360 25.718102 54.565094 0.060652
450.000000 531.074280 186.821899 15.514771 36.839905 0.055434
450.000000 501.015045 176.036926 24.861481 61.204041 0.054826
450.000000 479.202942 179.820038 11.117981 28.000153 0.054756
450.000000 360.821289 209.093704 13.253662 32.851044 0.052701
450.000000 491.327606 185.766037 13.126343 31.928955 0.052278
450.000000 356.604736 207.642502 18.716797 49.309647 0.050344
480.000000 457.531769 190.795593 19.392273 47.603333 0.947703
480.000000 521.455017 182.314560 18.465210 45.339020 0.861718
480.000000 483.534271 185.599319 18.861938 46.118225 0.799990
480.000000 541.665710 187.900360 15.578491 40.316559 0.760013
480.000000 434.021881 189.010498 15.258240 37.750763 0.295865
480.000000 438.905548 191.032364 16.577759 39.131012 0.269907
480.000000 533.424561 182.835266 17.527710 45.075134 0.236897
480.000000 473.681519 183.477203 13.682983 32.673615 0.227851
480.000000 458.774841 183.402176 13.551147 32.697540 0.222011
480.000000 552.242676 210.428864 17.635864 41.768402 0.164589
480.000000 163.620804 167.178528 15.250397 36.688660 0.151949
480.000000 591.879456 192.838699 16.969849 40.500336 0.150753
480.000000 490.358063 197.994553 14.103027 32.749878 0.112397
480.000000 485.926422 180.102692 12.711487 30.796906 0.110642
480.000000 554.168701 182.386551 26.019165 66.185059 0.086151
480.000000 469.161804 180.538544 22.537109 54.979340 0.085957
480.000000 354.137787 190.420639 10.380005 26.427643 0.073588
480.000000 324.994781 173.943237 12.983398 31.257294 0.073294
480.000000 583.056946 195.065796 16.699219 40.308228 0.073210
480.000000 451.788818 177.887283 13.649902 32.922943 0.071309
480.000000 508.116791 203.891052 11.589630 26.897583 0.060573
480.000000 60.425709 178.207474 14.233257 34.744812 0.058576
480.000000 434.585724 188.065811 11.797241 25.045288 0.052915
480.000000 586.667480 191.477707 28.715942 63.773895 0.051838
510.000000 541.001465 181.215607 24.660767 56.490692 0.798280
510.000000 476.056030 194.531158 20.479736 52.162903 0.742968
510.000000 571.594360 190.721680 16.776245 44.607147 0.660662
510.000000 357.507263 154.685730 14.836670 33.453186 0.413189
510.000000 502.057251 181.277252 16.148193 38.571381 0.357326
510.000000 149.584625 143.662231 17.414642 40.035339 0.298777
510.000000 544.951904 196.991684 15.595703 40.257233 0.169499
510.000000 450.824829 185.207062 12.279907 29.210510 0.135873
510.000000 183.580383 137.623322 13.515350 35.442261 0.135701
510.000000 299.578003 148.606216 13.113892 32.921326 0.131232
510.000000 441.595856 191.532318 12.326294 28.139771 0.130774
510.000000 564.424377 191.546814 15.852661 43.076813 0.124826
510.000000 489.721252 184.651382 16.544922 37.538086 0.123172
510.000000 599.300293 189.586014 19.774292 48.880737 0.116766
510.000000 459.863129 182.204712 16.637512 42.295135 0.114075
510.000000 503.449982 175.794937 12.389008 28.999146 0.106001
510.000000 309.466949 149.893082 13.999939 33.028381 0.102855
510.000000 516.167908 162.454056 14.382690 36.113861 0.101973
510.000000 546.054321 183.412231 14.001709 37.214081 0.092158
510.000000 493.964020 217.848389 15.528809 32.567749 0.086295
510.000000 622.528320 202.099884 14.421753 37.058167 0.084778
510.000000 168.244812 134.955734 14.735352 36.236267 0.078280
510.000000 494.264313 179.134155 24.048065 59.502411 0.075238
510.000000 467.637451 197.740005 15.195862 37.747345 0.064853
510.000000 442.537354 177.995987 13.141846 29.898193 0.059998
510.000000 336.855499 155.490601 13.445984 32.630890 0.058503
510.000000 532.468994 174.687347 20.586914 52.897888 0.055627
510.000000 561.328552 166.022675 25.369751 67.800964 0.055363
510.000000 180.410370 136.358521 12.027374 30.104797 0.054416
510.000000 448.554749 184.649048 17.805237 45.071777 0.053168
540.000000 593.510132 183.896149 23.708984 59.092377 0.822081
540.000000 604.000549 182.632782 26.727051 61.962219 0.664452
540.000000 544.544250 179.241318 19.075684 49.878174 0.654409
540.000000 515.279053 186.115585 15.937378 38.083923 0.611367
540.000000 536.801025 190.089890 16.776611 39.399261 0.497663
540.000000 482.580536 173.623032 12.588074 32.139984 0.327653
540.000000 511.399933 184.603546 21.894562 56.694672 0.278007
540.000000 512.214478 185.520172 13.913208 32.040436 0.263725
540.000000 356.097412 156.374649 15.595276 36.092072 0.247031
540.000000 512.904419 189.275513 26.677734 74.023102 0.231949
540.000000 474.110291 171.875565 14.923279 37.658508 0.222607
540.000000 543.694763 223.548019 19.893799 46.477371 0.214345
540.000000 546.701050 177.165695 13.406006 32.251556 0.200522
540.000000 558.993164 33.304184 17.717407 39.094597 0.173411
540.000000 468.431763 175.965393 10.413452 27.860168 0.150675
540.000000 620.994446 187.120758 18.937866 60.993011 0.147885
540.000000 462.453674 188.099411 11.092041 27.091217 0.145885
540.000000 590.070435 185.825134 18.422729 44.953674 0.141753
540.000000 495.821960 181.934372 14.070862 33.260315 0.129060
540.000000 610.326965 183.829590 19.691528 41.806213 0.124748
540.000000 458.250732 185.248260 11.829895 29.485016 0.120513
540.000000 490.591736 109.456345 14.088684 33.290894 0.113885
540.000000 539.260254 189.336227 11.950073 27.806702 0.111937
540.000000 12.145210 174.773712 12.932663 31.954865 0.098122
540.000000 307.210693 153.871216 13.577026 30.707031 0.088205
540.000000 524.010803 192.331879 17.826538 42.828430 0.087504
540.000000 493.217621 179.148758 12.674316 29.879211 0.087107
540.000000 471.559937 169.066040 23.264954 54.546509 0.082396
540.000000 587.498352 182.366562 15.017212 39.006653 0.079421
540.000000 458.169128 187.689331 18.868103 44.117310 0.077064
540.000000 554.018555 34.624340 25.557251 63.958363 0.076699
540.000000 486.780121 175.272446 11.914001 29.485596 0.069046
540.000000 550.269348 192.137985 13.362549 31.873322 0.055445
540.000000 296.617798 153.619019 13.180359 33.449036 0.055319
570.000000 578.553772 170.288330 27.931152 64.581390 0.648754
570.000000 562.389404 164.196671 19.440308 47.660583 0.298734
570.000000 581.272400 167.152756 20.553589 46.170166 0.292078
570.000000 586.760193 166.141190 13.704712 31.712433 0.255264
570.000000 588.076782 176.375153 20.163818 48.467041 0.254960
570.000000 619.388367 179.874130 16.097656 38.929199 0.217847
570.000000 580.823303 180.027374 14.738037 32.569244 0.200115
570.000000 592.554321 181.263672 13.614868 31.127502 0.170031
570.000000 116.942719 183.927521 13.244705 32.396332 0.156937
570.000000 85.202309 189.224564 15.569962 36.924652 0.153771
570.000000 609.208313 160.307999 24.069092 66.100159 0.133993
570.000000 531.759521 173.273102 13.271851 31.671387 0.133415
570.000000 623.382080 178.005981 16.452393 48.739471 0.125202
570.000000 566.013550 167.021164 12.671143 30.898041 0.107303
570.000000 567.967407 158.676086 12.863892 31.631348 0.101434
570.000000 517.207520 164.686417 16.871582 41.675232 0.093532
570.000000 603.029480 157.180496 24.704834 55.217560 0.084561
570.000000 592.275574 159.355347 26.428223 71.988495 0.082039
570.000000 365.779724 152.361786 15.905518 36.615692 0.068378
570.000000 615.737000 182.072647 14.720337 30.695343 0.067341
570.000000 611.564758 162.253021 17.166626 41.155823 0.066512
570.000000 522.999146 170.449585 15.493042 36.775177 0.060819
570.000000 175.971466 173.386475 12.220001 30.291199 0.059699
570.000000 597.369812 163.975784 13.647217 31.258698 0.057413
570.000000 219.819916 168.048187 10.280823 24.214447 0.054643
570.000000 557.190063 167.985275 15.880249 37.389343 0.052735
570.000000 453.268005 135.000107 22.456909 51.841034 0.050643
600.000000 581.598877 171.688461 13.959839 34.211975 0.202613
600.000000 12.706110 151.411179 13.801449 33.597290 0.200147
600.000000 553.978882 161.476181 17.101440 44.227783 0.174432
600.000000 587.164551 173.779510 12.640503 30.924347 0.108716
600.000000 565.463867 157.415253 17.825806 46.764404 0.107134
600.000000 575.452576 169.688644 14.783203 35.429047 0.090078
600.000000 192.988190 181.893707 11.557495 27.973358 0.056974
630.000000 609.423462 137.479996 13.686279 33.410767 0.330886
630.000000 310.415283 145.667923 13.530945 33.810822 0.275760
630.000000 620.876343 144.039490 15.097778 40.290222 0.185654
630.000000 566.602783 139.853943 13.640381 35.926758 0.129105
630.000000 607.840942 140.775238 17.837769 49.951630 0.099282
630.000000 258.225342 161.620178 11.934021 30.141785 0.087190
630.000000 280.696655 160.393997 11.917725 31.607880 0.075427
630.000000 270.254272 153.936798 16.414856 41.781067 0.075270
630.000000 586.460876 132.237961 15.159302 37.531250 0.071410
630.000000 578.151306 146.527603 11.834229 28.443268 0.065606
630.000000 99.867195 174.058472 13.250961 32.998535 0.061265
660.000000 152.976822 168.627655 13.535950 31.632538 0.326542
660.000000 392.972382 144.781982 18.599792 46.400177 0.304952
660.000000 76.969238 179.701019 13.520782 31.574005 0.144873
660.000000 23.210194 138.957474 11.616177 27.207825 0.131416
660.000000 27.068537 172.064255 13.098597 32.430084 0.129428
660.000000 119.611183 171.878586 11.838661 29.668854 0.053410
660.000000 115.291710 170.973740 10.771957 28.630066 0.050920
720.000000 108.552261 194.871490 11.722565 28.252869 0.299277
720.000000 622.833069 172.964966 13.647217 31.470673 0.176164
720.000000 387.094482 180.463760 10.262512 22.957764 0.128761
720.000000 89.178596 193.440933 11.565002 30.080780 0.118504
720.000000 79.693184 195.794800 11.403458 28.314575 0.107913
720.000000 0.000000 200.431351 9.276923 36.992035 0.073731
720.000000 75.124466 199.594681 11.093002 25.182190 0.069911
720.000000 433.885681 178.628799 9.307617 22.283722 0.067963
720.000000 98.615158 191.616882 12.214371 30.752197 0.057753
720.000000 419.483795 190.844193 9.656067 22.916351 0.057507
720.000000 103.218674 192.147919 13.431778 31.174683 0.054245
720.000000 586.913086 178.908234 14.326172 35.496704 0.050192
750.000000 55.156406 205.091354 12.177639 27.980408 0.488337
750.000000 421.950470 192.262360 10.066956 26.834167 0.143004
750.000000 131.752228 199.767868 12.387787 30.267792 0.132497
750.000000 600.550659 205.589233 13.882690 34.424927 0.100995
750.000000 49.249664 204.645432 12.028877 28.345551 0.087401
750.000000 445.234924 184.633316 9.263062 20.864380 0.084202
750.000000 443.854370 185.976120 12.462097 29.403381 0.065548
750.000000 22.512699 201.457809 11.047337 29.331177 0.058765
750.000000 604.725647 207.434723 12.300659 27.865753 0.051729
750.000000 79.304535 202.336334 12.317734 29.421265 0.050055
780.000000 460.329010 181.478394 12.863159 32.487976 0.699660
780.000000 452.311951 186.915085 15.777832 38.801880 0.589452
780.000000 456.004333 183.659012 13.153687 30.862732 0.370708
780.000000 443.315094 186.327972 12.787964 27.933289 0.224127
780.000000 597.000671 215.858612 21.974243 52.718292 0.224011
780.000000 455.653839 181.532394 18.372192 46.395660 0.133756
780.000000 257.249176 167.727158 11.156006 29.722931 0.087252
780.000000 234.162827 163.459686 13.046387 32.183929 0.086379
780.000000 452.174927 186.341553 10.431946 26.633179 0.075352
780.000000 9.263445 207.033401 14.885113 38.132751 0.071792
780.000000 0.159719 205.481903 11.411911 46.587585 0.067816
780.000000 319.133453 169.320099 13.399170 32.714447 0.065875
780.000000 420.212341 178.822784 11.976013 27.998383 0.065066
780.000000 162.182892 185.077789 12.217407 27.754730 0.063424
810.000000 508.235931 189.926620 21.197845 54.969604 0.586522
810.000000 509.196716 191.225784 15.554443 37.232697 0.420355
810.000000 515.003845 195.760147 20.112427 50.517212 0.320850
810.000000 593.950012 189.930069 12.612793 29.774994 0.103734
810.000000 453.325165 193.333710 13.688843 33.342957 0.071634
810.000000 518.054138 194.732819 13.648804 32.291473 0.068043
810.000000 248.305878 165.950928 12.707855 31.049133 0.050548
840.000000 75.768791 185.138290 13.965912 35.279266 0.539663
840.000000 84.629311 186.808975 12.933502 33.645538 0.345202
840.000000 498.267395 185.476471 12.764221 31.263275 0.251179
840.000000 502.229553 178.356079 15.952759 38.008606 0.245655
840.000000 109.678421 166.605576 21.391739 50.847870 0.238833
840.000000 70.022728 179.391769 19.109207 48.358856 0.171294
840.000000 505.968689 181.207184 17.194214 40.740997 0.102763
840.000000 44.837616 217.713318 13.840286 31.296722 0.098542
840.000000 504.264984 183.145615 23.307770 59.384338 0.050770
870.000000 545.848816 176.478683 19.279785 48.321808 0.906031
870.000000 552.703003 175.269913 19.103882 48.141693 0.853088
870.000000 568.272034 181.830795 15.719849 39.364746 0.754258
870.000000 2.621856 176.941864 19.492054 49.437775 0.349231
870.000000 343.976746 182.276581 11.694214 26.168823 0.114078
870.000000 43.282841 182.737335 17.577370 42.949066 0.112661
870.000000 20.237240 137.912415 17.618389 39.761017 0.067798
870.000000 467.563019 179.528610 15.028809 33.601013 0.061225
900.000000 497.103180 125.059639 19.440704 45.212425 0.409703
900.000000 506.659607 123.798782 19.423218 47.358643 0.358514
900.000000 343.042053 179.277664 13.779602 31.836334 0.192586
900.000000 23.072933 189.107666 15.185150 36.460358 0.172826
900.000000 495.103790 152.421356 18.784882 45.745483 0.171899
900.000000 104.290024 185.570541 11.305481 26.785736 0.165760
900.000000 442.171783 150.458893 12.358154 29.341614 0.163660
900.000000 195.114243 150.974838 19.750732 49.588745 0.131836
900.000000 211.199493 151.478424 14.118530 34.863953 0.115689
900.000000 513.096375 125.738892 12.154053 29.770294 0.110944
900.000000 623.563354 173.568344 16.413208 67.320923 0.099214
900.000000 525.300354 134.757568 17.903809 44.695374 0.091097
900.000000 431.110657 71.363235 13.351868 31.757828 0.086306
900.000000 497.257843 123.658165 12.019714 27.462776 0.075469
900.000000 223.354614 147.998352 21.281647 52.587524 0.072642
900.000000 493.841156 121.587074 30.954437 75.363792 0.071702
900.000000 527.092041 149.079681 30.703247 72.140808 0.069734
900.000000 37.931019 181.786163 13.770821 34.916870 0.057805
900.000000 201.431870 160.931763 14.206024 32.475922 0.054989
900.000000 492.494354 123.514725 14.748352 33.521606 0.052112
900.000000 505.712860 125.086235 11.865692 28.497993 0.052048
930.000000 61.787121 183.727127 14.006077 32.151550 0.732500
930.000000 489.035004 110.249466 31.722260 81.480194 0.239078
930.000000 0.316820 148.540405 18.849461 66.512207 0.229142
930.000000 503.907104 124.906296 18.493530 44.144470 0.210760
930.000000 556.332581 77.322121 14.139648 34.076553 0.190720
930.000000 54.336033 185.444046 12.940350 30.496277 0.127879
930.000000 200.537216 172.823166 11.526794 26.101410 0.114276
930.000000 536.349609 93.406052 13.940063 30.134445 0.112348
930.000000 503.182495 29.308895 10.845215 28.174240 0.107578
930.000000 348.454041 178.632431 12.114197 27.174011 0.082210
930.000000 565.603577 81.304939 15.448975 37.301071 0.081220
930.000000 127.945038 187.484131 10.267181 26.243958 0.073105
930.000000 315.604034 165.273651 16.493958 40.886810 0.071952
930.000000 164.456970 180.933868 10.996124 27.313965 0.067501
930.000000 1.885807 150.832291 14.327381 33.608093 0.061242
930.000000 32.503155 127.597427 16.111710 38.679596 0.058999
930.000000 491.914490 129.202942 19.459229 47.583160 0.051091
960.000000 1.534810 188.257385 13.511789 35.676575 0.244438
960.000000 18.063213 165.103363 17.459599 43.789032 0.243783
960.000000 209.656021 166.596848 12.579376 31.031647 0.226984
960.000000 581.456360 76.412079 19.437622 48.650497 0.123369
960.000000 612.287415 75.904617 16.072266 39.268112 0.082926
960.000000 534.033752 99.732025 20.096191 48.586304 0.067483
960.000000 403.748810 173.163300 14.416809 35.940338 0.066292
960.000000 621.888184 162.624771 17.886841 59.266846 0.059585
960.000000 424.225952 177.349411 15.402527 37.014435 0.058865
960.000000 618.643494 112.381134 21.076782 100.698578 0.056932
960.000000 421.460663 173.955948 12.928955 32.476898 0.051642
990.000000 442.732605 173.663513 18.209412 46.089691 0.233190
990.000000 445.580231 173.785217 13.037354 31.161072 0.066088
990.000000 576.480530 59.723351 21.118774 49.421051 0.054525
1020.000000 91.630486 188.692093 14.451004 31.961517 0.356611
1020.000000 361.101257 167.918823 13.706726 32.648041 0.063258
1020.000000 37.614101 207.281281 12.197937 30.241089 0.055245
1050.000000 277.626526 177.105789 22.967651 56.775635 0.576044
1050.000000 64.218559 201.043823 11.069641 25.771973 0.290342
1050.000000 123.369507 184.412430 15.552155 37.784729 0.225226
1050.000000 361.237701 190.904877 16.425842 39.319855 0.109653
1050.000000 53.578568 197.313614 11.954361 29.311981 0.090924
1050.000000 120.195755 185.181335 13.440475 32.769958 0.089246
1050.000000 67.670464 200.253403 12.162628 26.806122 0.074568
1050.000000 552.281006 188.777542 16.280151 36.830597 0.056626
1050.000000 61.619274 190.741882 12.341282 29.964783 0.055966
1050.000000 13.940554 199.992157 12.493820 30.172241 0.053469
1080.000000 2.847799 202.417145 13.917433 33.266815 0.608174
1080.000000 8.186862 193.317871 17.376839 41.533508 0.358741
1080.000000 12.408137 207.474808 13.938119 27.778625 0.340188
1080.000000 133.896927 186.270950 15.671600 37.633575 0.166402
1080.000000 0.115192 199.939545 10.663992 39.644379 0.120889
1080.000000 91.351410 180.338104 12.795212 29.812744 0.072650
1080.000000 173.603943 194.636246 10.688293 25.705566 0.068444
1080.000000 2.124156 193.008163 13.078211 31.686066 0.065752
1080.000000 98.276398 191.207016 14.169983 32.147156 0.062200
1110.000000 357.524872 194.185257 12.972595 30.589294 0.236065
1110.000000 573.856812 224.751648 17.571045 39.659821 0.219673
1140.000000 35.188866 200.868500 13.011536 29.018463 0.185997
1140.000000 441.833893 191.691498 13.348572 33.277039 0.176219
1140.000000 256.566010 176.865845 27.221375 71.548126 0.102232
1140.000000 570.503418 177.808517 23.117798 53.088806 0.092893
1170.000000 198.859238 186.830139 19.264465 47.981964 0.264078
1170.000000 472.686829 180.010239 14.548279 31.224609 0.140397
1170.000000 487.718414 180.206848 14.618774 34.101013 0.112140
1170.000000 623.981506 11.335583 13.646362 33.103741 0.084806
1170.000000 225.895172 181.256836 19.290924 46.342773 0.078778
1170.000000 221.647217 178.927811 26.998291 72.719330 0.053505
1170.000000 386.686218 175.263550 13.647095 31.006622 0.053030
1200.000000 520.340759 177.225632 20.066650 47.624908 0.598986
1200.000000 546.486694 176.660751 17.564453 42.108612 0.572456
1200.000000 462.580078 193.879822 14.520203 36.466492 0.211598
1200.000000 195.894501 182.857788 15.062469 35.704803 0.139856
1200.000000 524.159607 177.517532 12.662231 30.869751 0.123343
1200.000000 473.467987 188.208817 10.690552 28.130554 0.113063
1200.000000 550.176270 176.175095 11.940796 27.208435 0.094687
1200.000000 472.206848 193.037064 15.017700 34.644775 0.092858
1200.000000 227.410110 164.678497 15.712158 36.145508 0.092780
1200.000000 177.828842 171.454803 12.697266 31.225830 0.087885
1200.000000 369.118378 199.787704 12.126648 28.367737 0.071776
1200.000000 134.126999 132.951935 14.834076 35.558624 0.066466
1200.000000 458.912750 193.949524 13.213135 29.618927 0.063048
1200.000000 154.648376 160.024094 13.550873 32.093414 0.058037
1200.000000 542.176147 185.336151 11.754028 29.075470 0.051150
1230.000000 414.254150 184.964752 12.864929 31.955780 0.266003
1230.000000 45.738411 201.099091 12.870445 32.009583 0.131746
1230.000000 595.651550 173.680115 20.269775 47.476196 0.117775
1230.000000 516.560364 191.088730 13.135376 31.099396 0.086579
1230.000000 373.431335 192.846161 16.537048 38.895447 0.083306
1230.000000 431.251495 174.610641 15.637268 38.745697 0.082431
1230.000000 599.942261 173.936523 13.854980 31.095306 0.077508
1260.000000 179.913986 187.093918 16.534882 38.506836 0.268208
1260.000000 425.635162 188.853394 15.659424 37.070099 0.196212
1260.000000 158.780457 184.613617 14.550201 35.164886 0.167538
1260.000000 108.445755 191.363266 13.534607 33.514679 0.096899
1260.000000 365.653687 204.153519 16.573669 39.696228 0.084275
1260.000000 9.374578 186.919098 24.680862 55.457458 0.082307
1260.000000 173.267609 194.468765 16.863983 34.985992 0.069676
1260.000000 176.569321 187.820816 25.590332 51.283386 0.063661
1260.000000 157.545959 175.496567 13.631805 34.159576 0.060804
1260.000000 403.498566 211.095901 12.420898 27.794678 0.053398
1260.000000 149.528030 184.193970 15.207245 34.520203 0.050210
1290.000000 58.238983 200.147827 18.702469 42.683136 0.309072
1290.000000 370.083466 199.490463 13.499451 31.719727 0.306721
1290.000000 11.306737 195.897522 20.770161 46.197418 0.291905
1290.000000 475.310333 193.940750 12.810974 29.403381 0.290584
1290.000000 139.160309 180.957184 17.226715 41.212646 0.234466
1290.000000 118.754143 189.443481 13.670082 33.054169 0.230649
1290.000000 14.350344 196.676041 14.219997 32.777161 0.200256
1290.000000 175.204056 170.252396 10.920624 26.451630 0.147763
1290.000000 440.450134 198.694824 15.348450 34.628418 0.131884
1290.000000 114.356651 189.477905 21.892433 50.990784 0.126281
1290.000000 207.321213 195.161057 13.512024 32.692474 0.121385
1290.000000 136.119614 181.294922 25.579559 61.148224 0.107573
1290.000000 451.096466 194.420959 11.082336 27.502075 0.105957
1290.000000 124.809174 188.065002 17.655518 39.414642 0.097850
1290.000000 63.039154 199.401169 12.285080 28.979309 0.096898
1290.000000 66.089661 201.786133 15.642166 36.582092 0.077815
1290.000000 172.364365 170.665131 17.754395 52.371185 0.067414
1290.000000 19.201622 199.453690 13.645138 30.697998 0.059987
1290.000000 40.742596 201.085144 12.846222 30.996887 0.057800
1290.000000 198.297623 196.728836 14.290649 34.567169 0.054888
1290.000000 0.020918 205.081497 12.131468 51.637192 0.052484
1320.000000 553.995850 197.836700 15.305176 36.878876 0.766378
1320.000000 463.421631 190.015121 19.858643 49.257812 0.468280
1320.000000 521.990723 190.223312 14.490845 34.539337 0.317136
1320.000000 460.693085 183.170898 17.520569 40.942139 0.269875
1320.000000 482.892761 191.452316 13.640259 34.553497 0.192165
1320.000000 256.671631 184.791595 30.076660 73.877319 0.105934
1320.000000 0.000000 210.213257 14.651785 49.678894 0.058164
1350.000000 498.070801 186.417130 21.497131 52.407837 0.897452
1350.000000 511.438873 199.785858 24.832855 58.850922 0.456082
1350.000000 41.830914 209.289871 13.066452 32.739990 0.224235
1350.000000 547.187622 199.764755 16.970459 39.479736 0.122759
1350.000000 46.501743 209.967117 13.428459 33.026917 0.084697
1350.000000 36.399361 207.705429 25.211510 48.436172 0.077537
1350.000000 67.158737 189.356400 14.479004 34.816589 0.070067
1350.000000 436.155457 219.169495 14.316040 33.679108 0.065874
1350.000000 499.028595 191.079132 12.886230 31.126465 0.054714
1380.000000 556.988892 177.852463 31.202637 76.815247 0.949213
1380.000000 600.730164 194.763428 25.940308 61.534607 0.649266
1380.000000 612.977844 197.549652 26.921997 88.375763 0.390511
1380.000000 120.944351 187.356277 20.376465 48.026947 0.301431
1380.000000 84.049545 180.597458 22.490479 55.271973 0.202474
1380.000000 0.281493 212.711609 12.973806 39.683899 0.196832
1380.000000 110.812569 186.788666 15.461563 38.465088 0.185964
1380.000000 93.940758 194.449829 18.566803 43.214325 0.154232
1380.000000 45.669937 209.928940 14.355690 34.871246 0.139233
1380.000000 74.297302 186.557892 20.846695 46.028503 0.130043
1380.000000 559.356445 176.846756 22.577759 52.842346 0.116139
1380.000000 566.738770 189.397995 23.497803 57.949066 0.107678
1380.000000 87.311287 181.518814 14.467743 36.084595 0.096187
1380.000000 108.210548 186.796692 23.374382 53.454987 0.083157
1380.000000 266.185272 194.245148 17.059143 43.096344 0.062876
1380.000000 141.374283 193.182739 13.459473 33.249481 0.060095
1380.000000 123.452927 185.612244 12.464233 31.147247 0.055066
1410.000000 592.939453 198.629501 17.518555 40.780853 0.091913
1410.000000 125.611794 206.042755 17.411125 42.889130 0.060853
1410.000000 370.649841 202.894623 13.402832 31.273956 0.058588
1440.000000 58.917717 178.966461 25.534286 60.447632 0.540990
1440.000000 515.501282 113.949463 15.987061 37.814117 0.434172
1440.000000 94.316231 177.838959 20.752365 50.959106 0.388691
1440.000000 74.601540 177.374634 27.853851 64.140076 0.252812
1440.000000 101.378929 182.452148 15.545471 38.261322 0.196568
1440.000000 564.260498 79.899757 20.912231 49.655815 0.168977
1440.000000 63.361958 178.178482 15.924404 37.832733 0.140959
1440.000000 97.132156 177.293503 15.304642 32.322754 0.110663
1440.000000 112.468040 183.106171 15.614433 37.767029 0.089071
1440.000000 527.728943 115.054604 14.090820 32.992729 0.071152
1440.000000 417.361481 205.405670 13.376160 30.943207 0.053202
1440.000000 93.043053 179.538834 15.307007 34.006439 0.050727
1470.000000 431.819733 210.505173 12.258606 28.684418 0.280100
1470.000000 589.854614 93.890984 14.244873 33.433594 0.212564
1470.000000 571.105835 96.545990 17.802246 39.953110 0.211717
1470.000000 0.019841 188.708313 12.113004 62.884308 0.114179
1470.000000 609.833679 91.923355 15.596802 38.895187 0.101777
1470.000000 345.786530 208.460999 13.680542 32.560120 0.094738
1470.000000 306.951050 182.947052 16.031128 40.606018 0.084148
1470.000000 128.249435 198.702637 15.830322 38.314606 0.074707
1470.000000 338.608917 184.683105 23.451294 62.132294 0.061860
1470.000000 2.177678 192.058258 17.989372 48.682159 0.061178
1470.000000 43.898315 188.930527 21.867935 53.113220 0.056837
1470.000000 57.233532 182.282013 18.318195 47.694489 0.051970
1500.000000 398.858551 193.203827 15.626221 35.010132 0.191266
1500.000000 29.128548 216.160110 12.019814 31.951263 0.133316
1500.000000 89.412254 169.854218 14.527130 33.982239 0.116197
1500.000000 450.919403 132.780777 13.143250 31.764557 0.111783
1500.000000 103.697952 220.072174 12.822388 30.959473 0.108038
1500.000000 46.905396 202.789841 12.651840 31.097290 0.089695
1500.000000 110.729561 203.820602 15.515076 37.935913 0.079902
1500.000000 36.439098 219.062958 12.580940 29.638275 0.077715
1500.000000 42.869766 217.130890 11.133926 27.341644 0.072069
1500.000000 361.866638 198.388840 13.876892 32.239044 0.068019
1500.000000 46.189987 222.060272 10.904839 27.511993 0.050698
1530.000000 0.236790 168.829041 25.196241 66.404694 0.740485
1530.000000 427.894348 184.559311 13.473511 32.429382 0.533738
1530.000000 418.755188 191.589539 14.535583 35.516663 0.342910
1530.000000 570.829102 74.424103 13.831909 31.688309 0.315313
1530.000000 348.511780 203.808792 13.792725 34.092346 0.234991
1530.000000 88.552498 191.022949 19.367340 47.206451 0.196499
1530.000000 372.255585 193.567734 10.985840 27.575226 0.190301
1530.000000 13.315062 203.552002 14.617401 34.456360 0.187826
1530.000000 422.934906 186.259369 17.764526 42.330261 0.137575
1530.000000 442.913452 189.446121 13.536072 31.368011 0.100709
1530.000000 431.595337 183.772705 12.620300 25.498322 0.072746
1530.000000 7.142438 205.109467 18.156376 41.299866 0.071841
1530.000000 67.672165 161.889099 15.337326 36.172974 0.065870
1530.000000 18.412472 204.707611 13.891788 32.748657 0.065509
1530.000000 224.882996 193.840439 14.635559 33.950012 0.062625
1530.000000 411.899414 198.096375 10.743774 28.035492 0.055340
1530.000000 235.537704 195.765182 12.803253 31.128998 0.052999
1560.000000 625.373596 220.452301 12.512695 33.768616 0.515661
1560.000000 40.727810 200.424713 19.623352 47.235657 0.181103
1560.000000 348.329376 196.539841 11.620117 30.173523 0.141684
1560.000000 620.354980 216.490860 13.780518 36.425323 0.119025
1560.000000 53.474258 162.043015 25.267044 64.731018 0.111362
1560.000000 18.522854 203.776459 23.177952 55.691772 0.095338
1560.000000 514.087463 187.958282 14.162720 36.407013 0.089642
1560.000000 6.484841 212.021454 16.308804 39.669830 0.081295
1560.000000 462.357147 206.834778 10.724548 25.365631 0.078307
1560.000000 54.758492 183.139984 18.356575 45.992554 0.077100
1560.000000 28.332045 199.838425 13.985598 31.107208 0.066056
1560.000000 42.677750 176.306046 25.811890 66.343018 0.059373
1560.000000 22.067554 231.052948 12.138027 29.337006 0.056967
1560.000000 95.174255 162.862427 13.716690 30.694244 0.053158
1590.000000 10.619905 176.361694 15.126530 37.744659 0.320845
1590.000000 0.546619 169.570145 25.451508 73.553619 0.204845
1590.000000 561.612793 186.035858 14.803101 37.647461 0.203902
1590.000000 44.146133 173.559906 13.836769 33.376343 0.173843
1590.000000 34.035767 177.971970 13.214668 31.537628 0.149128
1590.000000 10.547309 171.483429 24.915138 53.783447 0.116247
1590.000000 447.937866 169.237610 15.297607 35.043945 0.112313
1590.000000 17.821440 175.565918 15.675158 35.046021 0.104084
1590.000000 491.830658 143.337143 14.382202 32.949097 0.103956
1590.000000 39.503105 174.651154 14.072525 34.171661 0.078885
1590.000000 142.673721 208.203445 13.607300 30.982391 0.064898
1590.000000 203.702271 186.454422 14.954285 36.069061 0.064649
1590.000000 0.040878 173.888809 14.560619 48.510834 0.053350
1620.000000 382.409607 162.757324 17.939392 43.021362 0.673963
1620.000000 456.262726 152.594650 16.187073 36.412292 0.299051
1620.000000 376.773224 161.906708 15.845398 39.086029 0.251811
1620.000000 485.285095 154.190231 11.727844 29.413940 0.215095
1620.000000 379.066620 163.137527 10.533203 28.527802 0.199874
1620.000000 361.576355 174.910782 14.870605 35.967072 0.166861
1620.000000 472.037598 157.810959 11.739197 27.346222 0.159425
1620.000000 468.025055 157.011200 16.632202 40.311157 0.145003
1620.000000 335.062073 158.521347 14.758057 36.814941 0.141111
1620.000000 347.864899 163.061646 11.494446 26.267853 0.126254
1620.000000 456.061646 148.088699 11.938721 30.556702 0.117071
1620.000000 451.742645 149.473495 23.300964 53.516235 0.114459
1620.000000 401.361267 181.403625 12.152649 28.647095 0.097164
1620.000000 491.554688 153.515961 14.677612 33.326416 0.074996
1620.000000 531.437500 135.772186 13.873413 33.680481 0.074099
1620.000000 310.812927 163.441177 12.439697 27.413940 0.071656
1620.000000 107.281799 211.942749 12.690567 27.419067 0.064139
1620.000000 451.449799 152.722198 13.511169 34.707550 0.054281
1620.000000 468.215088 155.657043 11.833130 28.104156 0.054002
1620.000000 353.749969 170.557709 14.832825 35.510834 0.053492
1620.000000 437.643951 152.450668 14.458740 33.060364 0.052288
1650.000000 387.219940 160.876648 17.555481 44.638306 0.346292
1650.000000 558.462769 181.990311 11.044800 27.980774 0.241332
1650.000000 622.221497 170.405746 12.603394 31.457458 0.231652
1650.000000 611.962158 185.267868 13.196533 32.146790 0.205267
1650.000000 451.236267 55.447937 15.415771 35.584930 0.091686
1650.000000 571.514954 181.805115 12.900391 30.664703 0.061150
1650.000000 587.030579 173.152786 12.578735 28.224762 0.052102
1680.000000 618.885010 183.006149 11.907349 29.285950 0.181498
1680.000000 583.492188 179.271606 12.595337 28.226379 0.142549
1680.000000 49.792038 144.228378 17.616356 41.695251 0.107289
1680.000000 621.702881 181.534241 13.574951 33.667664 0.068074
1680.000000 442.243347 175.927948 12.453552 30.472198 0.064767
1680.000000 246.923080 167.296158 17.046646 41.329041 0.063853
1680.000000 444.623962 193.391190 11.943359 27.492584 0.062298
1680.000000 553.629456 150.578476 14.650269 41.465149 0.059375
1680.000000 398.571960 161.127213 18.294250 48.116119 0.058137
1680.000000 577.768616 178.659790 14.729736 31.618317 0.056709
1680.000000 58.844688 187.249939 16.931168 41.230164 0.056439
1680.000000 22.953384 207.196640 12.126225 27.834076 0.054172
1680.000000 30.996197 210.052032 13.316261 33.503143 0.051901
1710.000000 58.181496 150.350372 27.291977 63.421570 0.195451
1710.000000 9.624570 149.115891 23.165833 53.014618 0.194173
1710.000000 4.541481 149.045761 34.360275 88.383514 0.118452
1710.000000 75.125183 146.599426 17.767365 45.695984 0.095427
1710.000000 375.741608 169.242691 17.086731 42.652283 0.086550
1710.000000 64.500885 187.434494 19.654922 49.198456 0.082511
1710.000000 13.939777 148.452515 15.869198 35.852112 0.081108
1710.000000 112.349060 142.973022 31.308289 76.149109 0.080846
1710.000000 89.786171 142.556671 21.910950 62.023926 0.076408
1710.000000 42.257805 149.736862 28.913300 67.982819 0.074292
1710.000000 45.886192 149.298920 20.223137 46.051086 0.055773
1710.000000 85.051270 154.195007 29.663757 76.907410 0.053907
1740.000000 516.336975 196.182465 12.162476 32.831390 0.247620
1740.000000 45.366673 152.734314 15.999939 38.732361 0.217537
1740.000000 527.579956 196.888916 12.607300 31.279449 0.164166
1740.000000 488.231171 186.622147 13.443970 34.961090 0.144431
1740.000000 346.890015 189.219498 12.777710 30.332916 0.112717
1740.000000 50.760468 162.021576 22.621948 56.484528 0.085976
1740.000000 521.099121 195.209167 11.999268 31.031158 0.074136
1740.000000 611.292603 154.612228 27.525391 85.287048 0.073994
1740.000000 575.561584 152.665955 28.008911 65.690155 0.059150
1740.000000 26.781969 147.425964 32.667824 80.397583 0.055908
1740.000000 40.100243 149.940338 23.623428 55.322296 0.054874
1770.000000 586.134033 194.047821 18.050171 45.045624 0.585126
1770.000000 595.782227 186.074081 18.074951 46.829346 0.265327
1770.000000 153.828247 198.921341 12.133698 31.493103 0.146772
1770.000000 333.602936 157.666565 23.153320 57.360657 0.110512
1770.000000 34.158169 135.507736 19.401642 48.028595 0.075700
1770.000000 376.259003 179.859680 16.025879 38.067688 0.067218
1770.000000 309.409943 164.039856 16.333374 38.962280 0.066519
1770.000000 81.440575 161.485687 19.038391 45.393860 0.064381
1770.000000 381.618896 190.387451 12.364624 29.353394 0.058247
1770.000000 369.876587 175.345383 12.795349 35.384827 0.054761
1770.000000 403.870453 202.605438 12.999023 31.888580 0.051875
1800.000000 618.964844 164.987778 19.216919 50.623810 0.691467
1800.000000 73.666565 136.865082 40.078751 100.902832 0.507607
1800.000000 596.734009 162.322784 13.155518 30.452087 0.389786
1800.000000 589.905457 168.703461 14.817627 37.167267 0.348532
1800.000000 590.237976 161.876709 20.972534 57.580261 0.184410
1800.000000 592.891602 163.442780 12.369751 30.522949 0.135044
1800.000000 32.980537 146.901154 19.068184 42.415894 0.108028
1800.000000 622.734802 164.433533 13.506470 34.986908 0.089217
1800.000000 579.553772 163.471298 16.451172 42.579498 0.054222
1830.000000 412.851898 189.753555 11.852844 29.247559 0.153825
1830.000000 201.091080 193.862213 12.114624 32.314270 0.067471
