30.000000 539.434326 9.646206 19.830444 45.014053 0.112128
60.000000 54.121532 177.906570 11.985928 30.148193 0.284332
60.000000 57.211685 177.057632 15.412170 34.685822 0.156567
60.000000 55.973881 173.847885 21.504284 53.165161 0.121457
60.000000 69.103416 179.230453 11.717606 27.753113 0.106516
60.000000 4.735908 170.735123 14.361855 33.449097 0.066819
60.000000 573.123291 98.801727 20.419312 47.386246 0.055862
60.000000 45.238926 179.192871 13.425781 33.837738 0.052738
90.000000 594.043091 58.260979 17.190552 41.889542 0.296990
90.000000 607.752197 57.581940 18.755249 47.012085 0.193714
90.000000 618.457397 39.607597 21.199707 74.918610 0.117455
90.000000 159.386963 111.072594 27.950958 66.116219 0.098039
90.000000 549.547119 29.356478 22.930908 53.105682 0.087256
90.000000 541.337463 28.665073 32.952271 85.529297 0.078123
90.000000 619.782837 41.391262 16.849487 40.253864 0.062750
90.000000 609.672791 60.184399 12.335815 32.536350 0.056090
90.000000 36.020515 186.561386 18.819389 53.363373 0.052834
90.000000 101.783569 152.739838 18.438232 47.898071 0.052155
180.000000 591.701904 212.291565 13.800659 33.911255 0.174586
180.000000 467.895721 183.346161 19.502563 47.879883 0.117051
180.000000 532.859924 201.605759 13.446289 32.773529 0.096836
180.000000 586.909424 211.321472 14.297852 35.900208 0.088506
180.000000 605.312134 206.175919 14.185181 34.513336 0.081767
210.000000 418.757721 168.499008 14.434021 33.617035 0.198206
210.000000 571.826904 169.684784 12.690308 26.358490 0.126076
210.000000 514.785034 166.761536 14.292969 33.607086 0.103034
210.000000 422.957855 167.187469 15.983704 34.706665 0.055315
210.000000 523.603149 168.811081 12.519043 29.467590 0.054896
240.000000 259.260864 204.064377 13.308655 32.867310 0.159839
240.000000 428.086578 210.712463 10.764343 25.646332 0.111946
240.000000 388.226990 204.755341 12.839783 31.572906 0.072688
240.000000 248.076767 205.989517 13.529251 32.067505 0.068832
240.000000 493.294159 206.142899 8.613342 24.186157 0.060206
240.000000 253.314056 206.011536 12.067200 29.824829 0.059848
240.000000 372.841980 206.252838 14.339966 33.844818 0.057821
270.000000 157.101624 196.650818 15.081421 31.461273 0.098142
270.000000 54.370605 81.202530 12.881172 31.217957 0.077605
270.000000 245.380920 190.762894 11.369873 30.637543 0.063537
270.000000 151.242523 194.817719 18.491150 45.237793 0.063530
300.000000 166.329437 189.101883 18.570282 43.822815 0.287227
300.000000 108.589363 194.768982 12.978653 30.987030 0.261724
300.000000 25.552750 190.464905 15.858200 38.708466 0.196072
300.000000 172.917603 189.031738 15.089813 33.357452 0.177645
300.000000 183.030350 183.894684 15.702271 38.769562 0.162136
300.000000 318.148041 201.349487 13.170715 31.142822 0.135163
300.000000 264.028168 190.522064 16.495178 39.856720 0.113948
300.000000 220.728439 183.334244 12.534912 30.042175 0.097547
300.000000 105.988449 194.840775 18.263458 47.318329 0.079414
300.000000 178.393875 182.309128 23.929108 55.424194 0.072425
300.000000 20.573923 193.913574 15.758680 36.581635 0.072098
300.000000 383.336761 176.535568 14.758423 34.736450 0.066088
300.000000 605.390503 47.412903 18.229858 43.449982 0.064091
300.000000 521.003967 143.122910 24.365234 56.660858 0.061014
330.000000 237.398300 191.752365 14.463196 34.743683 0.480826
330.000000 127.552574 58.848137 15.649010 37.921875 0.315847
330.000000 580.657288 186.854416 20.840210 50.442413 0.226680
330.000000 104.882858 58.596519 13.981750 34.601349 0.120953
330.000000 51.025921 198.525879 12.617058 30.423340 0.108481
330.000000 0.000000 117.106209 20.716534 84.606987 0.108008
330.000000 286.481354 194.067123 11.427002 30.287720 0.079521
330.000000 587.107788 191.457428 15.074219 35.336823 0.068973
330.000000 624.603760 146.623306 15.308960 54.612061 0.061704
360.000000 563.702942 186.608994 17.325562 40.802155 0.176791
360.000000 147.327454 183.872604 21.266388 47.140625 0.166266
360.000000 317.892578 187.830688 13.292847 33.624908 0.153930
360.000000 276.587952 193.800140 11.657959 27.839142 0.080006
360.000000 154.304047 178.398941 18.503204 44.206879 0.071135
360.000000 151.448929 183.492294 13.877716 31.432373 0.067692
360.000000 567.538940 186.129852 11.931763 27.675171 0.051684
390.000000 530.849060 203.955826 15.901367 36.629791 0.410368
390.000000 615.649963 156.091721 20.429810 55.235443 0.297971
390.000000 477.520691 193.216202 14.371460 34.761810 0.213638
390.000000 517.338806 199.385544 16.035034 39.209747 0.146969
390.000000 283.456024 180.785721 12.066772 30.516998 0.138752
390.000000 291.287384 180.946518 10.143066 31.079132 0.109296
390.000000 623.197754 153.200470 16.581177 62.395752 0.093832
390.000000 22.309525 176.846024 15.163380 35.818726 0.087284
390.000000 541.838196 189.701111 14.690674 34.263123 0.077349
390.000000 459.893799 187.043365 16.571655 39.519501 0.073091
390.000000 620.216919 157.442841 13.999634 36.134949 0.068261
390.000000 517.590271 184.353149 15.053955 36.935455 0.050599
420.000000 571.368286 214.283875 23.965820 54.877472 0.727637
420.000000 254.208389 179.554428 15.966537 35.165924 0.469001
420.000000 550.801636 210.022949 26.196289 52.921448 0.295667
420.000000 531.511902 183.314285 14.762939 37.083405 0.177730
420.000000 548.803833 189.877441 15.483521 34.431061 0.123251
420.000000 127.162048 179.964752 15.330261 34.911713 0.111503
420.000000 434.964050 180.691345 14.209473 35.036987 0.109504
420.000000 134.911896 186.567520 12.888062 32.650665 0.098394
420.000000 590.241394 0.468769 19.434204 42.137203 0.074628
420.000000 575.442139 213.613007 17.936890 37.620239 0.063880
420.000000 121.391815 178.419632 18.794067 46.355652 0.055685
450.000000 3.608564 190.345688 17.170414 41.572632 0.134061
450.000000 225.862335 185.736130 14.026825 32.405426 0.125569
450.000000 62.347824 176.098877 17.798584 44.352600 0.108407
450.000000 58.788372 178.428909 13.793217 34.426605 0.101384
450.000000 198.890396 182.795654 14.317902 34.079041 0.070084
480.000000 196.210770 175.609253 20.803162 50.109406 0.168470
480.000000 425.414246 180.169464 16.034912 38.857422 0.102417
510.000000 383.782959 174.742859 11.661255 30.302032 0.214403
510.000000 445.954193 186.050522 13.612671 31.470612 0.156845
510.000000 467.019623 185.612808 18.490479 48.131104 0.154362
510.000000 389.014801 174.688736 12.043823 30.780975 0.096170
510.000000 0.000000 185.144180 13.270750 54.035400 0.072212
510.000000 6.099682 188.729401 16.264055 38.258759 0.056438
540.000000 186.740280 174.421326 17.580292 42.148529 0.526829
540.000000 137.030609 176.636261 14.181122 34.292480 0.248393
540.000000 177.450897 175.997131 13.609589 32.784088 0.172633
540.000000 130.168625 174.582764 20.597076 48.927246 0.143113
540.000000 110.311920 207.388901 14.070282 34.886871 0.119038
540.000000 386.037231 167.715820 13.025757 33.509827 0.081812
540.000000 128.483185 174.743713 14.631744 32.914825 0.050971
570.000000 84.880768 165.085022 22.179352 54.904602 0.392330
570.000000 50.952385 177.674255 18.522408 45.207794 0.241499
570.000000 16.334347 187.712830 26.961063 68.184937 0.147187
570.000000 21.260035 182.553391 20.773657 50.375061 0.132143
570.000000 375.252472 165.345444 14.781677 34.302124 0.107132
570.000000 42.913700 177.047272 15.854218 39.824768 0.096537
570.000000 562.280823 207.368164 18.786133 42.525818 0.056433
570.000000 512.949646 157.976974 29.017090 70.117828 0.053799
600.000000 370.080414 17.197250 17.868835 41.534828 0.109208
600.000000 371.118683 165.200577 11.473389 26.493805 0.105004
600.000000 386.074890 16.475231 17.641663 41.421471 0.104469
600.000000 74.284874 167.578094 13.475876 31.879700 0.066741
600.000000 559.184387 150.615662 12.672485 31.325867 0.063493
600.000000 558.628723 150.602203 21.611816 53.707886 0.052287
630.000000 535.364136 170.661850 20.037964 44.999115 0.343528
630.000000 358.896912 159.420120 18.262878 43.233765 0.118730
630.000000 538.321167 171.088058 14.195068 31.531128 0.087135
630.000000 600.260132 144.054764 16.821045 38.695557 0.057528
660.000000 84.837440 178.025848 13.834824 33.683563 0.344840
660.000000 350.841492 159.427063 13.493713 31.662842 0.258136
660.000000 78.193245 177.013794 15.659470 37.514862 0.235575
660.000000 179.831879 170.113113 15.011963 35.540710 0.195512
660.000000 188.738907 171.937973 13.726471 34.425262 0.147245
660.000000 4.590761 153.777527 25.041931 66.232727 0.135381
660.000000 14.854968 146.594360 13.510488 32.225098 0.125722
660.000000 358.267212 166.393921 17.079468 40.679352 0.119783
660.000000 446.721008 176.191254 15.496094 37.183594 0.114130
660.000000 435.263763 173.654877 21.938904 51.023438 0.113316
660.000000 396.100861 162.453400 20.849854 53.240173 0.061653
660.000000 194.659927 177.509064 11.381317 29.865845 0.057267
690.000000 345.523834 170.611176 14.231812 35.816498 0.573455
690.000000 361.424652 150.773254 22.016724 56.334595 0.487799
690.000000 57.264633 177.836838 15.434952 36.745514 0.168104
690.000000 368.385315 156.897644 15.280762 33.079895 0.066798
690.000000 339.196625 177.417236 10.889954 27.735168 0.056405
720.000000 401.590515 152.418365 17.002197 40.205139 0.518912
720.000000 394.972260 150.524231 23.736145 58.591339 0.268058
720.000000 368.253326 166.602509 15.712280 37.578094 0.085782
720.000000 386.109100 157.300278 17.492310 42.884552 0.077694
720.000000 395.262329 152.908005 17.295776 35.250977 0.059522
750.000000 66.651154 170.771133 12.582581 31.089508 0.124331
750.000000 400.098602 161.096054 18.185608 44.203949 0.096855
750.000000 532.439270 175.883820 11.723633 27.678406 0.075031
780.000000 550.619995 150.092453 23.547974 57.537231 0.155491
780.000000 613.794434 158.986664 15.286133 35.129272 0.113530
780.000000 584.046387 174.781860 14.529419 34.530304 0.069157
810.000000 453.598816 154.073334 16.943726 40.424469 0.278237
810.000000 554.538147 171.312302 14.097656 33.689789 0.145522
810.000000 618.776428 150.036133 20.809326 67.779327 0.107062
810.000000 3.539578 180.925781 14.675133 32.809814 0.090286
810.000000 580.546509 170.127579 17.685181 41.898529 0.083167
810.000000 620.982666 158.702103 15.180664 37.768921 0.074640
810.000000 570.161865 178.869095 12.181641 30.841553 0.050542
840.000000 399.321014 182.132141 14.479858 35.908417 0.392156
840.000000 466.577271 144.751923 19.089905 44.775848 0.155912
840.000000 483.543121 148.554672 14.989685 35.521729 0.127154
840.000000 449.483978 147.638474 16.969604 38.864838 0.099654
840.000000 603.296814 150.602203 14.226318 35.160217 0.083290
840.000000 458.932251 188.468903 14.786865 33.616974 0.075273
840.000000 454.176208 175.590714 12.885864 31.995636 0.069292
840.000000 607.054932 165.957825 14.639038 34.212952 0.065755
840.000000 577.186890 169.415787 14.566772 34.102173 0.054130
840.000000 558.255737 168.442932 18.568970 43.100861 0.053187
870.000000 525.716187 167.654373 18.809570 45.055420 0.185766
870.000000 528.237427 167.506973 11.269531 31.613983 0.108435
900.000000 611.119507 182.505890 17.828979 38.758789 0.461330
900.000000 594.954346 179.443069 13.023315 29.501709 0.072289
930.000000 555.604980 163.849319 13.752075 32.509674 0.210556
930.000000 592.434875 158.192596 13.677979 33.707977 0.189060
930.000000 451.039398 88.383087 14.921082 34.189651 0.129494
930.000000 458.226990 166.701843 14.981201 35.248962 0.101871
930.000000 476.073730 7.183388 15.972412 35.514191 0.094564
930.000000 206.521774 98.644913 17.542755 41.528625 0.084411
930.000000 580.004700 157.482330 14.175049 33.108429 0.069655
930.000000 497.896851 159.323502 20.125671 49.484650 0.066786
930.000000 459.745117 8.165102 16.626343 35.871994 0.059039
960.000000 611.421387 118.212097 20.466309 49.487366 0.721168
960.000000 556.095703 175.331329 11.974365 28.883179 0.144622
960.000000 509.749451 137.153961 15.764404 37.073242 0.105940
960.000000 570.771790 104.441772 20.395752 46.040100 0.063693
960.000000 613.658813 133.854492 14.416626 36.679688 0.054852
960.000000 615.374146 92.165619 22.930786 77.921814 0.054327
990.000000 0.666835 131.634781 29.220074 74.597198 0.309009
990.000000 9.618153 133.124252 26.736595 62.462036 0.214495
990.000000 241.656708 111.888123 17.554291 40.717499 0.204041
990.000000 16.189522 133.829849 19.188629 43.455200 0.121208
990.000000 90.970459 104.811974 14.625854 33.117653 0.086245
990.000000 524.526855 70.141068 13.371094 30.894333 0.079537
990.000000 602.071655 174.731400 17.216675 42.103241 0.075387
990.000000 0.000000 118.951103 23.848028 134.783203 0.075219
1020.000000 197.522736 177.920395 19.074097 45.235687 0.070707
1020.000000 232.378891 171.807159 14.459625 33.913177 0.054523
1140.000000 362.030548 112.613869 14.504822 34.667122 0.337193
1140.000000 415.301788 132.078094 14.773071 35.471588 0.185729
1140.000000 360.094788 111.621788 20.955200 49.645958 0.112413
1140.000000 378.544617 110.659409 17.967346 40.777649 0.073661
1140.000000 203.816040 202.579895 10.984314 27.079010 0.056930
1140.000000 370.764954 112.208282 12.788879 32.187958 0.055545
1140.000000 375.318207 159.109772 21.756531 52.188751 0.050100
1170.000000 116.486839 181.853088 15.293877 38.262848 0.464201
1170.000000 159.358276 194.198227 15.497986 37.693909 0.258314
1170.000000 424.281219 117.470810 17.141479 41.826599 0.250345
1170.000000 350.493469 98.987572 20.303772 49.908012 0.134760
1170.000000 108.802208 180.143585 23.902031 51.754852 0.132275
1170.000000 353.277161 97.156380 14.124817 32.327110 0.128491
1170.000000 184.117386 88.360214 15.790833 38.669067 0.116654
1170.000000 284.709839 109.520187 14.567139 33.726395 0.100410
1170.000000 220.978317 92.983421 14.296783 34.007996 0.088856
1170.000000 175.957108 201.000732 12.740784 30.649200 0.065827
1170.000000 369.651855 104.302368 14.434692 33.556931 0.062320
1170.000000 126.787338 197.102753 14.838226 35.724213 0.058917
1170.000000 148.298584 75.253983 18.769897 41.261612 0.054987
1170.000000 295.454285 79.365265 15.956848 37.432556 0.052872
1170.000000 313.879517 110.754143 13.167114 28.587685 0.052597
1170.000000 322.551239 109.701576 13.971313 33.022240 0.050323
1200.000000 0.000000 171.411667 20.181595 115.003342 0.252584
1200.000000 380.241119 169.193253 16.906982 37.662079 0.123877
1200.000000 94.805725 200.144028 11.524887 30.444946 0.117375
1200.000000 9.789090 176.759308 19.084351 49.257080 0.109379
1200.000000 337.439484 96.020058 14.539673 32.392967 0.084227
1230.000000 16.849566 148.615829 31.660788 77.326233 0.126118
1230.000000 52.307243 196.886215 25.880524 63.641556 0.083959
1230.000000 39.927807 203.706467 16.491096 37.465820 0.079504
1230.000000 58.072865 198.758743 16.645275 40.040161 0.063542
1260.000000 184.092758 59.347679 15.262604 34.395554 0.426703
1260.000000 195.654694 60.752014 16.176392 37.362534 0.177879
1260.000000 347.615784 76.809143 12.681091 29.468796 0.168875
1260.000000 170.147980 56.952164 13.919281 33.018158 0.139563
1260.000000 226.812485 52.636784 16.297791 38.342098 0.132953
1260.000000 371.700806 82.020798 13.217346 30.929626 0.117643
1260.000000 358.357788 84.196175 13.726685 31.990372 0.093450
1260.000000 149.133560 64.814095 15.046509 36.732590 0.091664
1260.000000 400.355957 11.268588 11.983582 27.316532 0.085263
1260.000000 95.585205 113.564232 13.532120 33.613884 0.079421
1260.000000 362.350555 74.006783 13.036865 30.495926 0.078572
1260.000000 21.827866 53.170578 14.178062 33.132599 0.070559
1260.000000 217.036957 60.848328 16.498291 38.959991 0.068036
1260.000000 135.369431 45.195526 14.299500 35.188377 0.067415
1260.000000 251.479416 77.590668 12.522354 29.618073 0.064904
1260.000000 395.643616 79.250603 15.263672 34.264374 0.063103
1260.000000 290.167664 53.632076 16.665100 38.607349 0.058858
1290.000000 352.384888 62.183273 15.426880 34.693970 0.218332
1290.000000 383.370728 185.802124 12.190002 30.239777 0.144499
1290.000000 115.990784 23.674147 17.235306 43.266609 0.125143
1290.000000 323.287354 174.562042 12.311279 30.649200 0.117549
1290.000000 377.607941 65.612915 15.847290 37.456161 0.107613
1290.000000 155.439819 192.885147 15.961456 38.184906 0.101529
1290.000000 415.478729 64.773697 11.855347 28.018906 0.076967
1290.000000 316.889374 79.308197 14.856201 33.111618 0.076102
1290.000000 108.205231 35.301659 16.062698 37.661438 0.071974
1290.000000 274.618958 74.525902 15.898132 35.120148 0.067749
1320.000000 508.580566 195.366913 13.578491 29.473755 0.211821
1320.000000 388.848572 191.961502 10.746277 26.359741 0.119790
1320.000000 367.534393 45.605896 15.990479 36.508812 0.105419
1320.000000 362.578888 196.468643 10.255066 24.262726 0.061991
1320.000000 494.201599 203.786774 15.064758 33.997803 0.051385
1350.000000 14.667121 208.958511 15.682054 37.333801 0.661582
1350.000000 450.989288 31.215712 14.887390 34.694992 0.283599
1350.000000 46.921440 187.234131 18.963860 47.579559 0.190579
1350.000000 370.709045 18.026625 13.553101 31.212946 0.167288
1350.000000 481.176880 14.697315 13.715393 32.845535 0.144588
1350.000000 384.585327 17.577890 14.649902 32.899475 0.126786
1350.000000 475.820862 26.429739 11.163147 29.660532 0.090816
1350.000000 401.851105 26.588089 18.411621 45.348022 0.083480
1350.000000 395.901093 19.019878 16.242004 36.997467 0.059146
1350.000000 18.955223 203.816116 15.364445 37.252991 0.053269
1350.000000 406.054352 26.278112 12.635498 31.241838 0.050876
1380.000000 600.759094 160.114380 22.573486 54.106049 0.224211
1380.000000 606.152771 30.275620 18.679077 43.832359 0.150268
1380.000000 619.901550 118.556870 19.929443 77.127960 0.099164
1380.000000 587.379639 61.168720 13.737671 30.876331 0.056312
1410.000000 587.344849 0.000000 30.140137 72.037735 0.641974
1410.000000 108.124107 177.478958 16.335526 34.907562 0.231770
1410.000000 576.840698 0.100222 15.319458 34.507881 0.131785
1410.000000 561.788025 2.922470 15.937378 37.994576 0.125832
1410.000000 585.408508 0.266453 30.709473 37.934700 0.107493
1410.000000 570.460999 0.210192 24.767822 46.611557 0.104620
1410.000000 620.831360 29.587769 14.102295 31.486305 0.094608
1410.000000 540.730713 0.323178 13.613403 29.751320 0.091824
1410.000000 556.999451 0.321268 24.951782 61.802376 0.085791
1410.000000 556.457336 4.080851 14.850952 34.225578 0.084594
1410.000000 518.930115 1.723812 16.822632 39.561722 0.080739
1410.000000 506.932495 137.346848 22.353882 55.875397 0.073630
1410.000000 572.540588 0.084961 18.158691 21.303127 0.073274
1410.000000 119.355583 182.661682 12.835457 29.137329 0.068967
1410.000000 513.944519 0.589128 26.000488 55.391350 0.063549
1410.000000 441.967224 115.953262 39.218018 93.977936 0.061273
1410.000000 490.187347 0.169388 12.869507 29.966362 0.059128
1410.000000 612.318054 38.255650 15.111816 31.368191 0.056706
1410.000000 114.145782 180.614929 13.954376 32.668060 0.050574
1440.000000 584.821411 17.875544 16.007202 36.677109 0.158652
1440.000000 535.761414 128.323029 21.655273 49.229980 0.154398
1440.000000 572.302368 9.479059 15.847290 36.443604 0.153137
1440.000000 563.558533 7.352642 21.552490 43.383675 0.109641
1440.000000 564.700500 8.070839 13.795288 32.411457 0.091538
1440.000000 604.247498 14.412066 12.948364 32.448975 0.073897
1440.000000 556.524048 42.271957 13.035400 28.986794 0.070763
1440.000000 574.763306 17.175041 16.626709 38.348312 0.057352
1440.000000 581.401428 20.152224 14.537231 30.723249 0.056960
1440.000000 560.753845 28.371658 12.230591 30.105896 0.051919
1470.000000 109.256660 73.967560 13.408630 32.601395 0.144301
1470.000000 116.161011 71.498581 13.718872 32.730850 0.054139
1470.000000 108.284645 68.865402 23.389290 53.028839 0.052130
1500.000000 203.082504 151.664948 20.650177 47.283813 0.097074
1500.000000 19.899551 161.001801 16.691631 40.315643 0.058858
1560.000000 424.338379 154.523956 20.711670 50.763763 0.071535
1560.000000 6.142092 168.846191 16.227854 42.016846 0.070101
1590.000000 567.742310 30.004614 23.184692 57.066170 0.387944
1590.000000 85.319801 66.917114 14.978561 36.155914 0.109823
1590.000000 586.405334 32.481922 15.722046 40.837353 0.059458
1620.000000 221.892685 11.698473 16.283234 38.260536 0.070772
1620.000000 62.058182 54.141186 15.392334 36.869205 0.051402
1650.000000 85.434616 76.441559 15.774139 37.078735 0.135509
1650.000000 61.447578 49.549736 17.140121 39.914124 0.073807
1650.000000 58.942547 46.588745 25.399555 59.212402 0.060793
1710.000000 57.832272 89.453346 23.863865 58.548271 0.408566
1710.000000 75.633965 100.560287 19.028824 45.127625 0.349638
1710.000000 70.670845 93.190048 13.693573 33.264175 0.300055
1710.000000 174.885757 209.067566 10.454559 26.213165 0.283870
1710.000000 61.662777 90.270058 15.732624 37.007599 0.253299
1710.000000 37.423229 87.615845 12.850456 28.590393 0.214432
1710.000000 24.070213 94.747688 18.531967 46.779640 0.212558
1710.000000 53.225056 92.000824 15.070072 35.709930 0.107779
1710.000000 68.379105 95.507889 21.714523 51.339890 0.095100
1710.000000 2.978683 152.013916 17.862198 41.359253 0.088217
1710.000000 73.523689 99.013695 26.649063 65.333382 0.081756
1710.000000 77.321899 99.107361 14.274475 31.290634 0.072761
1710.000000 101.590088 81.147171 17.260895 41.885391 0.072477
1710.000000 28.070705 88.518829 13.655464 32.674683 0.055817
1740.000000 508.616364 146.221756 29.463287 76.347717 0.384769
1740.000000 513.942871 148.152710 19.615234 45.151672 0.133014
1740.000000 423.396423 49.299583 15.112793 35.906372 0.121587
1740.000000 370.244537 25.898405 13.672729 33.193176 0.121321
1740.000000 164.414490 208.221161 13.340973 31.467224 0.119599
1740.000000 337.054504 8.736538 17.913208 44.413738 0.075487
1740.000000 386.285919 31.645226 16.936829 39.004684 0.073011
1740.000000 346.761017 13.277117 26.973022 58.279999 0.063248
1740.000000 48.515602 84.651642 19.086357 44.886154 0.050748
1770.000000 136.016800 190.584686 17.468079 43.694153 0.569682
1770.000000 140.124756 172.861435 23.444000 60.763123 0.057991
1800.000000 62.896870 23.250109 14.149921 33.112076 0.334697
1800.000000 67.631149 20.982450 13.719574 34.349060 0.155308
1800.000000 133.480042 142.196793 31.473846 81.551941 0.141787
1800.000000 16.346550 129.814682 29.738544 73.358521 0.110578
1800.000000 489.354523 172.319916 17.042725 40.151855 0.105292
1800.000000 20.906588 130.211853 20.292303 49.412720 0.092228
1800.000000 478.189362 16.945097 22.862549 53.564781 0.055600
1800.000000 144.425293 16.437313 22.985107 55.772556 0.052344
1830.000000 44.952095 191.412064 13.178223 33.344482 0.207458
1830.000000 46.842384 2.476516 12.808098 28.619392 0.164244
1830.000000 79.567551 41.174042 14.145309 31.546410 0.106172
1830.000000 1.170274 75.664261 19.344196 57.074631 0.093786
1830.000000 38.909641 191.360657 20.859337 48.407593 0.091224
1830.000000 90.466988 38.037231 12.019363 29.177757 0.050011
