30.000000 327.221069 171.160172 18.511292 43.508942 0.309805
30.000000 337.213470 162.575363 24.276855 62.074615 0.206002
30.000000 458.415863 188.631851 13.810303 32.240509 0.127424
30.000000 291.196320 187.487625 13.546143 35.857544 0.086516
30.000000 340.874176 167.544556 17.097778 38.639069 0.077983
30.000000 329.622742 169.904816 12.333252 27.354736 0.065674
30.000000 112.533333 202.034760 9.698471 23.205658 0.061041
30.000000 454.122101 189.567352 11.959595 29.964111 0.055692
30.000000 360.021667 181.349777 15.389465 37.620850 0.054349
60.000000 573.205811 186.163666 12.327759 30.103302 0.548340
60.000000 508.606628 202.860031 13.540649 31.023743 0.285360
60.000000 475.397766 185.466400 14.090637 33.877502 0.229618
60.000000 486.233978 183.721985 14.232483 33.297577 0.180690
60.000000 485.190033 181.954697 21.034058 48.658508 0.150139
60.000000 490.747894 184.053162 14.649841 33.813873 0.133058
60.000000 284.172516 191.880936 12.745789 30.528320 0.095988
60.000000 472.688721 185.007874 21.511108 51.075806 0.082420
60.000000 480.942444 184.808731 14.161926 32.698029 0.079449
60.000000 429.486328 181.138733 14.683472 34.030212 0.061603
60.000000 128.678421 201.605286 11.432983 27.856415 0.058962
90.000000 430.361511 171.939926 24.695496 57.783691 0.266297
90.000000 436.653656 177.572205 14.602905 38.751343 0.117748
90.000000 74.499374 200.139755 13.844574 31.756317 0.101359
90.000000 44.249935 207.226883 12.707596 32.990906 0.097697
90.000000 22.762642 210.193420 11.505192 28.536072 0.084450
90.000000 281.375031 192.130890 13.143799 30.828094 0.054453
90.000000 17.998158 210.530121 12.613842 31.271301 0.051478
120.000000 7.854074 204.788467 14.917327 31.020477 0.138229
120.000000 475.026550 179.343353 20.385864 51.840332 0.137285
120.000000 19.481966 206.090561 12.485081 30.955963 0.078604
150.000000 500.977234 159.250427 12.820007 32.379425 0.359360
150.000000 556.666077 177.235428 10.637329 29.324463 0.198070
150.000000 548.618835 179.472778 15.421143 35.677185 0.185903
150.000000 131.270966 182.363113 22.025238 50.990082 0.177524
150.000000 548.742432 175.810577 20.946045 51.918396 0.165849
150.000000 496.969696 158.383072 20.081390 49.576660 0.128595
150.000000 517.172363 167.280411 14.458252 34.206085 0.087589
150.000000 566.039062 167.070099 18.727417 45.196533 0.067602
150.000000 523.537292 178.152496 13.479858 33.769806 0.057709
150.000000 511.894287 165.886856 25.494141 62.501007 0.054802
150.000000 6.706900 207.898392 12.162006 28.228271 0.050345
180.000000 250.776413 164.564819 19.779007 45.564240 0.196219
180.000000 287.653778 192.316437 12.272949 29.713135 0.165792
180.000000 276.488922 180.098312 14.332092 34.210602 0.157668
180.000000 466.176392 162.215515 22.338440 55.161682 0.114241
180.000000 363.525360 193.124863 14.817505 36.080078 0.091155
180.000000 272.355408 185.346558 18.102356 42.442291 0.086804
180.000000 459.530060 167.088394 18.334106 44.489960 0.073695
180.000000 461.207855 166.460999 12.044189 29.887848 0.072762
180.000000 84.676361 198.524780 13.622284 31.762421 0.064979
180.000000 447.290375 184.540802 15.236023 36.398346 0.062766
180.000000 256.351807 185.777802 15.960693 39.250000 0.050885
180.000000 271.896271 187.543350 12.540039 32.121429 0.050281
210.000000 257.676208 178.710403 17.642456 38.866425 0.272997
210.000000 402.366302 175.597565 14.086243 34.590149 0.241115
210.000000 459.892670 185.021652 11.865051 30.316071 0.133996
210.000000 522.690369 157.592728 18.406372 43.867340 0.109887
210.000000 280.032806 192.363586 12.551636 31.417694 0.056082
210.000000 55.397484 207.248566 13.872902 34.842010 0.055131
240.000000 588.940186 176.747955 17.611328 41.000397 0.463780
240.000000 251.448624 178.239197 16.471451 40.197998 0.383042
240.000000 469.783661 184.674973 15.291809 34.248810 0.289629
240.000000 243.036560 173.383331 23.963440 55.896088 0.267397
240.000000 446.271057 201.352219 14.664429 34.553894 0.253984
240.000000 158.535126 200.758026 10.697632 29.080933 0.193220
240.000000 591.084045 176.371704 11.837891 30.671082 0.146962
240.000000 569.932251 208.819016 16.590576 40.836853 0.145951
240.000000 465.918823 184.128677 23.179749 53.459503 0.142929
240.000000 461.658600 181.900284 13.032166 33.768707 0.105087
240.000000 246.890472 173.597824 14.705536 35.236542 0.098792
240.000000 78.268593 194.952362 11.907227 29.257324 0.088622
240.000000 274.048950 189.498672 12.404053 30.959229 0.070757
240.000000 88.901138 196.890915 12.982254 30.220673 0.069934
240.000000 240.165161 179.077667 17.929932 40.257446 0.064187
240.000000 232.817001 185.104385 15.546875 35.867462 0.058422
240.000000 594.557739 173.687531 13.375977 32.482666 0.054150
270.000000 568.210205 177.365601 15.143066 36.011719 0.428402
270.000000 480.251129 180.448059 12.611877 30.545227 0.403111
270.000000 547.591248 173.010834 23.938232 58.048767 0.376285
270.000000 554.282349 174.838104 16.405273 39.984924 0.335520
270.000000 543.781067 177.498917 18.000977 42.551758 0.224500
270.000000 540.176331 171.622223 36.299683 80.119171 0.145661
270.000000 546.754517 178.559250 11.523315 32.452789 0.127867
270.000000 218.857178 167.235016 26.268372 63.719666 0.122992
270.000000 563.916199 174.320374 20.554688 53.612671 0.112227
270.000000 20.523735 200.574249 13.386765 31.544952 0.100070
270.000000 34.974808 199.826843 12.420204 31.451904 0.100048
270.000000 221.541656 167.253891 17.645294 42.353333 0.077924
270.000000 551.929626 172.731369 12.532349 33.070465 0.074356
270.000000 588.485046 163.465088 19.644653 47.308838 0.073487
300.000000 491.528595 177.059555 13.813538 33.057343 0.620887
300.000000 611.372925 161.042511 15.143555 35.880005 0.528558
300.000000 570.471375 166.940002 13.204346 32.423096 0.191332
300.000000 606.066650 160.189758 25.405640 48.582397 0.147568
300.000000 569.859558 169.873779 18.030884 42.022064 0.123494
300.000000 450.740662 184.842377 12.000000 28.579437 0.092081
300.000000 29.633078 197.333969 14.017992 33.514984 0.087430
300.000000 565.369202 168.190247 12.531494 32.130127 0.068031
300.000000 614.512085 159.613525 11.456787 24.451202 0.056747
300.000000 468.454742 185.522339 11.128296 27.039612 0.052525
300.000000 601.786865 152.765244 13.149780 32.055359 0.052152
330.000000 493.453186 176.075500 20.441223 49.176636 0.382746
330.000000 423.421936 152.075943 15.953491 37.356415 0.298728
330.000000 141.755142 146.569901 21.770477 49.886230 0.263830
330.000000 483.940308 177.434174 15.050903 37.091034 0.242647
330.000000 26.429186 107.656395 14.674192 34.783943 0.210758
330.000000 505.015076 176.022278 11.890625 26.724579 0.168626
330.000000 587.619690 164.965149 13.102417 30.389954 0.082462
330.000000 137.111145 145.943405 31.599670 73.502838 0.071022
330.000000 145.655258 145.267120 13.837952 29.172821 0.070811
360.000000 506.425476 171.427597 16.507202 39.941559 0.906893
360.000000 486.840576 175.761078 13.472168 30.420441 0.860132
360.000000 128.904099 162.331558 16.136444 41.545013 0.595415
360.000000 347.499908 152.112122 17.167175 38.988220 0.464244
360.000000 447.168427 182.880493 11.718323 25.810547 0.319688
360.000000 341.983643 149.585449 23.864807 59.488312 0.267862
360.000000 399.774384 157.867615 21.912170 51.697052 0.264177
360.000000 309.612793 140.717682 22.179749 57.779510 0.259794
360.000000 446.198273 183.723526 15.708862 36.847504 0.205449
360.000000 523.750671 188.406525 17.734741 40.067780 0.176070
360.000000 421.937744 174.253448 11.667725 29.206268 0.175993
360.000000 406.038574 158.295959 14.815308 32.516663 0.127608
360.000000 423.251831 158.241455 13.931152 31.990936 0.123888
360.000000 433.065796 148.520706 16.017883 35.900360 0.097748
360.000000 430.273834 145.537994 22.521301 54.114899 0.094412
360.000000 124.419182 158.120636 22.880180 59.237640 0.092667
360.000000 155.077866 184.196045 15.024567 37.188660 0.087697
360.000000 482.589539 176.645386 11.658325 28.585419 0.074703
360.000000 28.440601 102.217346 18.566582 43.289139 0.073603
360.000000 540.253845 184.609085 10.574219 25.477142 0.060921
360.000000 548.041626 175.232727 12.126953 28.158997 0.060270
360.000000 409.968445 185.000977 12.011108 26.168762 0.058933
360.000000 420.545410 169.472290 19.091675 44.080505 0.051771
390.000000 521.593750 172.835449 14.784058 37.461212 0.712583
390.000000 309.735443 137.972214 22.572693 53.804901 0.464612
390.000000 483.271576 178.106186 16.836182 39.845856 0.442600
390.000000 498.592651 178.752823 11.190674 26.556610 0.424249
390.000000 512.690552 171.375092 14.162720 38.053406 0.401904
390.000000 484.607727 177.256485 12.133850 28.258179 0.348997
390.000000 456.503723 180.328781 13.464905 32.951965 0.269531
390.000000 597.342834 163.535690 14.679443 34.586548 0.250672
390.000000 588.374451 166.469315 12.407349 30.160431 0.206524
390.000000 143.118378 183.112289 16.800446 40.634766 0.203052
390.000000 494.564850 178.898941 12.624573 30.447784 0.202693
390.000000 518.553772 172.168533 10.875977 29.905579 0.200075
390.000000 489.298676 179.209839 12.998535 28.964539 0.192139
390.000000 533.946045 175.576569 13.412354 33.492004 0.191255
390.000000 526.379822 177.671753 13.193848 30.525116 0.168515
390.000000 559.984192 183.529602 11.477051 26.716309 0.137243
390.000000 411.016479 158.271286 16.312439 38.700104 0.130266
390.000000 430.466064 184.841141 15.539673 35.882141 0.124475
390.000000 476.085358 175.074463 11.903076 29.114136 0.117150
390.000000 139.901093 180.527191 24.545593 56.057831 0.107180
390.000000 551.999268 185.147568 18.209595 45.969788 0.102733
390.000000 314.358551 138.480148 14.675415 37.098114 0.093724
390.000000 508.568726 178.650330 13.490234 33.673462 0.089490
390.000000 412.605469 185.797974 14.428162 35.054901 0.087423
390.000000 79.530106 157.547546 19.617386 48.921295 0.084791
390.000000 305.044922 137.598297 31.231506 83.891541 0.083722
390.000000 418.284912 185.751358 11.696777 28.112854 0.083497
390.000000 122.625130 185.518250 18.552879 46.027588 0.077923
390.000000 148.253021 182.869507 15.367462 33.387482 0.054528
390.000000 476.597504 179.103760 20.028076 45.489655 0.051301
420.000000 522.526672 171.446014 17.046631 41.939484 0.834663
420.000000 541.565491 177.306366 13.213989 32.439087 0.483141
420.000000 548.825806 171.163879 15.288452 37.977783 0.391145
420.000000 483.716339 176.335968 10.966797 28.732117 0.304502
420.000000 492.625031 180.078278 15.564697 37.071625 0.302635
420.000000 504.197601 178.874130 18.077301 45.241882 0.233902
420.000000 479.253021 176.186798 16.693787 38.473480 0.217573
420.000000 459.988434 181.083221 16.397400 39.799286 0.180384
420.000000 133.047974 170.928009 20.204773 47.112030 0.165561
420.000000 139.916595 173.296722 14.635590 35.211304 0.163289
420.000000 417.544098 185.528137 12.437744 29.625153 0.139591
420.000000 422.778137 186.235153 11.634521 26.674408 0.133029
420.000000 486.852203 175.916306 13.939453 31.726440 0.130860
420.000000 444.026062 173.820740 13.227173 32.011017 0.126365
420.000000 613.849548 160.485107 13.580322 35.594238 0.116853
420.000000 519.869446 178.269287 10.989258 28.859314 0.109318
420.000000 534.298279 178.809769 11.868530 29.653351 0.105193
420.000000 563.491272 190.325485 18.837891 44.073700 0.104651
420.000000 7.635208 181.268875 26.974995 59.965851 0.104103
420.000000 435.347443 171.096054 15.822937 39.247528 0.096064
420.000000 508.961243 178.198654 13.088135 31.649475 0.091438
420.000000 443.351593 182.033371 16.189636 37.767090 0.070930
420.000000 485.702911 177.885193 21.645874 49.940155 0.070763
420.000000 464.953491 180.619934 13.262695 27.857819 0.069836
420.000000 124.820030 172.284317 27.055077 64.592590 0.064592
420.000000 134.595673 169.705002 13.264526 32.045471 0.054455
450.000000 528.199524 167.596817 17.747681 42.985687 0.909875
450.000000 518.323242 170.795959 15.618408 37.969330 0.547740
450.000000 133.332947 173.022476 20.506470 46.974579 0.512661
450.000000 580.214783 181.517578 22.994995 57.407043 0.509899
450.000000 546.873108 176.684082 15.479858 35.168884 0.487155
450.000000 561.461304 172.408951 14.573242 34.345642 0.473149
450.000000 466.820435 181.362488 14.151489 32.588440 0.317511
450.000000 46.508389 215.697998 19.001438 45.012054 0.296639
450.000000 0.014668 180.186081 22.882107 137.222122 0.244097
450.000000 125.349548 170.836563 29.981445 68.895752 0.227128
450.000000 521.253418 165.758087 22.453247 56.011017 0.223750
450.000000 416.324188 188.654434 11.770752 29.467438 0.199234
450.000000 513.816895 169.396545 22.447021 55.237213 0.196521
450.000000 555.268372 172.634125 12.014648 29.753876 0.194997
450.000000 436.007263 184.263016 11.873474 26.197754 0.171699
450.000000 585.615051 180.458374 15.572266 36.346436 0.167876
450.000000 424.355713 185.559097 12.162781 29.441406 0.138849
450.000000 124.504417 174.639603 21.774055 48.061768 0.128668
450.000000 424.940369 200.250092 13.181458 27.396271 0.103595
450.000000 69.570587 177.847656 18.154968 47.627472 0.102814
450.000000 140.130249 174.522003 14.674744 33.959717 0.100827
450.000000 0.304136 159.469131 27.873724 222.146835 0.089397
450.000000 566.717163 172.295959 27.145996 69.873291 0.087589
450.000000 461.189148 180.674133 19.108032 47.158569 0.070664
450.000000 560.202820 173.476318 11.274658 26.377289 0.062532
450.000000 488.638092 179.190155 17.473572 40.870514 0.061635
450.000000 125.599785 175.511917 14.886604 34.660522 0.061414
450.000000 510.162720 180.668915 17.734985 39.527588 0.060523
450.000000 447.486389 183.297302 13.942078 32.056732 0.059514
450.000000 443.948151 175.838577 14.703552 35.018341 0.058952
450.000000 412.340210 187.701355 11.024414 29.556030 0.056118
450.000000 540.802368 176.354507 15.180176 34.991791 0.051962
480.000000 527.550903 169.489166 17.285522 41.822876 0.811165
480.000000 512.310242 173.694824 17.095947 41.033783 0.729933
480.000000 555.760254 173.450424 12.275757 30.014771 0.627328
480.000000 417.937805 187.599121 13.797913 33.996887 0.503826
480.000000 499.557495 181.650177 14.597839 33.908142 0.372201
480.000000 490.203979 182.374344 16.235535 35.204376 0.306688
480.000000 58.896622 199.105148 15.710602 38.225494 0.293094
480.000000 582.753601 183.258438 23.355469 58.524536 0.277526
480.000000 467.577667 184.493942 13.670166 31.100372 0.262776
480.000000 566.340393 175.479370 12.308594 26.217957 0.243574
480.000000 511.725464 181.759689 11.647705 28.045990 0.201228
480.000000 577.835083 195.167709 18.427246 46.454712 0.162413
480.000000 587.559204 183.579575 17.013428 39.956970 0.143265
480.000000 528.281677 169.534149 12.857666 27.754181 0.134172
480.000000 602.369629 170.967346 13.884033 35.297058 0.131317
480.000000 1.510538 221.733490 11.311963 97.209656 0.127036
480.000000 507.577881 172.748596 24.176025 63.502258 0.121135
480.000000 486.358490 181.692413 23.385742 49.460693 0.106868
480.000000 521.960266 167.585938 24.068237 61.918884 0.104384
480.000000 540.402771 181.856903 12.144409 28.541138 0.073499
480.000000 443.896576 179.958191 13.394592 29.849487 0.062843
480.000000 524.522766 171.636826 11.607300 29.580444 0.053627
510.000000 529.416687 170.912186 18.636108 44.556793 0.883460
510.000000 503.613892 176.840881 18.850952 44.448425 0.777456
510.000000 551.965881 175.765762 12.892456 31.349030 0.496194
510.000000 41.238785 185.713455 18.965073 43.050262 0.495458
510.000000 466.125488 183.916077 17.948181 42.992645 0.315725
510.000000 529.003540 173.471375 12.369385 34.780151 0.303550
510.000000 37.736076 188.347931 15.965286 37.037659 0.230723
510.000000 525.090088 167.886749 26.261597 65.212189 0.221948
510.000000 507.818726 176.819946 13.247925 29.701050 0.167576
510.000000 411.335602 158.443817 22.987793 56.144379 0.167425
510.000000 410.028717 157.187256 17.266663 39.605408 0.167242
510.000000 518.001831 181.356888 14.381470 34.065704 0.161763
510.000000 12.716581 197.470490 15.482674 36.188660 0.150737
510.000000 496.949585 177.131989 29.574646 73.075867 0.134182
510.000000 567.501465 177.203232 12.366699 30.415894 0.133629
510.000000 491.686157 185.481628 11.994080 27.671570 0.090485
510.000000 80.102013 193.594376 16.057663 37.986237 0.083633
510.000000 499.725220 182.165741 12.400269 29.916229 0.078360
510.000000 0.338685 206.229767 10.724722 120.616882 0.070608
510.000000 554.909058 178.959274 14.020020 32.572021 0.067857
510.000000 0.000000 193.855881 10.970768 48.763214 0.065773
510.000000 569.215027 182.015579 15.954590 36.784454 0.059385
510.000000 421.089355 147.208588 18.133484 45.359650 0.055562
510.000000 516.746643 179.341339 21.033813 49.210388 0.054953
510.000000 135.416580 184.897232 16.614380 38.164185 0.051332
510.000000 441.443268 176.390320 16.841248 40.400787 0.050019
540.000000 529.419189 172.744171 16.863892 42.639282 0.876132
540.000000 549.796570 177.698502 13.208374 31.580658 0.678134
540.000000 499.224396 178.088898 19.754669 46.797882 0.676243
540.000000 465.478516 184.154449 14.364014 32.487793 0.547881
540.000000 502.862396 178.003052 13.430084 31.480255 0.432775
540.000000 515.476074 184.483551 19.173340 45.933289 0.421012
540.000000 494.228668 178.988251 27.631378 65.438843 0.341519
540.000000 545.520508 178.471893 12.947754 29.606781 0.314785
540.000000 567.165283 180.202606 11.276611 28.433441 0.281127
540.000000 461.778381 184.292175 19.927307 48.212524 0.269827
540.000000 518.589722 183.843094 13.765015 32.278656 0.232566
540.000000 12.893212 201.749313 14.690341 35.897797 0.197428
540.000000 52.939861 203.198059 13.046154 32.862762 0.183652
540.000000 416.468170 191.917526 13.058228 32.846527 0.170819
540.000000 523.843567 171.775299 25.964355 62.894104 0.152784
540.000000 542.635071 176.929535 20.159790 45.842621 0.120022
540.000000 561.876953 178.742676 10.674683 27.617157 0.111446
540.000000 568.348572 181.852600 15.375244 34.220703 0.096620
540.000000 0.199738 223.953064 10.127903 80.151306 0.073205
540.000000 442.886902 187.098083 14.135498 30.953766 0.073021
540.000000 492.227783 183.648117 15.507568 33.881470 0.071814
540.000000 141.388016 188.583755 13.873352 32.099030 0.069886
540.000000 561.593201 177.635239 16.464966 38.683533 0.061910
540.000000 424.536041 191.069305 12.548035 29.635498 0.060023
540.000000 442.596008 188.695251 19.276489 44.736755 0.057142
570.000000 528.345459 174.088470 18.629028 43.517181 0.830149
570.000000 502.249420 179.815811 19.117950 45.077820 0.745598
570.000000 416.955261 192.757019 14.748413 35.058411 0.624438
570.000000 553.424255 177.819321 11.020020 28.347473 0.610032
570.000000 459.771576 185.306229 14.408386 35.153839 0.372524
570.000000 496.306396 180.569656 27.867188 67.804260 0.349096
570.000000 518.509155 184.590469 16.367798 37.187683 0.336166
570.000000 505.173431 179.552628 13.662445 30.833618 0.324898
570.000000 520.351013 173.750061 25.489380 59.718933 0.181855
570.000000 460.955200 186.975174 19.908264 45.135468 0.155355
570.000000 468.550598 189.397736 12.487244 29.559357 0.149789
570.000000 513.364197 183.485443 23.646851 56.135742 0.130188
570.000000 569.546692 182.319031 15.911133 37.937958 0.129825
570.000000 442.491180 181.954208 16.482239 39.559906 0.099737
570.000000 0.194777 224.285431 9.227589 70.344116 0.089715
570.000000 491.663879 188.263519 15.069275 31.195801 0.088502
570.000000 435.384521 190.129883 13.331482 31.199066 0.082760
570.000000 616.285339 175.560089 11.869507 29.189148 0.065481
570.000000 544.141846 183.477768 15.194458 35.664154 0.063805
570.000000 548.542969 181.339462 12.562500 29.255157 0.060325
570.000000 483.598694 185.636932 12.376465 28.335693 0.057830
600.000000 529.100769 173.414566 18.571777 43.245331 0.877496
600.000000 553.718140 178.326538 12.057007 30.235199 0.718177
600.000000 455.710205 186.382233 17.384155 41.770691 0.519460
600.000000 520.332825 178.244080 14.750488 35.667053 0.473903
600.000000 542.120850 177.713440 11.806152 27.308044 0.383566
600.000000 460.001343 186.649811 11.108337 28.880371 0.383090
600.000000 619.207275 173.023788 18.717041 47.733307 0.322611
600.000000 567.912720 179.163803 13.710693 29.039337 0.319377
600.000000 419.238281 192.930267 13.503662 32.976440 0.289322
600.000000 537.045105 177.906616 12.350220 32.419800 0.238854
600.000000 468.823914 189.377701 12.093872 29.523499 0.206916
600.000000 450.017365 185.748230 26.329102 63.968964 0.200927
600.000000 441.418152 185.445755 15.974915 37.094177 0.158943
600.000000 550.540955 178.397400 18.013550 41.148621 0.143046
600.000000 463.432617 188.870834 18.529114 42.899597 0.140646
600.000000 540.823975 181.617493 16.374390 36.480072 0.135579
600.000000 514.515991 177.350815 21.559570 55.490265 0.125811
600.000000 523.193481 171.822556 26.573730 64.140625 0.103718
600.000000 492.126434 187.363190 12.778503 28.498535 0.095016
600.000000 415.993011 191.928299 13.281372 27.781860 0.087751
600.000000 620.995300 175.188980 12.825928 32.264740 0.072656
600.000000 557.778198 177.364594 10.741943 28.086090 0.066722
600.000000 30.041901 201.600784 11.793488 28.396912 0.059631
600.000000 527.743835 174.934952 11.975830 28.459839 0.058337
600.000000 489.773071 186.715958 18.921021 45.048584 0.057296
600.000000 475.246246 180.784271 15.681824 37.933929 0.054385
630.000000 528.306213 174.600723 18.882812 44.289825 0.806563
630.000000 541.998718 178.530670 13.016846 30.330414 0.750409
630.000000 553.788696 180.250565 11.449341 28.140717 0.596226
630.000000 418.207947 193.019653 13.659485 31.867615 0.436945
630.000000 516.289307 185.758453 18.528931 42.831085 0.296966
630.000000 469.973633 190.260666 11.888184 30.561005 0.282492
630.000000 521.495911 173.631851 27.658569 65.412750 0.214946
630.000000 452.232544 188.449509 17.376282 43.635803 0.199456
630.000000 526.901611 178.281250 13.674805 34.507263 0.156644
630.000000 492.851868 190.175064 13.231201 29.034912 0.150287
630.000000 568.339355 182.037567 13.413696 31.634857 0.145809
630.000000 536.924255 178.903091 11.439697 29.480865 0.145550
630.000000 498.225952 188.436356 17.607605 41.995422 0.139886
630.000000 465.879303 189.144150 17.465088 42.399933 0.137491
630.000000 550.956665 179.606628 16.989380 39.613342 0.116956
630.000000 501.196838 188.875214 12.199768 27.706421 0.098138
630.000000 547.642456 181.718201 11.805664 27.172394 0.086939
630.000000 444.674835 180.865448 12.501160 32.818359 0.078643
630.000000 615.891052 179.064774 11.131470 27.892822 0.072470
630.000000 521.906189 184.084244 13.672729 31.612244 0.072421
630.000000 454.883850 187.575363 12.306213 31.393799 0.071248
630.000000 513.811584 185.031830 27.455566 60.416565 0.069049
630.000000 490.845612 187.840637 19.886475 44.405792 0.068222
630.000000 40.096214 221.334015 17.001419 38.960785 0.060428
660.000000 528.798523 175.663651 18.385620 44.049225 0.847789
660.000000 0.098652 205.781113 9.230684 71.235367 0.614286
660.000000 515.990479 185.874878 18.991577 44.817017 0.370883
660.000000 2.799671 204.912842 24.097040 70.945831 0.351550
660.000000 417.795441 194.279968 13.781311 33.326813 0.278934
660.000000 466.897797 190.302612 16.846985 41.095062 0.245386
660.000000 553.821228 181.445038 11.797852 28.451447 0.234868
660.000000 523.062500 175.155853 26.325928 61.882507 0.210921
660.000000 519.614441 185.349152 14.019653 30.562103 0.156265
660.000000 498.276184 187.996429 17.128357 41.623962 0.143680
660.000000 580.942932 200.857422 18.800293 47.025787 0.141352
660.000000 568.482361 180.851837 15.709351 37.256836 0.140894
660.000000 469.165802 189.643478 12.137024 27.641296 0.129541
660.000000 442.968475 185.487045 17.101501 39.279205 0.119138
660.000000 28.273094 201.297104 12.031685 29.637939 0.105818
660.000000 401.113190 162.646378 14.258667 35.318146 0.103372
660.000000 11.356718 210.230988 19.825253 56.494659 0.072504
660.000000 558.766663 175.435440 12.369873 31.369537 0.064907
660.000000 443.663940 188.226379 22.069824 54.915222 0.062482
660.000000 499.330536 188.117294 12.109253 28.254181 0.054083
660.000000 445.397339 180.967850 11.470947 29.476837 0.053729
690.000000 528.260376 175.091263 18.490356 43.702087 0.834082
690.000000 417.920990 192.498825 15.548157 36.619415 0.705540
690.000000 553.855042 178.731369 12.269653 30.335114 0.550495
690.000000 567.057373 175.237183 14.135254 36.601685 0.505214
690.000000 442.191956 181.232513 16.633179 40.360229 0.434719
690.000000 514.743713 185.787384 21.600586 50.135651 0.372465
690.000000 466.517242 190.079391 17.018860 41.246124 0.350672
690.000000 521.164490 174.376633 27.288208 64.150635 0.332460
690.000000 497.918243 188.084381 17.651459 42.622894 0.229004
690.000000 500.809113 188.417206 12.938080 28.646698 0.149826
690.000000 519.518127 183.965195 15.943848 34.544952 0.137526
690.000000 557.111816 176.642822 11.156128 26.278748 0.135516
690.000000 492.621033 189.822586 13.486145 29.372101 0.124420
690.000000 546.489624 183.726547 11.388672 26.113312 0.097412
690.000000 67.408272 183.485474 18.574982 41.520081 0.088516
690.000000 541.119202 181.069458 11.853027 26.151917 0.085398
690.000000 577.061157 177.879913 21.038940 50.971680 0.082265
690.000000 549.721008 182.101791 15.034424 36.338684 0.077907
690.000000 0.048557 196.316040 9.288326 50.080383 0.074157
690.000000 10.123157 211.936264 20.944988 46.386734 0.056894
690.000000 561.069458 177.857483 12.022461 29.908905 0.053471
720.000000 528.343445 174.555664 18.924561 44.228363 0.896048
720.000000 554.843872 181.148712 10.756836 27.229401 0.630158
720.000000 515.700134 186.041641 19.429565 45.721741 0.535581
720.000000 418.893158 193.102234 13.577454 33.614899 0.461105
720.000000 466.371704 190.091187 17.220947 41.401917 0.267536
720.000000 521.283752 173.558350 24.383667 60.449615 0.171935
720.000000 569.018372 182.763809 13.324463 29.848877 0.153836
720.000000 550.528198 181.619858 14.641724 36.728851 0.140634
720.000000 492.583069 190.123611 13.191528 28.874023 0.120801
720.000000 437.353790 189.618347 13.428589 31.888794 0.109015
720.000000 501.847961 190.091949 12.266968 28.651947 0.101176
720.000000 496.748688 188.180328 18.093597 42.507080 0.089485
720.000000 103.016983 184.218887 14.035629 34.032501 0.077231
720.000000 484.162170 184.338577 12.389648 28.548462 0.074974
720.000000 439.367737 181.883636 17.167969 41.068207 0.066202
720.000000 48.172302 208.774963 11.998482 32.058563 0.064975
720.000000 482.656464 185.890808 19.614258 47.369690 0.055482
720.000000 520.844543 184.685959 14.095581 29.594604 0.054017
720.000000 399.353149 192.922852 18.303223 43.493042 0.052078
750.000000 530.510803 172.907043 17.295776 42.671448 0.667957
750.000000 514.428284 185.952972 21.645996 50.815338 0.425064
750.000000 554.601196 181.260620 10.822388 26.792664 0.314440
750.000000 438.268616 183.400436 16.793884 39.686005 0.265398
750.000000 538.890991 178.738022 12.680176 28.524902 0.249970
750.000000 466.782898 190.514587 17.193542 41.205231 0.187878
750.000000 533.642395 172.150391 12.395996 29.379364 0.140856
750.000000 568.351929 179.215607 13.727905 29.310486 0.114233
750.000000 497.756317 188.622452 17.486847 42.824097 0.104969
750.000000 518.646912 185.838348 15.336548 31.676849 0.070222
750.000000 500.376526 188.697052 12.748901 28.114655 0.056991
780.000000 527.234497 172.934631 17.766846 44.182159 0.730666
780.000000 554.040771 180.208328 11.317871 29.075378 0.484169
780.000000 513.928589 185.636841 21.790161 51.308929 0.315018
780.000000 466.576599 190.192505 17.221680 41.277649 0.197429
780.000000 519.802185 180.555786 14.226318 34.111908 0.110416
780.000000 435.616089 191.476166 13.728638 30.921143 0.097439
780.000000 418.992310 193.450531 15.066956 36.206360 0.092392
780.000000 441.068420 182.182632 17.511658 41.831665 0.084190
780.000000 569.495483 184.195312 15.459106 35.940735 0.069777
780.000000 525.838135 174.040329 12.618286 30.334381 0.068742
780.000000 497.921875 189.022690 17.556946 42.555481 0.061678
810.000000 553.507324 177.997726 12.843750 31.108856 0.521099
810.000000 526.822144 172.868835 18.635254 43.262329 0.452309
810.000000 515.808289 185.727509 19.671997 45.228119 0.350325
810.000000 536.474976 177.679977 11.943970 29.969879 0.318851
810.000000 498.155884 187.933105 17.773071 43.159088 0.307212
810.000000 567.862976 179.142914 15.575806 37.609741 0.306875
810.000000 520.637024 179.862671 14.196411 34.938538 0.274021
810.000000 614.807617 175.380081 11.675903 28.894806 0.195707
810.000000 520.623901 175.309219 20.349854 51.600433 0.187300
810.000000 526.897766 174.065964 12.364624 30.243073 0.138960
810.000000 441.651825 180.941422 16.860718 39.596191 0.137543
810.000000 540.110229 178.565140 11.979248 26.701935 0.101408
810.000000 557.563232 176.318283 11.133667 27.244049 0.096977
810.000000 417.809479 193.258575 14.671570 35.254517 0.095458
810.000000 447.007324 152.027924 14.771057 35.222168 0.089306
810.000000 454.174835 150.115906 25.580505 64.924500 0.088240
810.000000 466.230377 189.083466 17.912598 42.494781 0.087060
810.000000 459.826050 150.570908 17.770447 44.029419 0.078727
810.000000 148.067612 190.458481 14.667755 36.278198 0.072534
810.000000 409.097748 158.131226 18.941650 43.655090 0.063841
840.000000 527.848389 174.113037 18.482544 43.843842 0.891683
840.000000 554.568604 177.984634 11.382812 29.766479 0.432389
840.000000 498.180603 188.457901 17.200745 41.305176 0.354033
840.000000 466.568359 189.392914 17.555664 42.207947 0.313693
840.000000 516.468384 185.803284 18.670044 42.520508 0.306945
840.000000 400.604370 163.061401 15.292603 37.642365 0.227765
840.000000 442.178284 180.628830 17.377502 40.636902 0.187565
840.000000 444.986877 180.162292 12.118958 28.994904 0.154220
840.000000 521.389832 173.261993 26.206787 63.350250 0.141504
840.000000 519.820984 185.581543 13.170166 28.325378 0.104135
840.000000 619.257690 180.022751 10.770386 27.701935 0.098149
840.000000 468.244904 188.945938 13.145020 28.446625 0.061548
840.000000 569.088013 181.317963 15.919800 36.736786 0.057937
870.000000 529.416565 173.588730 18.559204 44.893341 0.823423
870.000000 553.341064 180.197800 12.414673 29.518951 0.532563
870.000000 410.984283 147.406311 32.350525 76.370026 0.415671
870.000000 516.735168 185.668243 18.630859 42.988403 0.364506
870.000000 619.806091 176.076538 16.501099 41.668762 0.288604
870.000000 466.454620 189.358948 16.912537 41.332977 0.212451
870.000000 497.643311 188.300491 17.666687 42.087494 0.203826
870.000000 441.890961 181.272202 17.581543 40.624878 0.194273
870.000000 401.311462 160.863937 16.026611 39.314331 0.164015
870.000000 501.463470 189.910858 12.875153 28.743591 0.150821
870.000000 385.329590 149.160248 15.987854 37.115295 0.120321
870.000000 492.829285 189.958740 13.295715 29.343414 0.108626
870.000000 522.902283 173.101868 26.636230 64.884796 0.093729
870.000000 521.246033 185.292343 13.409058 29.305420 0.081768
870.000000 406.899994 153.818939 25.369507 60.648682 0.080180
870.000000 444.600830 180.422745 12.555176 28.785919 0.079057
870.000000 558.193481 180.419968 10.877563 27.401855 0.068680
870.000000 542.989136 184.763931 15.009888 34.432953 0.064948
870.000000 568.782898 180.927200 15.841064 36.998871 0.063563
870.000000 468.715729 189.126877 12.704651 27.715088 0.059720
870.000000 532.041809 169.960342 13.057861 29.878906 0.057786
900.000000 529.578674 172.170090 18.653198 44.322144 0.727604
900.000000 552.685669 180.118408 12.314819 29.756592 0.570814
900.000000 418.676788 193.552658 13.671570 32.154968 0.369582
900.000000 516.249573 185.522308 19.245483 44.054199 0.364177
900.000000 609.862732 174.430649 14.015747 34.246796 0.359981
900.000000 466.329376 189.398819 17.018860 41.615540 0.253647
900.000000 498.824707 188.447937 15.697144 36.342102 0.216536
900.000000 446.246643 180.150208 11.725891 27.675385 0.106616
900.000000 521.692261 172.601562 27.804688 66.993378 0.099469
900.000000 531.525879 170.381516 13.701416 32.481384 0.096886
900.000000 568.483521 182.352539 15.306519 35.338593 0.081969
900.000000 615.218811 178.822113 11.165283 27.872284 0.079429
900.000000 442.397278 180.725449 17.629944 41.032410 0.073394
900.000000 520.961243 185.088135 13.304565 29.107483 0.062721
900.000000 493.402954 189.913162 11.516235 27.101227 0.053188
930.000000 527.741943 174.964905 16.532227 40.656677 0.769660
930.000000 553.231140 180.666290 11.770020 28.823395 0.589762
930.000000 517.129822 186.103638 18.425171 40.950653 0.307710
930.000000 497.954590 188.138412 17.460938 41.949524 0.286731
930.000000 520.414001 175.263428 23.956787 55.718811 0.268297
930.000000 466.538696 190.518402 17.041626 41.189056 0.209533
930.000000 443.972229 180.409286 15.882019 37.568573 0.141743
930.000000 618.271912 172.625687 17.784912 49.738220 0.128696
930.000000 521.535217 183.119064 13.360474 28.996460 0.116027
930.000000 401.281860 165.397141 14.521667 35.538055 0.110645
930.000000 49.631310 210.185287 13.151489 34.313232 0.107217
930.000000 498.671173 189.065613 12.412415 25.983734 0.090529
930.000000 492.766724 189.973694 13.130310 28.833862 0.076757
930.000000 139.762360 189.296707 13.974487 33.342926 0.072346
930.000000 568.154663 183.166748 12.989868 30.171936 0.067667
930.000000 579.763855 200.523773 19.623291 47.237061 0.064407
960.000000 525.910400 174.649826 18.254395 43.156006 0.620110
960.000000 552.628052 181.062073 11.275391 28.777557 0.335203
960.000000 50.075180 208.399002 13.989960 33.895996 0.259135
960.000000 466.885956 190.674606 16.343872 40.235138 0.242742
960.000000 520.087891 179.484543 17.295898 40.609283 0.194350
960.000000 515.406799 185.839310 21.535645 50.230133 0.174445
960.000000 498.232849 188.838531 17.198425 41.400726 0.166605
960.000000 519.231506 173.502869 25.731689 63.923492 0.145097
960.000000 46.793598 207.052368 13.008255 30.268829 0.137295
960.000000 500.749207 189.164154 12.380615 28.500488 0.084294
960.000000 47.463921 207.728882 19.888702 51.322632 0.067600
960.000000 418.241028 193.555893 13.669739 31.237305 0.058326
990.000000 525.181091 175.354614 17.445190 41.034882 0.602434
990.000000 618.622498 173.101135 16.874268 47.705078 0.312528
990.000000 514.440430 185.923828 21.243164 51.308441 0.307604
990.000000 553.032043 181.692398 10.735596 27.263733 0.264545
990.000000 466.111755 191.074020 16.718567 40.441040 0.203691
990.000000 518.520447 174.190277 23.894653 60.566620 0.157686
990.000000 416.943542 193.878693 14.223999 32.810638 0.150853
990.000000 492.528687 189.695923 13.302429 29.004425 0.148714
990.000000 501.560303 188.379456 11.984741 27.492767 0.138255
990.000000 569.504150 183.797150 15.517944 35.887390 0.132993
990.000000 497.130188 187.776505 18.299744 42.751984 0.131993
990.000000 520.049805 180.714920 15.708740 37.379883 0.111178
990.000000 531.926514 176.978287 14.799072 34.925781 0.074036
990.000000 37.697266 209.303101 12.430588 32.958405 0.063589
990.000000 443.764252 183.619431 16.148743 38.330383 0.061904
990.000000 581.684265 185.055115 13.267212 29.832031 0.061608
990.000000 136.645996 189.133789 15.678558 37.530487 0.059151
990.000000 425.658752 207.187683 14.249146 33.550568 0.056044
990.000000 489.045319 187.253830 21.578979 49.280701 0.053323
990.000000 618.178223 176.767014 13.126465 31.946014 0.051303
1020.000000 523.045044 176.042450 18.187744 42.689880 0.777291
1020.000000 553.358643 181.670593 10.300415 26.013916 0.672293
1020.000000 442.840607 184.943558 15.677124 38.071259 0.395019
1020.000000 435.625885 190.324997 13.432922 30.925964 0.141535
1020.000000 569.051636 181.940720 12.486938 27.919128 0.131053
1020.000000 418.004730 194.037247 13.601562 32.348358 0.129479
1020.000000 466.541779 190.670624 16.766602 40.879486 0.124601
1020.000000 514.752441 186.409866 20.926514 50.334991 0.121600
1020.000000 620.240662 175.212784 16.885742 42.261414 0.071380
1020.000000 401.877899 163.071838 12.919800 34.667328 0.070361
1020.000000 448.554504 187.450882 12.670044 33.075531 0.063618
1020.000000 492.386322 189.240753 13.469849 29.467010 0.062838
1020.000000 498.306213 188.569534 16.925110 39.813171 0.062526
1050.000000 526.116272 174.250549 18.785156 43.186768 0.674458
1050.000000 553.505493 181.137756 10.792236 26.764648 0.618408
1050.000000 516.270447 185.428558 19.014282 44.580200 0.419431
1050.000000 47.739510 209.702545 14.133881 34.261780 0.370368
1050.000000 498.400177 187.692123 17.747528 41.841187 0.315431
1050.000000 520.475464 183.419113 14.139526 32.814087 0.265220
1050.000000 618.779053 176.344757 16.616455 43.392639 0.223167
1050.000000 466.239471 190.967514 17.178223 40.574646 0.198633
1050.000000 468.942200 189.428802 12.251526 30.271088 0.145940
1050.000000 549.618591 181.278656 15.432983 37.614014 0.117913
1050.000000 499.900177 187.881638 12.699982 28.910522 0.116552
1050.000000 37.774559 206.598801 13.596382 32.265869 0.112502
1050.000000 443.406250 184.338791 16.006897 36.761047 0.089518
1050.000000 521.091370 173.027527 27.408569 67.643005 0.062054
1050.000000 148.734116 190.258255 14.931976 36.740906 0.059504
1050.000000 541.742554 188.298599 12.234131 28.915710 0.056068
1050.000000 510.611908 184.708801 27.884491 69.301239 0.056059
1050.000000 525.728516 176.952362 12.744629 29.138214 0.053819
1080.000000 523.880005 173.765747 20.312378 48.975342 0.738199
1080.000000 554.029663 181.227753 12.216431 28.814087 0.659043
1080.000000 0.000000 214.934082 10.618975 39.373627 0.273770
1080.000000 527.357422 173.938507 14.024536 34.847412 0.266223
1080.000000 522.039062 178.676208 15.508789 37.169464 0.182999
1080.000000 535.084106 184.030243 12.417236 24.793945 0.177581
1080.000000 567.899780 180.442047 16.109497 38.205750 0.155968
1080.000000 515.771179 185.626724 20.613159 49.511414 0.131360
1080.000000 445.968597 151.083374 15.559753 36.703705 0.108271
1080.000000 0.000000 211.040497 12.894437 76.373993 0.103523
1080.000000 416.577820 192.354233 14.363831 32.059052 0.088985
1080.000000 466.529510 191.548477 16.696289 39.758698 0.083390
1080.000000 516.842529 185.650879 15.919556 31.913910 0.079220
1080.000000 501.364136 189.321198 13.198914 29.450317 0.068939
1080.000000 619.445923 174.949265 17.034546 43.321289 0.066994
1080.000000 603.788391 175.111176 11.426270 30.000793 0.064016
1080.000000 517.101440 172.573608 27.838379 73.466583 0.059030
1080.000000 400.106262 162.092224 14.086426 34.490845 0.056378
1080.000000 37.241905 209.040115 10.796013 23.861694 0.054688
1080.000000 498.176208 187.477051 18.280945 45.897217 0.053296
1080.000000 425.900330 207.276642 13.894165 33.284851 0.051993
1110.000000 529.607361 175.962234 15.728638 38.103760 0.657076
1110.000000 554.224487 181.628281 11.093994 26.905579 0.543166
1110.000000 515.877686 185.942642 19.471069 44.731598 0.528541
1110.000000 498.288422 188.736893 17.585785 40.939362 0.246711
1110.000000 467.853943 189.905289 14.183411 34.775116 0.192837
1110.000000 417.528442 192.046982 14.295227 34.398651 0.161238
1110.000000 568.057251 179.993210 15.532715 38.138245 0.157326
1110.000000 519.878357 185.977783 14.067871 30.435364 0.153470
1110.000000 619.813110 176.846100 16.618286 41.257812 0.135805
1110.000000 501.060974 188.848236 12.379761 28.178009 0.132628
1110.000000 615.493774 173.305283 13.386719 33.010162 0.105364
1110.000000 433.979706 192.301727 14.269897 32.371429 0.099596
1110.000000 448.567078 189.415619 15.444336 38.246552 0.093275
1110.000000 49.300774 209.181900 16.728523 44.003479 0.077607
1110.000000 37.683167 208.431610 12.286293 31.666412 0.075985
1110.000000 512.295959 185.079620 27.188965 66.849457 0.071890
1110.000000 523.759644 175.226135 20.172119 52.681488 0.066068
1140.000000 532.518066 175.745789 14.115601 33.504974 0.750463
1140.000000 553.908508 180.462250 11.948120 28.535004 0.688372
1140.000000 514.470398 185.967651 20.991699 50.758698 0.520595
1140.000000 568.355408 179.084091 13.194580 33.329468 0.357479
1140.000000 497.382202 188.163254 17.855896 42.418060 0.269798
1140.000000 437.880615 194.923721 13.257874 28.576080 0.188622
1140.000000 467.263641 189.795166 15.000244 36.651489 0.188098
1140.000000 500.087555 188.293274 12.955414 28.745483 0.178883
1140.000000 425.385406 207.574890 14.493469 32.817963 0.162904
1140.000000 443.508942 184.777252 15.706055 37.175079 0.157697
1140.000000 519.721619 186.105576 14.079102 31.087646 0.107137
1140.000000 492.809143 189.838928 13.162109 29.509796 0.091013
1140.000000 418.657257 193.265335 13.504028 30.299896 0.056989
1140.000000 529.360718 176.308304 11.008545 26.598663 0.056013
1140.000000 570.737732 179.076889 18.862549 42.945770 0.052182
1140.000000 401.105316 165.515411 13.779907 35.536621 0.052048
1140.000000 526.883240 174.533432 19.856201 50.006348 0.050655
1170.000000 531.822266 175.846619 15.241943 37.242218 0.760285
1170.000000 542.165710 180.528610 14.207764 34.458130 0.555343
1170.000000 554.422180 182.349625 10.031860 26.221130 0.531377
1170.000000 513.782593 186.481720 22.464966 51.551056 0.507077
1170.000000 466.614685 192.059357 16.233093 39.319244 0.310410
1170.000000 569.073547 182.067383 13.215210 28.687653 0.212119
1170.000000 529.737671 193.169250 11.960205 26.336273 0.183866
1170.000000 581.895935 201.415817 20.639771 48.005981 0.181057
1170.000000 518.429749 185.887238 15.763306 34.171387 0.175249
1170.000000 401.368286 166.002930 14.669739 35.879028 0.167755
1170.000000 546.404114 181.679413 12.004395 27.030609 0.152533
1170.000000 419.594147 194.082214 14.222290 34.649902 0.142150
1170.000000 550.358643 181.879837 15.051025 35.216583 0.135925
1170.000000 526.006409 192.485931 17.718384 40.348297 0.123934
1170.000000 449.091583 190.703522 14.958679 37.301300 0.092948
1170.000000 45.922829 207.705292 13.852715 35.823090 0.081339
1170.000000 443.767181 186.617599 15.770386 37.866211 0.081056
1170.000000 47.166557 208.699646 17.916451 47.967468 0.071937
1170.000000 424.878876 208.283997 15.603455 35.943329 0.067778
1170.000000 0.122794 215.487640 10.599171 80.295044 0.063448
1170.000000 526.540161 174.671555 24.777832 56.534729 0.052235
1170.000000 140.142181 190.621353 12.893280 31.560852 0.051226
1200.000000 531.073364 176.655594 16.074341 38.424927 0.607389
1200.000000 433.253540 188.664337 14.299988 34.058929 0.452758
1200.000000 514.481506 186.622879 21.576782 50.839966 0.368310
1200.000000 554.590210 181.942902 10.248901 26.793915 0.346705
1200.000000 46.948627 207.259735 16.177704 38.417236 0.330681
1200.000000 443.606903 186.482956 14.694763 36.763336 0.304352
1200.000000 468.664734 191.390961 13.102600 27.979828 0.215845
1200.000000 568.293335 182.386444 16.494629 38.435089 0.209575
1200.000000 448.745361 191.453674 14.687561 35.669678 0.177904
1200.000000 579.207397 182.345367 17.598389 42.539185 0.167595
1200.000000 520.379089 185.643799 13.116577 28.993713 0.160948
1200.000000 463.997528 191.836716 16.930725 39.272125 0.154397
1200.000000 542.954407 183.654053 14.416016 33.965607 0.145383
1200.000000 529.352051 192.977798 13.096680 28.476471 0.118108
1200.000000 535.694214 180.643768 12.936890 27.957886 0.072731
1200.000000 550.461731 181.706482 15.339233 37.071167 0.072564
1200.000000 526.868958 177.211258 22.579224 55.975861 0.069301
1200.000000 417.714172 194.534027 13.799133 32.784729 0.064232
1200.000000 51.020309 207.947113 18.613647 46.645142 0.055085
1230.000000 528.524658 176.181122 17.034790 41.479828 0.810720
1230.000000 553.412720 181.557220 11.587769 28.055695 0.620272
1230.000000 567.951233 180.526230 14.215942 34.364441 0.498488
1230.000000 467.050140 191.737930 15.987549 38.334900 0.346558
1230.000000 517.401123 186.362442 17.582153 40.347870 0.258123
1230.000000 520.993652 175.777679 23.847046 57.600098 0.223165
1230.000000 523.514038 178.078140 15.104492 37.986298 0.189402
1230.000000 39.224487 217.130173 12.261765 30.331207 0.160643
1230.000000 549.365967 180.967941 17.322266 38.964417 0.149823
1230.000000 527.868469 177.333023 10.746704 27.031860 0.131276
1230.000000 435.833069 188.081589 15.488464 34.781952 0.096415
1230.000000 424.873108 208.734787 14.764893 32.367004 0.094811
1230.000000 418.348053 191.884354 14.033325 31.017395 0.092812
1230.000000 544.436707 181.580414 12.413818 29.593628 0.085221
1230.000000 615.806519 177.902130 11.686279 26.569061 0.081870
1230.000000 401.209229 163.603546 14.389954 39.004242 0.081219
1230.000000 519.452454 185.348282 13.718506 27.259216 0.065292
1230.000000 489.658295 186.986832 18.200317 42.521149 0.060442
1230.000000 447.864105 188.017532 15.435974 38.140839 0.060007
1230.000000 491.087494 185.167770 13.113403 31.525482 0.050003
1260.000000 526.522400 176.479782 18.235107 42.985565 0.595510
1260.000000 553.722595 182.023468 11.841919 27.628326 0.503831
1260.000000 465.841187 192.293213 16.878113 39.376404 0.411431
1260.000000 417.419189 193.792648 13.500000 30.937500 0.241920
1260.000000 516.990356 186.438965 17.803711 36.303040 0.206498
1260.000000 528.696899 177.142532 12.218018 27.750763 0.165180
1260.000000 518.608826 177.123840 23.473877 58.458466 0.137289
1260.000000 568.335876 180.288666 15.479492 37.164124 0.136016
1260.000000 48.041443 213.317581 11.060059 28.182281 0.112524
1260.000000 445.802979 191.551041 19.372742 47.833008 0.107659
1260.000000 491.623291 189.773682 15.054565 34.046051 0.080839
1260.000000 448.867706 191.064301 13.827393 33.971100 0.079937
1260.000000 440.408691 202.281738 17.735718 41.479401 0.078014
1260.000000 549.898315 182.768250 16.901001 38.436768 0.074189
1260.000000 522.410828 179.787842 13.341797 31.592010 0.051431
1260.000000 0.011266 213.915680 9.987514 74.882080 0.051318
1290.000000 527.587219 175.399429 16.450806 42.116516 0.793707
1290.000000 553.978760 180.961853 11.711670 26.986420 0.475531
1290.000000 466.788361 191.942841 16.406067 39.173920 0.311738
1290.000000 521.293640 178.703766 17.004761 41.715485 0.300755
1290.000000 568.495422 181.989563 13.592041 30.239075 0.156527
1290.000000 521.659973 175.019821 25.434082 61.945953 0.116690
1290.000000 515.946106 186.226913 21.182983 48.858307 0.102635
1290.000000 519.824463 185.436020 13.521973 28.752350 0.095933
1290.000000 527.909485 176.181671 12.020386 28.627258 0.089799
1290.000000 401.401459 164.013397 14.547119 38.469391 0.080714
1290.000000 91.367447 206.377563 17.388260 40.870331 0.079661
1290.000000 444.906158 190.816208 20.521423 51.530243 0.073146
1290.000000 0.000000 213.015747 8.982327 47.498871 0.061553
1290.000000 579.532654 201.037247 19.777222 47.559021 0.056375
1320.000000 527.249268 174.966171 16.762085 41.636261 0.831634
1320.000000 554.197510 181.234131 10.629761 26.939789 0.613639
1320.000000 515.945374 186.192474 19.603149 45.394135 0.365403
1320.000000 520.777222 174.029968 24.085205 60.392944 0.303641
1320.000000 580.454895 200.636627 19.627197 46.436951 0.277728
1320.000000 417.209381 192.393997 14.053467 30.981842 0.170842
1320.000000 468.377594 189.612244 13.755859 34.153839 0.166631
1320.000000 426.731598 207.894608 12.643677 29.499969 0.160805
1320.000000 443.412872 186.451141 15.693176 37.188293 0.138664
1320.000000 520.921448 184.239899 13.868042 30.751465 0.124799
1320.000000 549.915039 181.575043 15.558594 36.623932 0.079160
1320.000000 497.239624 188.536957 17.759827 42.022156 0.071538
1320.000000 568.541321 181.856216 15.631836 36.224182 0.069457
1320.000000 498.806641 189.970535 12.178894 28.209412 0.067304
1320.000000 441.760345 184.157486 22.174927 54.506073 0.067178
1320.000000 523.509155 176.476593 15.164062 35.338806 0.064568
1350.000000 527.338196 174.544266 18.118408 43.535522 0.842629
1350.000000 43.622173 210.534653 14.304382 34.518768 0.564763
1350.000000 553.711975 181.270096 11.449951 28.422607 0.349681
1350.000000 520.407410 174.612747 22.812622 56.728271 0.212255
1350.000000 515.137268 186.304474 21.161743 49.270599 0.203825
1350.000000 40.558929 208.925690 20.601120 48.846283 0.193135
1350.000000 468.178650 189.748413 13.869141 33.968262 0.176331
1350.000000 568.523804 182.423904 15.307495 35.321564 0.125924
1350.000000 518.774597 185.751907 15.688354 33.103943 0.110571
1350.000000 527.098450 175.479416 12.853760 30.857544 0.086532
1350.000000 443.191681 183.790482 16.195740 38.475494 0.084721
1350.000000 425.320679 207.965698 13.477539 29.167572 0.070831
1350.000000 522.314087 179.029800 13.835693 32.521942 0.067185
1350.000000 445.903748 153.227661 15.166687 34.227325 0.060736
1380.000000 529.236267 173.775238 18.679932 44.091003 0.888294
1380.000000 552.590820 179.008698 11.971436 30.831604 0.377167
1380.000000 514.785339 185.839233 21.722046 50.154968 0.341368
1380.000000 568.384399 180.923920 15.239746 36.574677 0.166370
1380.000000 519.445801 185.279984 14.647705 31.657471 0.156676
1380.000000 466.932281 190.874100 16.145081 39.415314 0.148268
1380.000000 443.287109 182.960800 16.368958 37.821106 0.146950
1380.000000 446.621826 152.629623 15.356018 32.909698 0.091870
1380.000000 520.213867 174.383896 25.033203 63.293030 0.084350
1380.000000 498.564941 188.201813 14.838562 32.397339 0.063511
1380.000000 400.706726 164.561310 14.672363 35.633942 0.057082
1380.000000 434.558105 176.549255 14.571350 36.386108 0.055828
1380.000000 416.700226 193.795670 14.015381 31.233246 0.053845
1380.000000 411.217529 156.370956 14.576355 35.110870 0.052546
1410.000000 553.272217 177.692032 12.364014 31.024658 0.635737
1410.000000 534.444641 175.134277 13.813110 32.590057 0.553222
1410.000000 514.809570 186.112320 21.047363 49.339233 0.449280
1410.000000 417.463379 192.818497 13.538940 33.206543 0.302264
1410.000000 466.508484 190.769241 16.549683 40.461243 0.175820
1410.000000 442.999298 183.640472 16.370483 38.673859 0.175291
1410.000000 568.718811 182.583420 14.772339 35.065735 0.134933
1410.000000 531.106567 189.941376 12.035767 28.331757 0.124684
1410.000000 519.576721 185.709824 14.248535 31.108673 0.103039
1410.000000 426.518372 208.111893 12.861694 27.040863 0.081795
1410.000000 469.048096 189.305649 12.107117 27.458527 0.076555
1410.000000 530.079224 174.578278 20.849365 51.886017 0.068620
1410.000000 492.761414 189.996140 12.800842 28.630371 0.066784
1410.000000 579.174133 200.153442 19.631348 48.519470 0.066748
1410.000000 414.301117 191.577911 20.420349 46.619080 0.063555
1410.000000 38.712173 215.885452 11.862350 31.305420 0.058751
1410.000000 0.000000 206.223740 11.464916 81.476700 0.057607
1410.000000 496.301727 188.139236 18.283051 42.071167 0.056460
1410.000000 498.187897 189.845398 12.647095 28.861572 0.055123
1410.000000 46.680119 212.620148 13.090378 32.396667 0.053432
1410.000000 447.229492 152.356354 14.391174 34.058838 0.051684
1440.000000 514.580139 185.846741 21.854858 51.245056 0.563479
1440.000000 553.633545 179.863708 10.852295 28.218719 0.450470
1440.000000 468.054108 189.630157 13.899109 35.010681 0.193631
1440.000000 426.649384 208.086746 12.541016 29.774780 0.184622
1440.000000 534.292358 176.502945 14.770752 35.508636 0.179496
1440.000000 418.822021 192.050644 12.342285 27.354034 0.177173
1440.000000 441.381561 200.301315 16.406311 38.255310 0.160424
1440.000000 529.794556 194.569885 18.821533 44.677826 0.157930
1440.000000 534.200928 194.538773 12.349609 30.399139 0.144435
1440.000000 580.759155 200.978790 20.036743 47.924988 0.141987
1440.000000 520.166504 185.117218 14.040649 31.704987 0.125818
1440.000000 501.965912 190.535675 11.623871 28.323853 0.124112
1440.000000 498.293884 189.078445 17.867676 43.692932 0.115753
1440.000000 542.651001 179.722183 11.148682 26.144073 0.113539
1440.000000 494.272247 190.451675 11.934753 28.594147 0.107890
1440.000000 508.855194 184.997314 32.689240 75.087067 0.075901
1440.000000 569.229553 181.262802 14.700806 34.024139 0.074265
1440.000000 443.570190 185.353424 15.627380 36.888275 0.055512
1470.000000 515.010620 185.830215 20.723877 48.538055 0.559127
1470.000000 552.950134 180.586670 11.338867 28.253113 0.514274
1470.000000 0.073707 223.025772 13.243067 56.100693 0.384834
1470.000000 530.349365 174.811081 15.916504 38.028717 0.351604
1470.000000 425.674622 207.066711 14.016846 30.916779 0.330099
1470.000000 465.946045 190.288681 17.337524 42.318726 0.324871
1470.000000 416.955505 193.220718 15.263306 33.453857 0.254040
1470.000000 446.210266 190.527847 18.472473 44.821747 0.230368
1470.000000 498.395508 187.399155 17.701660 42.443451 0.215491
1470.000000 501.078400 187.545502 12.483307 29.191650 0.139110
1470.000000 512.097168 185.144394 29.625610 69.487579 0.123596
1470.000000 440.645905 192.368820 28.601074 69.271988 0.104473
1470.000000 519.688599 185.718277 14.758789 31.443329 0.103108
1470.000000 568.711365 183.120560 15.629395 36.069580 0.098680
1470.000000 411.639496 191.558487 22.082825 51.118713 0.061848
1470.000000 493.046387 189.996719 12.390808 28.402679 0.061492
1470.000000 439.801086 196.943695 20.937317 49.221466 0.060328
1470.000000 0.159080 215.256332 9.597258 46.427322 0.051435
1500.000000 525.705444 171.616501 18.742554 46.328552 0.828284
1500.000000 514.072388 185.944412 22.015015 51.590088 0.291895
1500.000000 426.228363 207.388107 13.802551 30.271057 0.222736
1500.000000 415.680359 192.182434 15.273804 33.358643 0.208170
1500.000000 467.747589 189.840347 14.285522 33.691040 0.200963
1500.000000 447.480988 190.653946 16.573853 41.112061 0.178192
1500.000000 620.430664 176.381607 16.924927 42.462524 0.158557
1500.000000 553.076172 181.945129 9.756470 26.694031 0.135354
1500.000000 518.105652 186.282425 16.227783 33.187897 0.133398
1500.000000 496.266327 187.451172 18.178375 43.819550 0.058457
1530.000000 529.167175 174.132889 17.875488 42.454773 0.839193
1530.000000 553.777588 180.689072 10.543335 26.957977 0.433274
1530.000000 542.924316 179.201874 11.807373 27.160858 0.374075
1530.000000 515.144470 186.243835 20.901245 48.390900 0.251902
1530.000000 425.915344 207.834869 13.434021 31.458374 0.243384
1530.000000 524.030945 177.073959 15.988647 38.888000 0.209769
1530.000000 468.006042 189.830460 14.198059 35.734894 0.162479
1530.000000 528.650146 176.809586 10.833008 28.020233 0.161001
1530.000000 534.487549 174.114349 12.954712 29.580872 0.148634
1530.000000 568.763123 181.350800 15.131226 35.553436 0.109282
1530.000000 626.605652 173.514465 13.394348 50.536957 0.081335
1530.000000 519.015381 174.045258 27.054932 68.303070 0.076131
1530.000000 138.133972 190.129700 18.684662 44.390594 0.069163
1530.000000 447.689819 191.165955 16.565491 41.866547 0.068955
1530.000000 520.798462 182.081680 13.992676 33.227234 0.063909
1530.000000 492.363647 190.236313 13.236328 28.822998 0.061860
1530.000000 91.965691 205.692078 17.255859 40.176849 0.060040
1530.000000 418.374573 192.515869 12.474548 27.697113 0.057178
1530.000000 498.309204 187.716171 17.670166 42.681183 0.054131
1560.000000 529.080566 174.379913 16.937988 41.923187 0.721766
1560.000000 514.833313 186.006836 20.901733 50.124451 0.386490
1560.000000 552.857849 182.099701 10.093140 25.542816 0.320453
1560.000000 417.481995 192.978775 14.871582 34.914612 0.250650
1560.000000 425.293915 207.810608 14.370605 32.773621 0.220006
1560.000000 536.277283 178.642624 12.937744 27.987427 0.190248
1560.000000 41.237404 192.233368 15.094276 35.575500 0.186939
1560.000000 568.995056 182.299545 15.399292 35.769958 0.151308
1560.000000 617.885620 175.066086 16.162720 46.609985 0.118508
1560.000000 38.361469 193.715851 22.965958 52.019318 0.114735
1560.000000 413.881714 191.894897 21.582275 48.617035 0.111105
1560.000000 519.800537 184.244400 15.484375 32.877258 0.108543
1560.000000 466.538269 189.813141 14.720398 35.895721 0.104347
1560.000000 522.230774 175.595169 22.920288 55.193604 0.100616
1560.000000 493.804779 190.655746 12.541321 28.461884 0.090825
1560.000000 498.413757 190.201401 12.166687 28.737549 0.088819
1560.000000 616.994934 172.975555 13.119141 32.353821 0.076910
1560.000000 542.838867 181.134796 10.672852 23.975037 0.068694
1560.000000 495.114838 188.544556 18.170258 43.407959 0.062059
1590.000000 522.947205 175.883301 18.975342 44.053009 0.741518
1590.000000 550.825806 182.399170 12.038086 26.178955 0.355263
1590.000000 425.777100 208.325836 13.236877 29.677032 0.303672
1590.000000 514.736816 185.910995 21.445801 50.793579 0.248878
1590.000000 417.077209 194.675735 12.171021 28.287598 0.211891
1590.000000 526.453186 175.733566 13.500244 30.460449 0.136101
1590.000000 468.053436 189.995728 13.650452 33.790070 0.134890
1590.000000 530.473328 177.099701 13.792236 30.531830 0.111551
1590.000000 14.233612 214.761597 14.465187 33.879303 0.108238
1590.000000 519.378540 183.788300 14.931763 31.540161 0.098120
1590.000000 516.423523 173.445419 27.119507 71.587952 0.079256
1590.000000 546.117065 183.302322 15.662598 35.382843 0.073742
1590.000000 437.744080 204.222427 14.490540 34.953430 0.071350
1590.000000 497.989288 188.044861 17.907257 42.135284 0.065284
1590.000000 0.005356 204.170990 9.682275 52.483856 0.063053
1590.000000 30.608555 202.680145 14.844147 36.182404 0.059992
1590.000000 501.033936 188.283936 12.433777 27.857208 0.057882
1590.000000 447.881989 190.633606 15.291565 37.883118 0.053132
1590.000000 492.558624 190.191162 13.257202 28.969818 0.052505
1620.000000 527.090332 177.166641 15.280518 36.966736 0.535807
1620.000000 515.105835 186.190079 20.313110 47.611237 0.373964
1620.000000 552.514343 180.910904 11.083374 27.194794 0.309621
1620.000000 466.910797 191.040207 16.532654 39.707581 0.268667
1620.000000 498.409943 188.869263 17.848480 43.283478 0.265746
1620.000000 420.002533 193.229630 13.430054 31.969421 0.192744
1620.000000 499.971863 188.148102 13.510254 29.079742 0.169614
1620.000000 520.796570 176.148041 22.539551 53.595367 0.169406
1620.000000 523.182190 178.359497 14.137939 32.597687 0.162657
1620.000000 535.276978 178.831802 11.885376 27.755981 0.133357
1620.000000 548.125244 181.781494 13.692749 32.881195 0.110433
1620.000000 482.329529 185.448547 15.301819 35.275299 0.107957
1620.000000 603.806641 176.167145 13.654785 31.995911 0.105045
1620.000000 435.835266 192.157394 13.039307 31.578644 0.068897
1620.000000 569.095520 182.162521 16.193481 37.586243 0.052700
1620.000000 530.730469 181.204590 17.558716 38.515106 0.052460
1650.000000 525.947632 175.814880 15.962524 40.509308 0.776864
1650.000000 515.084106 185.974014 19.973389 48.957733 0.309471
1650.000000 553.634644 182.072418 9.735229 25.625702 0.280009
1650.000000 568.570129 180.628235 15.506104 37.452515 0.259351
1650.000000 521.762085 176.020493 14.621948 35.993774 0.127258
1650.000000 468.420502 189.607513 13.568359 33.333038 0.121472
1650.000000 518.751221 185.041626 15.216431 33.514374 0.116133
1650.000000 549.485596 183.377136 14.278076 32.802002 0.111175
1650.000000 518.717041 173.704834 25.375854 64.602844 0.100864
1650.000000 425.320160 207.272568 14.115540 30.745697 0.098514
1650.000000 532.751282 175.561020 11.077271 27.117218 0.081203
1650.000000 445.567413 150.584534 15.335938 37.753632 0.080638
1650.000000 545.858643 182.668076 10.850952 24.768280 0.062329
1650.000000 544.229858 184.432495 15.171875 33.390442 0.062043
1650.000000 434.477875 176.223541 14.896057 35.723267 0.061461
1650.000000 400.016693 165.102875 14.080078 34.793732 0.058002
1650.000000 34.535564 203.486237 16.549568 38.573212 0.051753
1680.000000 528.567322 173.876053 18.972046 45.160797 0.909699
1680.000000 553.024841 182.046890 10.385986 26.641266 0.554475
1680.000000 515.962463 186.538712 21.978882 50.557190 0.370936
1680.000000 35.028671 212.287155 10.535522 25.851562 0.315239
1680.000000 548.924072 182.270676 15.143921 36.101410 0.251732
1680.000000 427.007660 208.621033 12.278137 28.895386 0.222273
1680.000000 419.027771 192.955505 12.075745 27.948883 0.195034
1680.000000 468.073273 189.514435 13.999390 33.898254 0.171322
1680.000000 38.573292 213.009445 10.607292 25.073822 0.168384
1680.000000 568.584473 181.047043 15.146240 35.345001 0.150934
1680.000000 521.473938 173.107910 26.750732 66.353790 0.147242
1680.000000 519.823425 183.861084 15.807495 34.121124 0.123961
1680.000000 545.359558 183.212112 12.694580 28.435760 0.122713
1680.000000 417.138367 193.689423 16.355896 40.985901 0.088715
1680.000000 47.051701 215.528763 11.094070 28.598114 0.087037
1680.000000 448.164429 191.561035 16.037659 40.741730 0.086664
1680.000000 498.356323 188.684937 17.933044 41.990662 0.074939
1680.000000 501.136505 188.881729 12.853729 27.984344 0.054932
1680.000000 400.862671 162.139114 14.721497 39.971588 0.053586
1710.000000 529.616089 173.877472 17.178833 42.294037 0.818874
1710.000000 556.283447 180.189926 12.344116 28.652588 0.740774
1710.000000 515.875061 186.148575 19.635132 44.963531 0.548205
1710.000000 447.623444 191.336319 16.299622 40.500061 0.367306
1710.000000 426.074615 208.107224 13.503601 30.834930 0.302126
1710.000000 467.882507 189.600220 14.969849 35.814636 0.252747
1710.000000 567.061279 173.333664 14.177368 35.640320 0.229927
1710.000000 46.020752 213.360123 13.550415 31.181458 0.217559
1710.000000 519.516663 185.955643 14.180298 30.950195 0.145294
1710.000000 568.455566 179.974854 16.327148 39.964325 0.102248
1710.000000 436.627136 207.980026 10.999878 27.514191 0.073490
1710.000000 498.379883 188.089249 17.239563 41.751465 0.063472
1710.000000 443.335480 190.023758 24.587646 61.212982 0.063330
1710.000000 509.993561 185.439850 28.113861 68.138885 0.058385
1710.000000 54.335529 208.994583 12.454380 33.718140 0.055635
1740.000000 527.200500 174.331085 17.366821 42.740570 0.876945
1740.000000 554.422485 180.483139 11.824829 28.412872 0.530027
1740.000000 446.944397 191.230835 17.140198 41.774567 0.485712
1740.000000 514.105408 186.322784 22.525391 52.893555 0.367731
1740.000000 567.111206 175.287582 13.273315 33.106384 0.300692
1740.000000 426.918915 209.924957 12.603210 29.350616 0.259158
1740.000000 417.583038 195.519394 13.201477 32.936920 0.248139
1740.000000 520.420959 173.269592 25.566284 65.118286 0.208569
1740.000000 442.753571 189.907806 24.521790 62.018036 0.171449
1740.000000 563.688538 175.927948 11.581543 28.733063 0.167209
1740.000000 518.665100 186.214096 15.889404 35.380646 0.151090
1740.000000 41.373108 192.027191 19.518028 53.851868 0.135489
1740.000000 468.359802 189.905472 13.496338 33.965881 0.133676
1740.000000 436.734100 190.958557 13.199402 32.640442 0.071970
1770.000000 530.848816 173.926620 16.428345 40.568542 0.887083
1770.000000 555.245544 179.437759 12.583618 30.427246 0.631874
1770.000000 516.523438 185.474625 18.987427 44.084137 0.318180
1770.000000 32.377960 213.041611 13.649391 31.810608 0.283696
1770.000000 447.437195 191.220566 16.369263 40.837494 0.245536
1770.000000 497.043152 188.404755 17.733215 40.800079 0.200350
1770.000000 44.565948 208.973312 17.097069 41.011810 0.186613
1770.000000 569.222412 181.253845 11.724609 28.476471 0.180982
1770.000000 501.039429 188.482452 12.125366 28.219208 0.173219
1770.000000 436.264069 190.663971 13.586792 31.609650 0.157495
1770.000000 426.156952 207.676117 13.455322 29.623596 0.152762
1770.000000 521.148193 183.565430 14.031860 31.940430 0.148681
1770.000000 468.081207 189.709976 14.117188 34.769287 0.144492
1770.000000 492.977814 190.336227 12.700073 28.948608 0.137655
1770.000000 569.053955 181.593277 16.371338 40.203003 0.088013
1770.000000 446.520874 151.838638 15.159729 34.938416 0.085152
1770.000000 420.621796 193.305084 14.107788 33.210815 0.064979
1770.000000 524.739441 173.394958 23.388306 58.024902 0.063149
1770.000000 512.873413 184.512207 27.188721 67.512024 0.058005
1770.000000 442.651794 189.441193 25.060486 63.230469 0.053313
1800.000000 531.209717 176.205795 14.931641 36.451874 0.876009
1800.000000 554.242859 179.921936 12.107300 29.538727 0.767866
1800.000000 0.006368 203.195938 19.801003 88.035995 0.635469
1800.000000 515.483337 186.047089 21.657959 52.539276 0.457431
1800.000000 568.129089 180.503998 15.568237 37.234589 0.272471
1800.000000 418.373016 193.949738 13.536072 32.090271 0.224167
1800.000000 466.755280 191.153564 16.603088 40.103973 0.211619
1800.000000 537.927917 177.023499 11.938354 29.392792 0.196402
1800.000000 1.910691 208.135254 14.939413 54.974854 0.190858
1800.000000 447.376099 191.250412 16.519531 39.465271 0.172040
1800.000000 137.272247 190.250183 13.611237 34.155884 0.140015
1800.000000 498.274109 187.661758 17.521667 40.893768 0.120739
1800.000000 426.029694 208.088318 13.610474 29.801544 0.101173
1800.000000 520.143372 185.418167 13.455688 29.181549 0.099896
1800.000000 546.254089 182.953354 9.932373 24.689087 0.088423
1800.000000 547.762817 181.612549 15.435181 37.850189 0.072339
1800.000000 48.534275 210.823196 11.326019 25.204773 0.072120
1800.000000 74.470757 206.903595 15.525299 37.489380 0.064358
1800.000000 567.703979 181.375168 11.418457 26.469147 0.055632
1800.000000 435.359375 192.264847 13.343994 31.597961 0.050018
1830.000000 531.765259 175.607529 15.666382 39.597778 0.868495
1830.000000 447.403412 190.604263 17.028625 40.889038 0.647653
1830.000000 554.214050 181.820801 11.708862 27.639160 0.556831
1830.000000 417.538391 192.797943 12.973999 32.074219 0.424266
1830.000000 468.302917 191.401520 13.229797 32.139008 0.382327
1830.000000 579.327209 201.295212 18.993042 45.909637 0.202078
1830.000000 523.732605 175.477142 21.127686 49.575958 0.197439
1830.000000 443.895203 189.961060 13.728638 31.668304 0.172459
1830.000000 527.370361 175.733322 12.403320 31.131409 0.170457
1830.000000 516.572510 188.722488 16.567993 34.848511 0.160946
1830.000000 141.075241 193.067352 13.520447 32.547546 0.152560
1830.000000 445.151520 189.656845 23.324219 60.631927 0.151903
1830.000000 78.291542 199.547989 14.393829 35.296234 0.147254
1830.000000 498.676575 189.199997 17.795410 42.321533 0.132168
1830.000000 569.042480 182.064240 14.959473 35.652740 0.126957
1830.000000 135.496918 192.581100 18.049530 43.282654 0.121648
1830.000000 436.968353 195.911636 12.155396 30.386169 0.114418
1830.000000 440.644318 201.937729 12.011475 27.262756 0.096774
1830.000000 426.020996 209.302887 13.270081 29.421478 0.095739
1830.000000 513.701721 187.424377 22.452515 53.754333 0.095617
1830.000000 591.872620 198.268005 17.129395 43.100922 0.095528
1830.000000 543.036804 185.615311 15.389526 35.145477 0.086537
1830.000000 521.435486 180.648315 15.725464 36.908875 0.086347
1830.000000 501.079132 189.791473 12.338531 28.434845 0.075575
1830.000000 548.446350 182.545914 15.358643 35.833496 0.074848
1830.000000 387.115082 192.921295 12.677002 31.709198 0.067453
1830.000000 439.854431 201.124771 16.688477 41.240662 0.060320
1830.000000 490.367706 188.703888 18.953003 43.838867 0.055231
1830.000000 559.627563 183.323029 10.696045 24.895844 0.052138
1830.000000 114.979858 196.763306 15.407532 35.433533 0.051607
