30.000000 574.120728 204.948349 11.128906 26.741394 0.061859
30.000000 596.881714 202.993576 10.654907 27.936340 0.056391
60.000000 448.553925 209.370193 13.633667 32.690979 0.315169
60.000000 601.144531 211.663193 22.430786 60.216904 0.055847
90.000000 19.844219 189.532837 12.281414 29.115875 0.278207
90.000000 1.533079 196.861908 10.733934 33.641876 0.220966
90.000000 361.668610 201.952133 13.855835 33.752441 0.172004
90.000000 322.785553 78.112419 13.863098 31.355209 0.103592
90.000000 420.095093 200.516190 12.122986 31.135773 0.080703
90.000000 17.986530 190.501038 16.855141 41.310150 0.073820
90.000000 367.195251 202.545715 12.923218 31.067688 0.072004
90.000000 336.452789 200.836639 10.690369 26.622253 0.059924
120.000000 438.947937 193.642609 18.897095 43.624817 0.118010
120.000000 498.863586 200.234497 17.594727 41.188568 0.098072
120.000000 354.347473 194.037369 11.545654 27.946228 0.078383
120.000000 323.502289 56.806145 15.942200 36.879745 0.063820
120.000000 386.608154 194.887939 15.339783 35.650146 0.052068
150.000000 531.375366 186.628464 16.864136 36.687775 0.069789
150.000000 570.313538 183.881210 28.956055 66.885132 0.053546
150.000000 552.066956 193.414505 17.676514 41.533508 0.050406
180.000000 499.707092 184.326813 15.199402 35.929626 0.137041
180.000000 455.812714 200.900925 17.759216 42.063232 0.070855
180.000000 495.408325 185.362137 22.743103 56.964478 0.053203
210.000000 172.786331 153.853027 14.885864 34.595642 0.083708
210.000000 65.428726 191.911560 12.748718 31.701965 0.065006
210.000000 565.565979 197.777023 16.923218 39.493866 0.064778
240.000000 0.000000 192.476532 12.715400 47.247620 0.298608
270.000000 0.984229 194.747192 14.035843 36.751770 0.218242
270.000000 0.000000 179.821793 9.517683 51.620087 0.091313
270.000000 529.566650 173.688507 27.888062 58.976837 0.072185
270.000000 487.904266 176.831512 22.846008 52.949585 0.066281
270.000000 535.539246 171.988831 14.754028 35.898895 0.063676
300.000000 558.165771 175.503494 23.900757 55.191193 0.955777
300.000000 562.316345 174.366364 28.095947 73.617920 0.701169
300.000000 571.725891 177.274353 16.142090 41.841400 0.153548
300.000000 477.155640 173.759674 17.437500 41.072144 0.062819
330.000000 429.799957 172.652954 18.553345 45.746582 0.099244
360.000000 87.887314 194.261368 12.893433 30.512207 0.329252
360.000000 462.170746 175.819260 16.948914 40.722626 0.149176
360.000000 49.220203 192.721436 12.229752 31.355225 0.130053
360.000000 455.361786 173.648407 28.585144 60.977295 0.054041
390.000000 180.461456 165.577927 16.494568 39.337982 0.227237
390.000000 458.397522 177.891464 17.899597 42.658386 0.086163
390.000000 105.921188 177.032089 15.198074 38.101257 0.070863
390.000000 42.762199 196.879318 12.017029 31.164215 0.053564
420.000000 457.785828 179.789429 21.191772 52.164520 0.406379
420.000000 464.239655 181.900467 15.134949 35.345123 0.296067
420.000000 442.146820 184.580322 17.764160 46.672424 0.110021
420.000000 446.441681 184.323715 21.895447 54.273346 0.105031
420.000000 91.225189 142.136917 14.837189 33.875092 0.070374
420.000000 140.964371 162.980667 17.928406 44.099091 0.064347
420.000000 444.499969 183.268280 13.092224 30.022308 0.059789
420.000000 70.076721 190.934082 13.360779 30.192291 0.058233
480.000000 435.001190 132.307312 26.850464 68.462738 0.137134
480.000000 457.566925 166.299698 17.839111 38.708649 0.115583
480.000000 392.238556 7.199648 15.772339 35.462646 0.104026
480.000000 442.204193 140.969162 28.309998 69.071991 0.100004
510.000000 530.576965 152.665009 23.291870 52.985443 0.061490
540.000000 12.278254 148.032333 25.186293 63.626190 0.129150
540.000000 547.251404 167.168839 18.397827 43.464844 0.107885
540.000000 22.849718 162.545212 17.332800 40.364563 0.106071
540.000000 454.047638 121.029411 23.870544 53.027077 0.087258
570.000000 89.103294 155.854706 22.823563 55.887634 0.481470
570.000000 72.798805 155.631760 26.105240 67.897797 0.386062
570.000000 49.594433 177.564636 19.338581 45.974579 0.247880
570.000000 77.478577 155.086060 17.699188 44.155853 0.214337
570.000000 85.586769 155.443741 32.473465 79.432556 0.156377
570.000000 93.570724 155.856995 15.551804 37.356995 0.138583
570.000000 121.216408 160.379944 20.774742 49.546783 0.129246
570.000000 51.885300 176.416992 13.935860 33.327911 0.100479
570.000000 124.055374 161.180664 14.679352 33.504211 0.072550
570.000000 65.200653 166.681564 22.200027 51.501099 0.068133
570.000000 400.810364 178.850845 14.964722 36.935547 0.063440
570.000000 105.848518 157.296188 16.339447 39.181641 0.057953
570.000000 64.813217 156.239578 40.685638 102.576462 0.054948
600.000000 485.267578 151.084915 18.678345 45.119263 0.269461
600.000000 62.662861 181.834274 14.845615 35.794708 0.094875
600.000000 416.476654 174.768372 16.680542 38.281067 0.081222
600.000000 490.586060 143.926636 24.750549 61.278442 0.060004
630.000000 211.426132 181.733414 12.329041 31.235046 0.122497
630.000000 505.632111 181.238190 17.437531 41.862854 0.121698
630.000000 508.849762 179.939651 11.924103 30.706360 0.071611
630.000000 208.443970 181.991745 17.052216 44.948639 0.069984
630.000000 425.170776 176.599594 12.550903 31.253601 0.057338
630.000000 183.105438 190.985977 12.010284 29.434906 0.053113
630.000000 501.276031 178.702332 24.978790 60.841492 0.052492
660.000000 459.484161 177.720840 15.876343 39.895630 0.121863
660.000000 490.304810 189.085205 16.070129 38.516083 0.088854
660.000000 500.142609 193.299347 14.487640 37.581024 0.068100
690.000000 388.458618 184.416626 10.268127 27.304535 0.091647
690.000000 199.401993 185.812393 13.818359 34.156128 0.077278
690.000000 377.672028 176.992233 15.195740 35.567566 0.063044
690.000000 423.652954 192.307373 11.322815 30.937744 0.055896
690.000000 360.906067 188.576813 10.286621 25.894928 0.052373
720.000000 432.240814 184.605576 15.656616 35.180298 0.173836
720.000000 108.278275 193.052444 14.407181 33.988831 0.161251
720.000000 446.937927 177.533646 17.335632 40.186432 0.142269
720.000000 534.787292 178.110428 17.525024 41.821136 0.054710
720.000000 475.764557 183.422348 12.740906 32.888947 0.051952
750.000000 466.085327 182.858704 14.220337 33.285950 0.247920
750.000000 474.008881 179.712753 16.205688 39.416962 0.190581
750.000000 532.360535 181.378372 14.010742 34.227600 0.164029
750.000000 464.158661 181.998322 19.851868 48.624817 0.137589
750.000000 525.322388 180.839035 11.884155 29.362000 0.110664
750.000000 381.401886 176.450684 11.210754 30.210754 0.101314
750.000000 462.557922 183.460342 12.180481 29.756104 0.092823
750.000000 360.132233 184.424789 10.928833 27.746857 0.076545
750.000000 528.050720 179.831543 21.694580 50.524597 0.072087
750.000000 471.368561 181.937149 13.794434 31.972900 0.070834
750.000000 413.830444 177.147232 16.987000 41.322693 0.066662
750.000000 520.203003 180.907181 19.188721 42.388306 0.063060
750.000000 444.398987 180.084656 16.156067 36.707123 0.062387
750.000000 0.000000 186.409302 12.241104 56.312469 0.059696
750.000000 455.545532 185.858017 12.304993 28.953491 0.056227
750.000000 147.861282 189.280975 12.034943 30.238708 0.052990
750.000000 469.724884 178.414154 24.311584 54.326233 0.051286
780.000000 560.214661 179.586136 14.414551 34.101013 0.433930
780.000000 505.471039 173.271683 17.040985 41.604370 0.342878
780.000000 585.149536 179.064636 18.047241 42.255066 0.334291
780.000000 555.176941 178.506241 21.594238 49.085785 0.209182
780.000000 527.661133 178.295242 17.215820 38.873169 0.167597
780.000000 413.460205 180.162720 14.296997 35.417633 0.104198
780.000000 586.981323 177.840057 13.009399 30.431580 0.097825
780.000000 523.819824 175.853653 25.590576 54.820526 0.092723
780.000000 579.725464 178.443008 26.166260 61.649567 0.090035
780.000000 535.632385 178.802780 11.077637 27.110229 0.066318
780.000000 530.886047 176.236404 12.169067 29.446808 0.059094
780.000000 498.897491 170.363144 27.122650 68.032745 0.057025
780.000000 510.657745 171.376541 12.969635 33.239471 0.055728
780.000000 403.716156 172.000168 14.737427 37.119507 0.055027
780.000000 543.835205 184.280136 12.834595 28.633759 0.054644
810.000000 498.549164 176.583054 24.610748 58.569153 0.128891
810.000000 504.243469 179.355362 16.340332 38.932648 0.088036
810.000000 517.068359 180.375717 13.227661 34.515045 0.070948
810.000000 82.922844 204.190903 10.936996 25.891541 0.068496
810.000000 84.921227 192.618225 12.543457 30.568848 0.065981
810.000000 380.863373 178.443771 13.664307 33.207092 0.060473
840.000000 5.637674 214.725830 17.152998 45.260986 0.215651
840.000000 48.590309 192.452713 12.955917 32.710388 0.139722
840.000000 556.075989 177.142349 24.650269 62.386047 0.111504
840.000000 557.037659 200.872803 17.479004 41.156677 0.108020
840.000000 563.224609 179.332199 15.180542 34.732513 0.093593
840.000000 435.179657 178.072495 13.283936 32.257385 0.089809
840.000000 43.542984 193.056442 13.439583 32.605042 0.083063
840.000000 524.294250 188.384262 15.451782 36.899200 0.078738
840.000000 572.008118 186.719116 17.091064 42.597290 0.072378
870.000000 423.892456 193.782990 10.919739 28.994934 0.117114
870.000000 80.698868 166.597961 13.007111 35.601624 0.109005
870.000000 493.720154 162.216919 29.726257 78.908569 0.067092
870.000000 497.960785 164.667084 21.476105 52.317871 0.053594
900.000000 507.829651 10.339712 21.386230 49.598007 0.150589
900.000000 435.415985 201.000458 18.269531 47.161316 0.052346
930.000000 140.148102 186.828278 12.669830 31.821533 0.222814
930.000000 76.084648 200.698334 11.280319 29.125244 0.063220
960.000000 442.408386 169.144089 15.302612 39.472748 0.063047
960.000000 418.527802 177.348724 11.218689 28.720551 0.057372
960.000000 613.119385 167.306595 20.688110 51.169922 0.051950
990.000000 623.744019 124.451836 16.151489 50.368782 0.198936
990.000000 454.972290 174.947357 13.264038 31.635132 0.138394
990.000000 16.986977 178.370789 15.663605 38.470276 0.095220
990.000000 570.277771 165.799255 14.409302 34.549408 0.093650
990.000000 618.460266 123.197800 21.515503 100.973114 0.077945
990.000000 5.622272 177.332489 15.636175 39.477936 0.070861
990.000000 452.888672 176.826355 18.750061 46.737915 0.053690
1020.000000 506.892853 172.779282 26.954498 64.997498 0.142410
1020.000000 526.812256 177.282883 18.570190 43.183136 0.099004
1020.000000 538.404724 177.111710 17.876587 42.128052 0.093252
1020.000000 400.101074 178.427963 13.287476 32.620789 0.090187
1020.000000 546.922180 170.966125 23.448120 62.898773 0.083419
1050.000000 103.062775 176.344299 13.655441 33.488800 0.364313
1050.000000 157.872833 78.529900 16.299805 36.301331 0.101708
1050.000000 353.015625 82.849861 17.252380 37.940033 0.065178
1050.000000 192.035324 179.401840 12.145142 28.428253 0.062437
1080.000000 501.244263 160.974289 13.648987 30.691559 0.126515
1080.000000 406.206360 175.569016 10.903381 29.301758 0.117024
1080.000000 492.045105 129.290283 17.499390 41.036713 0.098115
1080.000000 498.595062 129.048203 14.372467 36.589172 0.066016
1080.000000 416.010498 179.305939 13.657410 32.848511 0.064658
1080.000000 378.464355 182.118073 12.412476 31.314331 0.056861
1110.000000 384.609741 185.065872 13.045898 31.546417 0.235428
1110.000000 396.750580 184.315994 12.559326 30.135559 0.227717
1110.000000 418.443237 177.422989 12.455200 31.565369 0.224358
1110.000000 466.411072 173.094940 18.050110 42.890808 0.076031
1110.000000 276.752319 155.769867 19.796265 43.598511 0.056928
1140.000000 456.675385 186.720367 17.965454 42.282623 0.111851
1140.000000 460.062500 186.325180 12.703613 29.545441 0.078192
1140.000000 408.692657 186.802063 15.172241 35.973297 0.070218
1140.000000 28.245270 199.420441 12.699272 35.000702 0.069505
1140.000000 61.661316 10.878922 15.197693 36.842010 0.063487
1140.000000 65.691444 19.666626 15.230911 30.998718 0.050300
1170.000000 127.250847 197.907806 12.427132 29.687958 0.138554
1170.000000 444.538361 181.561798 14.058105 33.109344 0.128344
1170.000000 441.704407 180.753922 20.522339 53.139740 0.108074
1200.000000 509.571777 196.779678 19.542725 45.422211 0.224203
1200.000000 458.312469 201.902084 15.717163 36.000000 0.168430
1200.000000 579.367859 168.956909 25.340210 62.715088 0.125912
1200.000000 583.791016 169.406158 15.203613 37.000031 0.086279
1200.000000 514.157227 194.640091 13.179688 34.018494 0.080083
1200.000000 565.186218 55.143486 14.537231 30.946976 0.052787
1230.000000 491.570923 186.731262 11.120300 28.723602 0.112680
1260.000000 584.230774 179.221161 19.680786 45.629883 0.105281
1260.000000 482.976898 175.944885 15.649780 38.355377 0.074114
1260.000000 595.315247 181.666336 19.233276 43.593903 0.063840
1260.000000 568.050232 194.131042 24.011108 52.696472 0.057680
1290.000000 497.128235 185.664368 24.630676 55.441162 0.138457
1290.000000 505.159973 187.086105 17.233643 38.245544 0.052314
1320.000000 423.566772 176.977646 9.775574 27.026306 0.297611
1320.000000 456.649292 160.056717 15.972717 34.969391 0.243184
1320.000000 487.697998 58.630363 22.565735 51.119812 0.184321
1320.000000 468.762543 46.441475 24.290833 57.706604 0.161532
1320.000000 66.769661 192.696396 12.556305 29.519073 0.109272
1320.000000 454.355469 159.461349 22.345276 54.649536 0.102919
1320.000000 6.183530 187.176636 13.952502 34.110413 0.098620
1320.000000 413.712646 178.371582 13.178040 31.799011 0.075887
1320.000000 59.027447 197.428665 12.345104 31.721741 0.067225
1320.000000 473.318207 46.383087 15.421143 34.770218 0.057677
1320.000000 496.487854 78.838234 12.927429 31.990707 0.053119
1350.000000 500.161804 180.238342 15.492798 36.741699 0.280283
1350.000000 49.633163 179.691208 13.568367 33.421509 0.252974
1350.000000 456.012970 184.218964 11.621033 28.915405 0.241002
1350.000000 419.887726 173.430695 17.995728 47.383789 0.232336
1350.000000 522.547302 176.032242 24.875732 60.467865 0.165315
1350.000000 396.912720 173.046371 14.027100 35.408691 0.150359
1350.000000 561.650085 179.589508 60.154419 154.231750 0.110723
1350.000000 449.854736 185.756012 11.811951 28.525024 0.086191
1350.000000 444.778503 184.243835 16.041565 40.110809 0.067245
1350.000000 411.427521 180.629959 12.647827 29.944153 0.066130
1350.000000 386.560028 179.999420 11.833008 29.028412 0.056161
1350.000000 617.405884 153.357681 22.516113 95.176117 0.050707
1380.000000 418.162811 185.791397 14.154419 35.119476 0.277273
1380.000000 36.447327 188.962616 12.455048 31.115692 0.263768
1380.000000 444.260223 181.429901 14.659058 36.390137 0.156784
1380.000000 513.130188 182.161407 16.474609 39.719879 0.116145
1380.000000 362.134705 183.663116 12.821106 29.246704 0.096004
1380.000000 410.760986 186.305588 16.845581 37.734833 0.067312
1380.000000 474.435699 199.475311 18.503357 42.689514 0.066303
1380.000000 587.831604 184.940704 20.023926 44.656464 0.063391
1410.000000 480.952026 184.131592 22.186707 59.411682 0.340735
1410.000000 486.218781 185.606415 14.084717 34.223785 0.082087
1410.000000 449.567047 129.034409 13.059448 31.873474 0.055422
1440.000000 425.433594 192.268097 15.169983 34.295654 0.448296
1440.000000 460.910980 176.993774 14.267395 34.594330 0.092245
1440.000000 602.711792 168.034393 26.531616 64.416382 0.079192
1440.000000 604.201355 167.479416 19.100708 43.426056 0.072788
1440.000000 470.188110 175.975754 11.348999 27.202087 0.066064
1470.000000 206.361618 180.712799 11.177032 29.007690 0.086505
1470.000000 490.274994 186.250137 15.871460 34.126129 0.071081
1500.000000 47.022175 81.068321 13.567192 33.080551 0.255316
1500.000000 31.273914 68.240814 13.679016 31.135361 0.129562
1500.000000 65.369476 75.560928 15.438324 35.391174 0.098807
1500.000000 41.734146 70.939507 16.415642 40.376297 0.089683
1500.000000 38.818321 183.846436 10.603622 26.972382 0.082819
1500.000000 606.929565 181.579590 18.447876 41.646881 0.050205
1530.000000 557.146912 74.909943 18.649414 44.190948 0.548435
1530.000000 612.031494 81.928917 15.691772 34.778793 0.382926
1530.000000 595.712219 60.512985 23.571899 55.058304 0.355084
1530.000000 61.322929 74.739944 13.535110 34.968567 0.244506
1530.000000 569.308838 75.465591 16.697021 39.409225 0.237107
1530.000000 601.264221 61.621906 16.350830 38.833324 0.202399
1530.000000 605.916138 80.656700 23.993896 56.537483 0.159271
1530.000000 581.120850 65.127998 15.782349 38.346603 0.151020
1530.000000 593.569824 148.971542 14.608887 30.360107 0.087905
1530.000000 591.120911 146.037598 21.142578 46.545868 0.082959
1530.000000 16.507196 73.759720 10.152489 26.851013 0.074194
1530.000000 42.391205 57.928261 13.953506 32.697037 0.061400
1530.000000 575.621582 60.912300 24.234619 57.900070 0.058215
1530.000000 468.168640 151.881760 11.269470 25.761719 0.051608
1530.000000 503.410889 148.768738 19.272705 45.396729 0.050808
1560.000000 405.855560 172.692490 10.460571 26.095245 0.557288
1560.000000 511.467987 142.962311 13.950287 33.227722 0.272256
1560.000000 18.343851 49.368050 12.899330 30.793991 0.226861
1560.000000 11.717678 56.407532 12.824394 28.398880 0.149101
1560.000000 43.505650 71.413986 12.598320 28.299484 0.142738
1560.000000 36.672623 61.898350 11.743515 26.164112 0.132024
1560.000000 567.438049 145.373901 21.245728 49.351959 0.123660
1560.000000 60.743950 182.881683 12.490524 31.222717 0.083540
1560.000000 556.799622 137.041046 15.470215 38.321014 0.083491
1560.000000 526.229004 150.256088 17.866577 39.748169 0.077218
1560.000000 20.906883 50.855827 14.702690 35.695267 0.063749
1590.000000 443.688599 177.554291 12.852783 29.202454 0.813580
1590.000000 12.935994 53.120544 13.485755 31.259430 0.253000
1590.000000 104.242233 190.431549 10.342972 25.822083 0.058953
1590.000000 31.364689 49.364403 14.444962 32.354370 0.058684
1590.000000 72.676582 190.778198 11.829391 28.275269 0.054470
1590.000000 7.012593 177.589310 14.406025 30.929047 0.053592
1620.000000 516.072327 174.271484 17.478149 43.249207 0.943624
1620.000000 111.071594 80.105324 16.078964 38.432861 0.500794
1620.000000 135.198837 73.490509 18.783234 44.130341 0.390122
1620.000000 129.904877 95.782333 15.422546 38.539993 0.363817
1620.000000 124.165810 88.749435 22.828865 56.562729 0.311451
1620.000000 117.049934 81.338959 13.447060 33.549377 0.292496
1620.000000 125.920792 89.252228 14.710968 30.545990 0.286478
1620.000000 208.310593 127.445930 15.076324 34.607643 0.225848
1620.000000 489.468262 165.499176 23.385010 57.523682 0.168941
1620.000000 27.434162 194.900864 12.114395 31.233124 0.168865
1620.000000 9.926527 28.258102 15.085869 36.255730 0.166204
1620.000000 102.568787 86.848915 13.537292 32.193405 0.163728
1620.000000 110.581474 78.097137 12.669952 26.724487 0.114058
1620.000000 217.067139 121.294945 12.626160 29.863930 0.099454
1620.000000 46.169952 197.119843 13.106422 30.756958 0.097504
1620.000000 306.773712 137.926453 12.178223 26.097870 0.090517
1620.000000 130.129791 76.063850 13.765808 33.258453 0.081763
1620.000000 141.603958 74.431564 12.634003 32.572784 0.075289
1620.000000 241.520706 123.276901 14.152161 33.760040 0.072673
1620.000000 524.017517 179.911850 10.970581 24.603180 0.070056
1620.000000 223.648560 123.848778 11.551025 27.684715 0.069986
1620.000000 59.904182 201.941254 11.476669 28.674774 0.065999
1620.000000 107.074150 78.443329 23.803200 53.198853 0.065408
1620.000000 121.404846 90.105835 16.851044 39.948318 0.053009
1650.000000 593.616089 160.297958 29.702148 75.616791 0.837131
1650.000000 614.568359 166.314835 22.501343 61.819489 0.302917
1650.000000 492.147156 148.323792 25.752502 66.126465 0.219391
1650.000000 60.044060 71.074799 15.515625 37.375534 0.157686
1650.000000 594.004639 166.327988 20.690674 48.127716 0.137793
1650.000000 73.269981 70.662437 12.112946 29.471512 0.095330
1650.000000 622.939087 171.878052 16.884888 60.826721 0.090922
1650.000000 497.419159 148.943161 17.303375 43.039032 0.089066
1650.000000 39.208317 72.873123 12.669350 27.738525 0.083964
1650.000000 568.378113 164.302383 19.950317 47.141113 0.083437
1650.000000 50.197533 71.090004 12.448967 29.998657 0.072755
1650.000000 420.731293 181.436691 12.070374 28.482513 0.066508
1650.000000 478.781036 175.699783 18.616272 47.395447 0.056298
1650.000000 403.094940 180.716354 13.781982 33.782196 0.050993
1650.000000 489.246185 160.756607 21.172241 49.633362 0.050348
1680.000000 587.293640 184.015228 23.930176 55.626068 0.165423
1680.000000 577.075073 180.353012 17.618286 39.757233 0.116503
1680.000000 39.973392 57.914860 13.622772 32.302624 0.085723
1680.000000 608.874573 184.810181 17.005493 40.216461 0.070788
1680.000000 395.133667 182.360641 11.710510 30.588379 0.065127
1680.000000 591.201721 183.694122 15.234497 38.566498 0.057997
1680.000000 36.298409 62.495590 15.978760 39.930862 0.056047
1680.000000 46.623295 57.940243 17.712582 43.507648 0.052517
1710.000000 27.156506 87.113678 16.413208 37.238785 0.334919
1710.000000 555.875305 173.137421 16.958862 38.446075 0.269535
1710.000000 48.055771 78.541870 15.297363 36.661118 0.158951
1710.000000 396.209320 179.962311 11.989624 31.880035 0.152246
1710.000000 380.777527 182.219696 12.749451 29.940155 0.135455
1710.000000 0.000000 43.593910 11.522802 37.094597 0.114419
1710.000000 58.628395 62.682861 14.246994 32.563187 0.097831
1710.000000 550.813904 170.797394 25.111450 56.744476 0.082738
1710.000000 97.421478 77.442238 12.983215 30.775726 0.082399
1710.000000 461.194366 176.490936 19.273315 45.453125 0.075325
1710.000000 451.655243 188.385727 10.993652 30.446777 0.068855
1710.000000 81.961922 73.432373 12.986893 28.366699 0.058459
1710.000000 54.645790 73.065262 16.080284 36.850830 0.057190
1710.000000 559.378723 174.073364 11.232544 26.127167 0.050443
1740.000000 32.366589 64.934334 12.427872 29.158737 0.183761
1740.000000 529.759583 177.270081 20.098389 44.785614 0.113970
1740.000000 37.140369 70.762436 12.343674 30.052322 0.107073
1740.000000 497.035004 189.386688 17.859467 45.003052 0.076277
1770.000000 12.493305 53.533363 17.193008 40.966553 0.331240
1770.000000 7.644868 43.794014 14.183505 33.846657 0.204107
1770.000000 1.160220 56.989429 13.408485 30.232494 0.139426
1770.000000 65.162521 95.348167 14.224167 33.717628 0.108487
1770.000000 466.210022 172.950562 18.411316 47.318390 0.108353
1770.000000 19.443790 52.881844 12.321770 29.863510 0.097942
1770.000000 30.015116 51.015160 14.055632 33.738983 0.094261
1770.000000 0.194065 55.416412 12.576540 52.190216 0.084399
1770.000000 24.340714 48.973572 17.080002 40.122055 0.060199
1770.000000 34.208363 57.861500 12.340225 28.930340 0.060045
1800.000000 452.277557 198.210159 15.006714 35.087036 0.316782
1800.000000 570.557983 167.852829 17.559692 41.342804 0.099106
1800.000000 400.346405 181.592026 15.229065 33.810913 0.089886
1800.000000 370.560211 182.097092 11.307495 28.825928 0.070725
1830.000000 19.674627 106.489128 14.866201 35.569374 0.240552
1830.000000 488.638947 182.513000 15.736694 37.662537 0.173722
1830.000000 485.231445 181.064804 23.248169 54.792816 0.103451
1830.000000 28.574247 105.508629 15.749002 34.761879 0.101651
1830.000000 30.392754 116.732018 14.460518 34.775551 0.073143
1830.000000 490.670258 179.518738 10.711182 29.065918 0.068669
1830.000000 388.660828 187.668472 10.131042 27.176880 0.066176
1830.000000 93.042603 193.035767 14.640793 34.912872 0.058293
