30.000000 379.535614 169.186264 12.940491 29.529083 0.066756
30.000000 0.000000 179.732635 8.241806 41.671844 0.064514
30.000000 449.441620 174.967819 19.170776 43.769135 0.059946
60.000000 489.695068 192.496536 16.073242 39.699493 0.850290
60.000000 445.658203 185.167770 16.501648 39.358002 0.166516
60.000000 99.619026 186.330566 12.368210 31.370667 0.152571
60.000000 393.991302 168.091873 15.553894 32.782654 0.149367
60.000000 441.814728 181.579391 24.911377 59.364655 0.135112
60.000000 608.300720 138.431259 25.798584 67.732880 0.133933
60.000000 364.818420 153.315155 13.429688 31.724121 0.095997
60.000000 224.483963 175.919357 15.552612 35.826477 0.086961
60.000000 479.986389 194.366333 17.347961 42.164246 0.080297
60.000000 54.530441 161.804993 11.893341 27.215302 0.068022
60.000000 91.470497 192.676941 11.999435 28.791199 0.067652
60.000000 602.024170 125.124451 26.870239 63.969788 0.062879
60.000000 452.741211 192.802216 13.594849 30.724030 0.061298
60.000000 29.006674 194.750595 11.178141 27.297729 0.061024
60.000000 628.520569 132.985184 11.433594 48.365356 0.060762
60.000000 202.477753 183.303879 16.877441 37.814117 0.058937
60.000000 486.461060 194.905151 14.684326 32.143097 0.051160
90.000000 546.954956 184.251190 22.866455 55.598938 0.963667
90.000000 450.412811 170.312683 13.321716 31.984833 0.380259
90.000000 355.077148 140.367844 25.024475 58.874664 0.379028
90.000000 222.424255 177.198563 14.578033 34.974213 0.221524
90.000000 0.000000 175.463028 13.676920 42.731873 0.159142
90.000000 382.804413 153.820389 13.869385 30.590088 0.122295
90.000000 370.052277 149.961563 14.413025 31.107849 0.108717
90.000000 361.688507 150.256729 13.873474 33.200348 0.104629
90.000000 556.063232 180.089905 16.730591 40.223083 0.096090
90.000000 56.347191 190.080292 10.484375 26.578308 0.094565
90.000000 1.807654 175.985855 20.930130 46.962921 0.081911
90.000000 416.486542 170.975037 16.571533 39.640503 0.070328
90.000000 364.167175 148.966721 19.848572 47.934265 0.063525
120.000000 100.366066 189.901108 10.391006 25.142761 0.203403
120.000000 362.660797 146.326843 14.664734 33.284790 0.140590
120.000000 422.711487 168.678986 16.826721 39.567444 0.112937
120.000000 417.813751 166.447128 24.617188 62.399902 0.087242
120.000000 354.582733 147.384766 15.992004 37.983429 0.082661
120.000000 427.437500 185.833862 15.440247 37.438477 0.070671
120.000000 125.124260 180.293198 13.133263 31.874329 0.062842
120.000000 357.689972 146.355698 20.785645 53.196381 0.051498
150.000000 118.317757 198.100510 10.309349 26.544891 0.285437
150.000000 28.961197 184.612137 13.624054 33.712463 0.228209
150.000000 36.914581 193.137589 16.540413 39.560944 0.201878
150.000000 23.751215 184.711899 14.195612 34.132050 0.158169
150.000000 146.212524 195.630508 8.996613 20.437653 0.107917
150.000000 501.991211 174.127441 13.292664 33.316498 0.093479
150.000000 103.273926 199.106033 10.739777 26.742310 0.071487
150.000000 188.391815 194.638794 15.032898 34.601288 0.066269
150.000000 40.956161 191.720169 11.645042 28.864441 0.060216
150.000000 23.408800 184.041397 21.709135 47.854889 0.053971
180.000000 619.639465 180.302231 14.786377 34.049988 0.906735
180.000000 100.688194 199.486908 12.371140 28.121582 0.561509
180.000000 134.553497 195.943115 10.069519 25.658020 0.525694
180.000000 605.933289 177.435211 13.957275 35.158722 0.385637
180.000000 396.762268 158.971252 17.961914 42.876678 0.341907
180.000000 471.013184 164.084915 15.996460 39.641205 0.337158
180.000000 368.715424 142.260696 15.329163 34.969421 0.324327
180.000000 2.929049 188.688721 12.661592 33.082092 0.288175
180.000000 177.469208 192.216980 11.684662 30.654083 0.284451
180.000000 361.140717 137.484726 15.731689 36.381226 0.257751
180.000000 132.104050 195.106796 9.503906 23.543427 0.203041
180.000000 480.976318 182.803070 14.184509 35.946167 0.182053
180.000000 331.476562 156.334000 16.544434 38.965179 0.166085
180.000000 11.486440 189.569626 14.908336 35.349548 0.159742
180.000000 0.000000 199.320450 9.280136 38.579773 0.135920
180.000000 383.398804 153.340103 17.064453 42.197296 0.115944
180.000000 3.941875 201.974411 12.960274 35.667969 0.107145
180.000000 56.076572 195.099304 11.732861 28.507233 0.106109
180.000000 170.727554 192.743896 12.957703 31.381775 0.105330
180.000000 138.889160 197.068832 10.606842 23.824432 0.095583
180.000000 208.542694 190.071869 14.581421 34.807678 0.093958
180.000000 625.294922 181.528244 13.907593 34.681458 0.063732
180.000000 308.066345 205.091171 20.988342 46.953308 0.054734
180.000000 6.601174 190.177673 14.785762 35.858185 0.054028
210.000000 10.363939 200.331955 14.117130 33.998993 0.617878
210.000000 86.506195 200.741180 11.874008 28.725983 0.307052
210.000000 2.631513 201.779816 14.007395 31.436310 0.288394
210.000000 313.983002 209.165070 21.867676 50.386383 0.251929
210.000000 30.317516 201.506226 12.745361 31.397461 0.244216
210.000000 105.969688 200.515778 9.260391 24.051117 0.239448
210.000000 362.302856 134.445694 20.056519 45.975403 0.234178
210.000000 392.608124 157.461395 17.172607 41.034607 0.200873
210.000000 240.983719 188.553955 11.986084 28.458923 0.167744
210.000000 98.807037 200.391464 9.989883 24.417267 0.123811
210.000000 0.212774 200.869797 10.760811 35.980103 0.122698
210.000000 16.870590 202.290833 13.718300 29.965912 0.113185
210.000000 531.710205 127.936440 17.437134 40.324242 0.089395
210.000000 555.681885 196.616440 15.411133 36.847229 0.089077
210.000000 235.711945 188.463547 17.635864 40.718201 0.074620
210.000000 244.250626 187.312775 13.636002 33.511597 0.068685
210.000000 279.227631 160.019165 15.601013 37.674133 0.062716
210.000000 273.967102 156.814697 27.325745 68.108185 0.059840
210.000000 24.329926 202.840912 13.875629 33.230896 0.058915
210.000000 572.128052 188.560074 15.328369 28.606415 0.057655
210.000000 109.133728 201.730667 9.893570 22.950592 0.057625
210.000000 18.867496 200.556046 9.922222 21.714996 0.057056
210.000000 48.243385 195.166916 12.392128 31.593872 0.056933
240.000000 24.910797 202.468185 12.897606 32.617218 0.687254
240.000000 73.821083 199.808273 11.208008 29.419373 0.596934
240.000000 78.084808 201.416595 10.524475 27.495911 0.515679
240.000000 42.887489 199.062119 11.715225 26.965027 0.406437
240.000000 212.497604 180.296814 14.878357 35.352692 0.403178
240.000000 217.295029 175.125992 20.486115 51.985077 0.282227
240.000000 356.542542 146.258911 19.793640 47.016357 0.277004
240.000000 393.828522 155.390472 12.524231 28.498535 0.225582
240.000000 85.338715 203.046677 10.660400 26.685974 0.219490
240.000000 214.068100 186.730347 17.833984 40.627930 0.195434
240.000000 565.311890 188.694931 11.383179 24.056061 0.175212
240.000000 490.116943 186.441483 15.058044 35.765991 0.131588
240.000000 497.016296 183.813110 14.747864 36.599731 0.129832
240.000000 270.909698 177.911469 15.649292 37.804260 0.109270
240.000000 219.181854 179.312363 14.135956 33.455444 0.100166
240.000000 162.038498 191.762115 12.521820 31.352509 0.087595
240.000000 90.711395 201.069275 12.347275 27.799072 0.082056
240.000000 38.061916 200.609543 10.436218 25.895569 0.073913
240.000000 522.272583 182.341614 12.323486 30.058899 0.059109
240.000000 371.999603 152.482056 17.261902 39.034576 0.058795
240.000000 351.418976 144.940338 27.651978 70.001923 0.057379
240.000000 192.072617 189.356384 13.326996 31.539917 0.055622
240.000000 245.681641 186.809494 18.980408 46.142578 0.055511
240.000000 427.754425 180.723343 13.164368 30.529327 0.051427
270.000000 26.219921 203.215179 12.881767 33.153320 0.720880
270.000000 32.209232 204.066238 12.786499 32.375061 0.417290
270.000000 37.196392 204.430939 13.088921 32.816956 0.391692
270.000000 220.880966 196.305222 15.029449 35.547913 0.361147
270.000000 584.420166 186.986847 11.192505 26.085571 0.352292
270.000000 12.384918 200.248734 14.104168 29.319336 0.348546
270.000000 76.697433 199.846695 12.550842 29.711914 0.296934
270.000000 459.759399 172.656815 13.518494 34.899933 0.292151
270.000000 22.182270 202.270889 12.686394 29.201019 0.275265
270.000000 18.594610 202.059113 11.802761 28.883362 0.227523
270.000000 495.999390 186.290436 12.330688 30.532532 0.187369
270.000000 170.961731 201.013672 16.273438 34.991913 0.172869
270.000000 516.579956 187.657028 12.113770 28.602325 0.150624
270.000000 218.911972 149.761932 12.648041 29.808655 0.116149
270.000000 560.961792 175.087677 23.104614 58.097595 0.095254
270.000000 239.395523 148.055023 15.421600 35.251831 0.093743
270.000000 43.897968 198.245102 14.949608 38.351288 0.092067
270.000000 80.442574 200.254639 13.589127 35.029480 0.086730
270.000000 284.615509 179.798553 12.154846 30.690918 0.082553
270.000000 85.610092 200.240067 11.337418 28.411041 0.070399
270.000000 178.211090 199.878036 14.009735 34.550964 0.068716
270.000000 524.232483 187.169037 14.207642 36.088318 0.067742
270.000000 245.183807 196.918854 13.020752 29.714600 0.067063
270.000000 359.322754 151.347443 17.223633 43.128662 0.062368
270.000000 316.139526 165.906036 14.182434 33.481049 0.055210
300.000000 60.551743 200.939056 19.562714 47.367188 0.599778
300.000000 579.996826 184.645935 13.472534 34.888245 0.313911
300.000000 7.651996 202.415680 13.741835 35.230255 0.305419
300.000000 88.045311 200.553528 13.364761 30.015869 0.148792
300.000000 0.000000 203.005341 12.746017 41.715485 0.112036
300.000000 617.668335 175.491486 16.242188 39.920349 0.084722
300.000000 452.180664 183.131363 14.292664 34.479034 0.078227
300.000000 590.449402 171.989441 18.799316 46.630890 0.068014
300.000000 556.472717 174.234253 12.748169 31.346252 0.062803
300.000000 52.530914 203.789154 17.032349 43.985077 0.059083
300.000000 477.455017 194.431000 16.707092 43.430084 0.052137
330.000000 588.351868 183.364059 16.636353 39.806091 0.900943
330.000000 153.437729 178.442413 13.479462 35.185791 0.088497
330.000000 13.327500 192.513824 13.698993 32.540253 0.081652
330.000000 567.852356 191.040329 13.867432 32.018860 0.074936
330.000000 394.458923 192.275925 13.113647 30.800110 0.073035
330.000000 146.443222 196.178741 15.588623 39.893494 0.069948
330.000000 558.741211 192.951920 13.931641 31.700378 0.063402
330.000000 60.523582 197.843903 13.745392 34.452209 0.057298
330.000000 295.912170 149.798630 23.077209 62.572632 0.051058
360.000000 80.725502 192.409912 12.981567 31.655518 0.183108
360.000000 236.959595 169.822876 12.893036 30.939453 0.182731
360.000000 603.631897 112.897034 16.700562 40.123108 0.144853
360.000000 96.848663 198.227600 13.252426 33.313141 0.140121
360.000000 68.129288 206.306793 18.651337 43.553528 0.127632
360.000000 75.086830 193.134048 21.491806 52.215515 0.119001
360.000000 23.261887 206.176117 15.478291 36.748535 0.113495
360.000000 356.552124 185.899246 14.593933 35.828827 0.090597
360.000000 127.875801 198.875626 11.690636 29.053711 0.077100
360.000000 602.311096 137.078156 24.516968 60.652893 0.071766
360.000000 601.987793 112.892883 12.316895 30.559448 0.067922
360.000000 627.985535 159.546906 12.014465 56.291351 0.064928
360.000000 220.568878 162.144943 14.785248 34.981232 0.054918
390.000000 450.724487 173.397156 12.985962 32.247375 0.230349
390.000000 425.641907 185.834030 13.934814 33.591644 0.217347
390.000000 511.826996 177.975342 19.145233 44.680939 0.146700
390.000000 437.588348 188.979126 19.995422 46.047363 0.127796
390.000000 467.637085 179.783630 19.737610 48.762848 0.078134
390.000000 464.078979 182.413574 14.825073 33.602509 0.068224
390.000000 541.330933 165.649490 26.448730 66.117432 0.061847
390.000000 424.554077 192.962952 16.661560 39.738281 0.058460
420.000000 411.660370 181.460876 28.860046 73.390350 0.905433
420.000000 471.384003 185.276596 18.101868 45.489746 0.440511
420.000000 493.986572 163.532120 19.693359 47.334412 0.338986
420.000000 456.700256 161.726196 15.648315 36.209290 0.154741
420.000000 487.700470 161.311310 28.183563 67.261383 0.122331
420.000000 623.665588 179.999283 16.284424 45.870514 0.109266
420.000000 448.661896 160.383575 15.361206 36.278748 0.101503
420.000000 465.761932 182.668243 31.353577 60.429535 0.086930
420.000000 601.855713 196.999557 22.970703 58.178894 0.084616
420.000000 444.882629 155.247406 14.805420 34.164062 0.079767
420.000000 497.349701 162.408493 13.854980 29.121429 0.078490
420.000000 400.720978 181.720703 13.483948 32.216217 0.073567
420.000000 606.506897 197.661560 16.394775 36.495636 0.064429
420.000000 379.554810 181.247971 12.801025 31.380585 0.059306
420.000000 475.553497 180.434952 15.908081 36.799225 0.057122
420.000000 606.099854 163.015320 16.290283 38.870209 0.055831
450.000000 472.214111 166.774643 48.117920 124.917374 0.981213
450.000000 520.599060 167.591949 20.212646 48.232086 0.154542
450.000000 23.956869 120.379753 13.496656 33.309746 0.080496
450.000000 462.183594 204.187134 26.049988 58.422699 0.065530
450.000000 387.330933 178.616928 11.929382 29.526581 0.050248
480.000000 322.858185 171.875046 14.470032 33.881561 0.229940
480.000000 387.362274 175.896515 10.882568 28.025391 0.217153
480.000000 396.722382 174.623871 11.820190 29.196289 0.141984
480.000000 430.144745 190.273926 11.650208 28.194122 0.141502
480.000000 337.144043 171.714966 15.237610 35.667755 0.078966
480.000000 317.621521 170.614395 20.972595 51.763641 0.066625
510.000000 494.293884 188.782974 14.225525 35.302887 0.288075
510.000000 183.687698 189.357864 13.295898 30.878448 0.204485
510.000000 523.170837 175.140564 16.320435 42.630219 0.146042
510.000000 503.015228 181.420547 14.443146 34.555725 0.142253
510.000000 188.323792 192.197708 13.124847 31.620178 0.128919
510.000000 136.015244 190.298721 12.156525 29.915558 0.124779
510.000000 494.401825 181.489594 24.728058 53.703522 0.099326
510.000000 24.605272 209.031067 12.266588 30.465515 0.084907
510.000000 315.859558 174.135773 15.099548 36.163788 0.083418
510.000000 196.621048 192.331192 12.592743 31.445190 0.077558
510.000000 386.686432 176.249573 11.451355 27.694794 0.075257
510.000000 512.114075 186.904236 16.540649 38.943817 0.072116
510.000000 411.799896 168.549652 12.430786 30.328674 0.052748
510.000000 313.341187 171.063354 21.970642 50.941071 0.052738
540.000000 443.744171 186.770569 13.854980 33.990417 0.280234
540.000000 116.848412 197.642365 13.100502 31.766449 0.128361
540.000000 66.934929 206.863419 14.457794 30.951294 0.084341
540.000000 409.835999 183.104660 13.746887 33.504456 0.055885
540.000000 167.826477 193.142120 12.274261 28.274200 0.054760
540.000000 388.572906 171.184631 12.786987 32.535828 0.052725
570.000000 483.169861 144.302429 28.931274 69.600800 0.187157
570.000000 236.894867 184.819717 13.296387 31.634064 0.152039
570.000000 475.509827 182.159439 19.769165 45.597198 0.120760
570.000000 403.105255 182.537170 9.492126 23.759277 0.102309
570.000000 394.149933 183.614319 12.645081 32.348450 0.055705
570.000000 568.560486 171.386368 20.654175 50.268311 0.051273
600.000000 515.591736 179.427536 22.128662 53.064392 0.823805
600.000000 497.574036 175.630844 14.553223 36.346130 0.333016
600.000000 413.159180 187.937805 11.174072 27.329224 0.103639
600.000000 572.193848 179.860641 11.350342 24.912567 0.092914
600.000000 17.414839 182.518311 20.623949 47.470215 0.071835
600.000000 77.783203 181.881897 14.076874 34.191589 0.070541
600.000000 508.203522 177.370850 14.238068 35.729523 0.069883
600.000000 111.998711 191.596069 12.675018 29.031494 0.065922
600.000000 538.045654 176.929474 14.446167 38.819946 0.059829
600.000000 71.693649 179.561264 15.949432 38.162903 0.055982
600.000000 25.281891 181.740341 16.248535 37.483063 0.052609
600.000000 496.609863 174.100174 20.645081 52.595184 0.051012
600.000000 90.574707 183.670502 13.766617 36.330139 0.050766
630.000000 618.838562 153.975388 21.161438 100.694183 0.166875
630.000000 372.106598 177.346069 14.306580 34.683929 0.137972
630.000000 382.111908 186.576599 11.934326 28.304474 0.099959
630.000000 625.146057 185.956436 14.835938 67.400665 0.076920
630.000000 319.725433 172.780670 13.539490 33.256775 0.075908
630.000000 604.157043 176.230682 20.022339 48.705994 0.051158
630.000000 619.611145 191.268234 13.724121 31.802979 0.050198
630.000000 607.835266 131.311295 31.096802 119.499542 0.050149
660.000000 500.977325 183.137894 16.465973 37.230957 0.706418
660.000000 495.665405 195.787262 13.358643 32.656342 0.249262
660.000000 588.867371 170.886276 18.677368 47.285156 0.212649
660.000000 443.502747 183.788071 11.675598 28.269287 0.190321
660.000000 505.651367 186.305908 16.304565 41.230042 0.169467
660.000000 41.166420 189.195023 11.530380 28.990936 0.148949
660.000000 386.270752 180.486160 11.371277 30.100159 0.071316
660.000000 86.715378 201.799973 13.945450 33.722443 0.071108
660.000000 64.122940 187.026718 10.698135 26.622925 0.060880
660.000000 564.357971 177.142746 17.533569 42.573212 0.055939
660.000000 621.688049 160.534653 18.299683 62.337494 0.051134
690.000000 570.299377 178.904663 19.653809 47.988220 0.950118
690.000000 591.776367 182.641052 11.525146 28.072906 0.143946
690.000000 526.593994 195.285950 17.675903 43.148010 0.091569
690.000000 586.419983 185.928711 19.792236 54.795441 0.082117
720.000000 480.337860 181.966614 12.755005 31.619629 0.200746
720.000000 76.344765 196.378662 12.435165 30.135437 0.115701
720.000000 468.102692 187.127167 11.567993 31.440552 0.113027
720.000000 186.854736 180.354706 14.250000 33.834290 0.102682
720.000000 88.938194 197.882950 12.070679 28.418762 0.099373
720.000000 437.566101 192.305435 11.430115 32.454102 0.072803
720.000000 73.134613 60.707832 17.118912 42.649368 0.069991
720.000000 426.352112 192.251694 13.717041 34.922577 0.055996
720.000000 463.056824 188.238831 16.406372 41.420227 0.052428
750.000000 508.554077 181.648651 11.763916 29.074036 0.638790
750.000000 101.374794 176.087662 20.355423 51.499939 0.554754
750.000000 456.413513 185.271271 15.992310 36.889465 0.460119
750.000000 529.911926 185.900909 15.199463 36.244690 0.225885
750.000000 173.423248 194.690201 13.347534 30.263611 0.208234
750.000000 127.807396 186.810196 13.389168 32.643951 0.195247
750.000000 505.560303 180.927170 17.192383 44.148560 0.166913
750.000000 392.667694 182.436020 8.957397 23.419006 0.154179
750.000000 421.153473 192.642838 13.847595 33.969177 0.138691
750.000000 114.833374 194.919144 13.224365 30.530823 0.128090
750.000000 586.953247 183.998245 16.575195 37.771698 0.124753
750.000000 103.750595 191.416733 13.976913 36.678802 0.124503
750.000000 109.474754 186.611206 15.493164 38.418274 0.120568
750.000000 103.495735 172.010117 13.783493 33.765625 0.088474
750.000000 109.112999 175.012939 14.421097 36.112122 0.087990
750.000000 526.207092 185.773804 23.161133 49.258331 0.083771
750.000000 40.353821 47.100315 17.808449 41.030315 0.079647
750.000000 116.938629 185.954529 15.285080 37.315521 0.077124
750.000000 440.252228 188.966110 12.291382 29.765045 0.076670
750.000000 65.344025 163.730423 14.863113 39.245728 0.076161
750.000000 88.241402 171.632050 15.403366 36.477203 0.076103
750.000000 112.948341 178.628784 15.292030 38.458405 0.073643
750.000000 588.699097 182.047104 22.981323 47.989960 0.071906
750.000000 461.966492 184.030502 15.790710 33.332367 0.068767
750.000000 497.373840 182.613876 10.830872 24.131561 0.067906
750.000000 452.340820 184.131897 24.991943 49.584991 0.060036
750.000000 431.926056 189.306580 13.626953 31.670502 0.059353
750.000000 553.406555 184.548828 19.756958 47.207855 0.058670
750.000000 479.460876 186.044403 16.197937 35.582520 0.057973
750.000000 327.661987 153.731110 24.871948 63.894897 0.054121
750.000000 162.330368 193.592590 12.151581 29.629547 0.050973
750.000000 515.107605 190.667419 13.413208 31.993958 0.050435
750.000000 592.721863 184.991470 14.332520 30.063416 0.050351
780.000000 536.278503 175.742081 14.512085 35.287994 0.620578
780.000000 467.479370 174.773376 13.971924 34.783356 0.486851
780.000000 533.107483 171.684937 20.822021 55.913239 0.370655
780.000000 398.394653 181.943497 9.300354 23.040680 0.319336
780.000000 1.291203 163.461548 24.835876 73.010071 0.307735
780.000000 482.335114 185.731567 14.762695 34.066101 0.187043
780.000000 0.000000 166.677155 12.115274 71.254944 0.133577
780.000000 488.432495 173.827423 13.819763 35.171509 0.110129
780.000000 528.526855 176.725510 30.855103 74.628143 0.107292
780.000000 498.208313 182.970703 17.703613 43.580933 0.103469
780.000000 581.376831 185.744293 12.657715 29.764221 0.093514
780.000000 478.716614 181.496704 12.053589 27.697296 0.069370
780.000000 593.164429 182.432587 13.389038 31.634949 0.053217
780.000000 584.939392 183.212051 12.033936 27.941711 0.052059
810.000000 579.106750 171.532852 17.522827 43.568176 0.818710
810.000000 73.449326 189.955978 13.447937 33.231995 0.249645
810.000000 610.267761 241.071014 29.628296 110.546997 0.247599
810.000000 404.339203 182.204895 9.649780 23.152649 0.158114
810.000000 131.734253 195.662109 8.626007 23.155792 0.102994
810.000000 120.603477 193.213837 10.490349 25.041107 0.096862
810.000000 555.762634 180.077118 12.864136 28.869507 0.080686
810.000000 487.508057 173.857391 12.615906 30.556641 0.074410
810.000000 104.564255 191.017731 12.084549 30.032135 0.068118
810.000000 571.588501 177.037003 19.400513 43.604309 0.065851
810.000000 68.545204 190.943710 12.411209 30.380402 0.064940
810.000000 592.372681 175.936737 12.096558 31.332184 0.059462
840.000000 105.033646 191.035812 10.661575 26.381134 0.343908
840.000000 414.018402 176.876373 11.733826 28.785614 0.170061
840.000000 417.928802 175.973618 12.554016 31.272247 0.155066
840.000000 376.279877 164.176086 16.318726 34.785309 0.154489
840.000000 404.153748 179.169800 10.332153 24.056702 0.121952
840.000000 29.340090 182.991394 13.400152 31.667450 0.075492
840.000000 94.772903 188.824326 11.137115 27.239624 0.071512
840.000000 86.961052 187.694656 11.854980 28.148346 0.069639
840.000000 312.177185 155.983871 13.521301 32.122131 0.063830
840.000000 515.605286 172.495758 14.655273 36.139740 0.058769
840.000000 66.969688 191.898697 14.230331 27.819031 0.058298
840.000000 373.273102 167.510788 12.492126 31.128723 0.055036
840.000000 556.643005 177.202820 11.133179 28.897766 0.054226
840.000000 214.974396 178.263931 14.946960 36.546295 0.051917
870.000000 564.601746 167.549850 16.563599 39.240814 0.437954
870.000000 555.844299 177.601151 12.142456 28.238678 0.098571
870.000000 23.846504 186.905167 14.901405 35.172272 0.089039
870.000000 76.229248 190.010727 10.158905 23.563965 0.066660
870.000000 485.234283 177.006210 17.255920 44.052094 0.050996
900.000000 33.558414 187.136993 13.231659 30.749054 0.410726
900.000000 52.758839 186.595856 11.290188 26.834656 0.384006
900.000000 444.358887 174.072617 10.579712 24.446289 0.305063
900.000000 163.229324 182.621140 10.214691 23.318054 0.290170
900.000000 46.284924 190.483124 11.941757 29.397919 0.251667
900.000000 296.731171 133.941864 25.927063 70.045929 0.208541
900.000000 171.889114 175.120102 12.581726 29.641663 0.151073
900.000000 452.578735 169.461670 13.170044 31.434906 0.149508
900.000000 538.745605 181.320267 16.073975 39.253540 0.137493
900.000000 166.409515 178.194000 12.244537 28.101105 0.087639
900.000000 37.935249 188.839355 13.527779 29.374908 0.083178
900.000000 331.292053 132.632355 24.007812 60.380280 0.077524
900.000000 559.942932 184.774094 13.425659 29.396637 0.075502
900.000000 43.522655 60.837158 15.511444 34.354355 0.065991
900.000000 58.070618 186.326691 10.097000 25.382019 0.054171
930.000000 13.036276 191.724792 12.765617 29.812927 0.332630
930.000000 142.931351 184.730774 9.877228 24.270416 0.298959
930.000000 139.113281 183.483154 10.593719 25.195435 0.155997
930.000000 4.663777 191.178314 11.583836 28.262329 0.088942
930.000000 21.592451 183.611481 10.353390 24.913239 0.074033
930.000000 31.193504 186.530914 9.219017 24.066376 0.068844
930.000000 347.194580 128.708878 13.545410 32.382782 0.052033
960.000000 39.094082 177.727173 13.449043 33.243561 0.282239
960.000000 0.554330 188.591125 10.553702 28.968170 0.253244
960.000000 470.373749 179.554825 14.820251 37.177490 0.197470
960.000000 12.782127 183.587189 12.601784 30.234924 0.121601
960.000000 97.995071 183.919785 11.653305 29.211761 0.090925
960.000000 395.006378 163.680191 17.958252 44.286407 0.083074
990.000000 49.364704 192.217377 13.539604 28.268372 0.676687
990.000000 475.061554 170.960510 15.210266 36.042816 0.507896
990.000000 416.269501 159.226013 17.544189 41.430634 0.225840
990.000000 104.805893 176.572815 12.428635 28.784668 0.182455
990.000000 484.760773 169.665359 16.717102 37.362976 0.137995
990.000000 97.894096 181.723038 11.993561 28.620453 0.113986
990.000000 0.000000 191.764648 12.348795 35.809296 0.090110
990.000000 5.992622 192.426605 12.347673 29.070190 0.089605
990.000000 460.968262 160.445038 13.441101 32.321411 0.086855
990.000000 472.747009 154.697876 20.546509 50.655243 0.071139
990.000000 476.514252 153.455933 14.590088 34.468872 0.060083
990.000000 77.023346 189.629913 10.202026 23.592010 0.050218
1020.000000 12.408343 202.822678 11.143136 27.595123 0.354702
1020.000000 331.971191 119.079041 11.076477 28.294891 0.300140
1020.000000 63.515545 193.216782 11.532955 24.299652 0.150402
1020.000000 336.561340 117.858589 15.190063 35.623894 0.064538
1020.000000 9.110437 196.493271 11.863220 25.460785 0.053654
1020.000000 0.000000 191.748352 7.501023 39.244232 0.051255
1050.000000 327.698120 118.119209 15.259094 34.876213 0.117629
1050.000000 324.826294 138.509781 19.701538 43.794006 0.073941
1050.000000 162.434937 161.181641 14.463928 32.455383 0.069263
1050.000000 207.133301 184.787247 14.979462 38.172424 0.050420
1080.000000 159.167191 160.782562 16.895996 37.921570 0.270806
1080.000000 34.776001 195.026962 14.347069 28.723663 0.144892
1080.000000 480.789215 208.329102 21.074524 54.723907 0.137013
1080.000000 326.620178 118.403404 14.857117 33.258354 0.095602
1080.000000 254.572662 127.012939 17.824646 40.765900 0.078331
1080.000000 266.374939 134.589584 13.702637 30.818085 0.074842
1080.000000 335.359650 112.158974 17.558777 40.718346 0.067277
1110.000000 264.800415 118.720619 34.221680 82.054558 0.054444
1140.000000 86.565903 191.545959 18.189682 43.439575 0.075157
1140.000000 18.112629 197.432007 10.921677 24.275330 0.063030
1170.000000 153.808716 124.415314 25.039764 61.409515 0.417453
1170.000000 96.317482 167.206879 13.134933 32.446503 0.093910
1170.000000 401.953064 99.704369 21.658630 56.236061 0.077251
1170.000000 89.894318 166.374908 19.990707 50.212677 0.069785
1170.000000 50.670250 189.441345 11.081802 27.724335 0.067583
1170.000000 402.874023 88.873138 31.178955 78.665344 0.055515
1200.000000 54.503578 195.697586 13.112160 34.498688 0.591957
1200.000000 153.762589 128.231461 25.026093 61.977814 0.216792
1200.000000 393.769714 113.160088 16.284607 40.400352 0.194524
1200.000000 316.045441 120.126862 22.552063 53.485352 0.164783
1200.000000 216.268143 99.117050 24.613403 59.633362 0.142534
1200.000000 318.472778 120.811890 14.740173 33.521912 0.101308
1200.000000 196.746475 126.870667 18.910095 43.664642 0.050769
1230.000000 523.250549 184.000595 13.362793 32.618988 0.407357
1230.000000 315.600037 123.571365 21.361389 50.950867 0.224743
1230.000000 516.802795 184.360260 10.640869 28.939514 0.210620
1230.000000 151.722961 131.538544 28.097382 66.020874 0.099506
1230.000000 528.739807 183.460419 10.604370 28.761688 0.097097
1230.000000 319.799225 123.499344 13.497742 33.750885 0.083925
1230.000000 531.662292 184.060013 11.864380 29.364532 0.068746
1230.000000 310.194061 123.195877 33.282837 78.529938 0.057620
1260.000000 502.795258 170.731171 20.397614 48.670319 0.730023
1260.000000 7.353798 207.878174 12.084028 30.897552 0.277553
1260.000000 509.151154 178.688873 17.550873 40.145782 0.221617
1260.000000 150.306702 132.709900 31.590759 73.340179 0.206468
1260.000000 515.811035 181.864441 14.121582 33.404572 0.182761
1260.000000 315.442505 123.747139 22.947876 55.638054 0.125662
1260.000000 523.147644 182.123337 13.885986 34.047363 0.122813
1260.000000 502.931824 190.544312 12.622742 28.958984 0.119644
1260.000000 319.130737 124.313431 15.189270 37.064423 0.094742
1260.000000 0.059349 206.770203 7.581898 33.334595 0.056735
1260.000000 577.165161 180.025269 16.364746 38.710419 0.056671
1260.000000 459.009338 89.014389 16.346008 39.143402 0.055818
1290.000000 317.479004 125.604134 17.200134 38.137871 0.144843
1290.000000 231.117111 116.079208 29.512314 71.952942 0.113177
1290.000000 150.375992 133.462448 31.516785 75.470886 0.099283
1290.000000 513.157776 190.276657 12.692505 29.594788 0.079735
1290.000000 226.461090 127.356796 21.166443 50.091461 0.078475
1290.000000 482.869293 184.983383 12.994202 29.835205 0.076775
1290.000000 591.285950 0.000000 48.567871 441.445679 0.056806
1320.000000 440.692657 103.044418 17.861084 41.645691 0.083413
1320.000000 36.562702 195.814529 12.247993 30.737091 0.062835
1350.000000 399.582520 116.102753 24.984253 58.686493 0.434941
1350.000000 401.650421 116.957146 16.967773 39.721581 0.205182
1350.000000 391.518372 122.012825 17.692993 40.455650 0.129968
1350.000000 51.354378 194.067291 12.010818 30.441467 0.086905
1350.000000 396.307709 114.172821 35.606323 82.473389 0.080922
1350.000000 0.036085 212.110046 11.785633 47.457214 0.056114
1380.000000 9.663891 206.497849 12.418867 29.329102 0.080320
1380.000000 17.747288 206.135880 13.430325 33.034393 0.060694
1380.000000 421.677551 0.000000 210.950439 374.721313 0.054052
1410.000000 513.493286 0.275257 27.891846 68.409317 0.405018
1410.000000 507.498932 0.104366 40.189911 97.371475 0.174419
1410.000000 319.271484 125.429779 14.110657 33.436462 0.091827
1410.000000 400.641174 114.580063 19.026306 44.608337 0.089704
1410.000000 153.288437 133.176727 27.714752 65.341400 0.077564
1410.000000 24.320076 199.584641 11.542549 29.946136 0.076251
1440.000000 35.435055 194.136719 16.326462 38.160492 0.360317
1440.000000 320.149719 125.183434 13.567688 33.517647 0.096860
1440.000000 316.055145 124.631676 20.750488 49.344078 0.076788
1440.000000 29.128193 192.258881 20.154602 50.354126 0.071486
1470.000000 52.770687 190.868530 12.833714 32.252777 0.151269
1470.000000 38.044888 192.902924 12.437241 31.507141 0.137859
1470.000000 47.529942 190.796631 19.656460 46.053650 0.117199
1470.000000 320.040558 125.546097 14.037109 33.285156 0.060591
1500.000000 50.967060 192.831711 15.295200 36.163971 0.276136
1500.000000 34.699322 192.911835 13.662483 33.553528 0.167831
1500.000000 83.717651 187.312408 16.442123 38.777924 0.137643
1500.000000 110.798119 177.812271 19.609886 50.051422 0.104680
1500.000000 89.078339 191.236053 14.694595 33.068481 0.093861
1500.000000 318.856934 125.481049 14.472107 33.310455 0.090717
1500.000000 80.318481 184.888596 24.741043 56.360046 0.089526
1500.000000 45.102676 190.713638 23.535530 52.271881 0.067074
1500.000000 97.845863 184.507996 12.902130 30.341492 0.056511
1500.000000 29.737711 194.115784 17.315474 43.799530 0.054140
1530.000000 85.035812 184.985336 13.666748 33.650116 0.149746
1530.000000 50.876595 193.781891 16.523727 40.215851 0.074778
1530.000000 88.327225 186.781448 15.184357 35.582825 0.066526
1530.000000 91.403923 189.348938 17.230499 39.642120 0.065732
1530.000000 47.380852 194.425842 13.409286 33.494934 0.065535
1560.000000 86.283691 199.719574 12.622498 29.284058 0.105107
1560.000000 394.638824 122.919762 15.368103 37.243019 0.076307
1560.000000 24.383656 207.877640 9.244320 21.842194 0.056625
1590.000000 32.159863 196.095398 11.461990 28.666321 0.157520
1590.000000 84.866753 185.517532 18.387909 42.935120 0.119245
1590.000000 83.425438 185.709991 13.376846 30.919250 0.064501
1620.000000 144.352188 188.860001 12.740601 34.246674 0.131316
1620.000000 90.893456 192.651398 18.859604 43.363129 0.120285
1620.000000 85.161507 189.791168 26.816406 66.187866 0.074828
1620.000000 198.755341 134.255493 19.073212 45.375275 0.065111
1620.000000 149.048233 133.618622 34.829712 82.227478 0.063790
1650.000000 24.608728 209.491180 9.875303 24.468140 0.192563
1650.000000 246.822922 132.999847 22.488297 49.348999 0.159415
1650.000000 262.803040 129.011200 31.320801 72.987885 0.146662
1650.000000 314.365845 128.485229 26.591187 60.754608 0.139415
1650.000000 198.070801 136.080536 18.199341 42.449829 0.079645
1650.000000 250.461761 133.437805 15.194275 35.914703 0.076382
1650.000000 306.281189 128.000931 40.561646 95.164154 0.057260
1680.000000 240.344910 133.760864 28.993042 70.873352 0.058933
1710.000000 24.166599 211.066895 8.905704 23.197235 0.126557
1710.000000 241.253479 132.829834 26.844849 64.835052 0.109924
1710.000000 509.573700 7.171339 25.941437 58.949005 0.087897
1740.000000 24.128042 209.057449 10.980967 25.282990 0.473947
1740.000000 66.577187 207.432114 10.272217 25.406830 0.223885
1740.000000 156.622437 192.986450 15.176056 36.364197 0.101650
1740.000000 481.939209 241.523010 16.902222 38.779602 0.059088
1740.000000 70.369492 207.838684 9.759262 24.366455 0.055765
1740.000000 102.931305 207.058990 8.848984 22.253998 0.051379
1770.000000 21.930326 208.645294 10.321608 24.540283 0.247979
1770.000000 167.680756 190.570084 14.759613 35.708069 0.085989
1800.000000 15.100601 208.819290 11.506889 26.575287 0.314582
1830.000000 9.937107 207.072693 10.414433 24.973236 0.615189
1830.000000 390.933258 114.622772 20.086182 47.580780 0.193960
1830.000000 33.007977 216.317139 13.119057 31.303040 0.056705
