30.000000 38.153572 190.422318 17.673203 42.794617 0.877527
30.000000 420.036774 180.500198 20.409973 50.591125 0.259649
30.000000 33.384323 192.065155 15.918091 39.728882 0.132902
30.000000 4.298894 200.595093 13.858512 29.937103 0.080404
30.000000 0.296533 198.911224 15.636324 43.937714 0.067942
30.000000 476.870087 151.414429 41.139191 99.924805 0.056270
60.000000 186.637222 177.856842 13.243134 32.712585 0.063546
60.000000 92.374771 180.507004 11.865402 27.766327 0.057860
60.000000 151.099976 180.943741 13.908752 36.113159 0.050897
90.000000 578.367493 118.890663 23.450317 64.062309 0.163298
90.000000 42.075802 176.608017 14.888329 36.225342 0.163081
90.000000 22.726986 179.263458 14.959248 35.014923 0.146184
90.000000 131.378510 166.199066 15.607910 36.567810 0.133476
90.000000 531.254395 96.313278 16.224854 38.452576 0.109134
90.000000 43.391769 180.587769 17.945015 43.781738 0.106798
90.000000 68.746849 149.819061 16.954575 43.123627 0.095275
90.000000 497.747650 74.670364 15.445648 36.312927 0.082854
90.000000 40.021164 177.013687 25.694603 68.955475 0.079697
90.000000 439.228577 85.329788 16.980225 39.578079 0.079150
90.000000 301.893890 176.721451 10.259338 25.355530 0.075875
90.000000 539.469177 90.223160 12.937256 30.302887 0.068517
90.000000 110.185539 152.309296 14.487457 37.075684 0.066773
90.000000 28.508333 140.149094 29.005857 74.114105 0.066367
90.000000 53.377422 177.270264 14.879528 36.529419 0.056656
90.000000 592.162292 122.382446 12.988159 28.284790 0.052493
120.000000 0.256709 176.646362 24.276901 93.785004 0.402357
120.000000 584.497314 41.615990 16.625488 37.237381 0.332300
120.000000 555.376831 6.724392 14.630127 34.705475 0.287588
120.000000 434.312042 188.329681 12.386597 30.220062 0.138568
120.000000 579.176208 40.320118 25.843018 58.104092 0.135364
120.000000 3.561671 184.744858 22.273632 50.671997 0.131190
120.000000 574.419006 10.245069 12.937866 31.664875 0.118653
120.000000 548.710266 60.169235 14.896484 35.849915 0.117112
120.000000 499.508636 162.154648 12.871735 29.451935 0.080103
120.000000 535.246094 47.324253 17.030640 42.258038 0.078601
120.000000 596.815247 192.946075 15.660889 36.106537 0.062041
120.000000 510.058777 158.310532 12.068237 28.877258 0.059619
120.000000 452.388977 124.892578 37.118652 100.589630 0.053215
150.000000 90.246582 162.227325 18.413208 47.671082 0.637673
150.000000 606.223450 17.297659 13.960938 32.612953 0.414567
150.000000 98.444847 167.130020 15.773346 38.454987 0.175010
150.000000 617.578674 14.170989 12.683350 30.982788 0.154977
150.000000 101.453835 164.913010 19.998383 43.993774 0.109854
150.000000 94.080467 163.675430 13.765167 31.653595 0.101521
150.000000 625.531494 22.867786 11.377197 29.590836 0.088322
150.000000 610.784912 17.233099 12.672729 27.941652 0.073414
150.000000 106.705803 152.925934 27.212349 62.772491 0.063783
150.000000 111.761497 152.386063 19.370125 42.597351 0.059395
180.000000 37.490940 153.618225 14.152718 35.954041 0.273421
180.000000 348.937805 138.616806 16.896912 45.287292 0.233013
180.000000 390.252350 170.607971 12.108826 28.599579 0.217196
180.000000 559.350159 17.872053 16.909058 38.687981 0.168738
180.000000 366.652283 145.015274 19.183838 45.539215 0.157368
180.000000 568.358154 10.679907 14.317505 35.929779 0.130500
180.000000 30.638416 152.601929 26.321457 64.219727 0.056956
180.000000 46.467693 152.450409 19.364323 47.651184 0.050946
210.000000 382.184906 135.164032 25.698242 65.982025 0.788587
210.000000 419.347260 156.938812 22.412476 58.148468 0.269865
210.000000 351.200104 153.938812 16.715515 39.273560 0.218297
210.000000 382.302704 156.630463 19.074707 46.883759 0.163315
210.000000 386.132782 136.038803 17.901245 44.624176 0.117451
210.000000 423.724670 174.831299 16.257141 39.557587 0.073507
210.000000 101.494713 81.439911 18.605820 43.482681 0.069817
210.000000 358.664093 157.856598 15.028442 36.012115 0.065509
210.000000 28.464832 138.628067 16.662651 41.717468 0.064766
240.000000 414.726990 141.101974 29.665710 74.624268 0.367675
240.000000 68.310150 155.509460 24.717957 56.633698 0.282202
240.000000 100.475014 168.324097 15.679596 40.061432 0.104981
240.000000 366.861633 153.693451 15.385742 34.726776 0.083453
240.000000 43.647572 175.049347 15.671097 39.564362 0.073427
240.000000 418.468140 177.728897 15.200806 37.675690 0.073110
240.000000 393.870117 172.319504 13.036194 31.547180 0.065937
270.000000 387.507721 146.700851 22.793213 55.951172 0.480839
270.000000 471.102264 128.646530 41.124542 109.273224 0.412587
270.000000 371.919281 143.857346 18.835815 48.453430 0.386465
270.000000 409.643036 147.348114 25.687805 59.268738 0.307256
270.000000 365.980652 147.136597 14.322266 37.232330 0.303991
270.000000 395.220764 140.771347 19.072937 50.365601 0.144420
270.000000 403.954773 156.129044 14.853210 33.941925 0.123893
270.000000 379.899811 145.282150 18.260620 44.775543 0.086312
270.000000 481.932739 134.697968 28.910034 72.961670 0.062971
270.000000 386.508972 150.800201 15.291016 34.713074 0.062668
270.000000 468.559265 143.901810 29.598877 70.643188 0.051756
300.000000 256.658691 149.660278 14.215271 34.537628 0.156554
300.000000 414.773071 156.496918 21.997498 51.556183 0.130905
300.000000 2.655377 192.143265 11.568029 30.508636 0.111319
300.000000 107.034042 157.794159 16.083664 43.627167 0.075626
300.000000 253.277267 152.269501 12.543839 33.344269 0.072733
300.000000 0.002164 189.471375 9.239942 40.687317 0.055108
300.000000 30.011618 180.594315 18.445169 42.543732 0.054588
330.000000 63.065716 159.187286 17.026234 40.082092 0.081342
360.000000 68.657944 98.147896 15.927383 38.781960 0.129931
360.000000 19.780922 81.012421 22.408199 50.833115 0.104937
360.000000 14.437702 78.173126 31.000870 77.548813 0.061343
360.000000 486.746155 120.216721 23.313049 56.456512 0.054761
390.000000 396.261017 158.470779 11.321838 27.043030 0.237501
390.000000 490.278412 140.214310 24.045502 58.773193 0.213111
390.000000 464.799377 145.915222 22.104004 54.607880 0.114114
390.000000 497.670532 140.040771 16.530273 39.432373 0.080496
390.000000 391.470947 159.034164 15.181152 34.706787 0.071804
390.000000 454.719482 154.033585 17.947144 43.839630 0.056289
390.000000 378.901093 161.287613 9.273254 24.777557 0.054584
420.000000 83.749191 139.894211 18.201050 46.095367 0.177199
420.000000 539.830994 131.831619 25.799561 65.558014 0.109775
420.000000 489.455383 137.810425 20.628296 52.259338 0.059886
420.000000 173.937134 138.311386 28.788422 67.217224 0.057106
450.000000 604.647461 131.493912 11.777588 29.344849 0.092979
480.000000 570.201538 129.859344 18.475708 47.714569 0.131570
480.000000 509.813019 26.268009 16.320587 37.941296 0.092408
480.000000 533.460693 30.151142 13.240723 29.465134 0.090091
480.000000 541.829407 33.728054 12.072144 27.854462 0.055083
480.000000 604.447021 27.403399 13.514038 29.734343 0.054365
510.000000 603.037415 137.096359 18.979980 43.728790 0.471061
510.000000 0.000000 203.126694 13.911480 36.103088 0.363346
510.000000 507.574982 172.996780 13.311310 34.409210 0.139933
510.000000 512.966492 170.518753 19.834839 49.146881 0.083400
510.000000 583.601685 187.494385 17.336914 37.880707 0.062254
570.000000 485.461639 181.541443 78.714264 176.620605 0.067723
600.000000 582.952881 186.113495 14.637451 33.197693 0.416306
600.000000 563.181946 182.664154 16.745361 38.577118 0.325384
600.000000 580.360168 185.941620 21.458008 51.166046 0.055491
630.000000 323.567505 197.942810 25.504211 63.901245 0.676939
630.000000 134.712402 190.154312 21.159546 52.428406 0.598756
630.000000 156.912155 192.505646 22.444305 49.523651 0.514605
630.000000 327.415436 201.427124 17.809692 44.407135 0.198723
630.000000 335.355743 208.704941 13.493164 32.678894 0.118477
630.000000 133.032394 189.956909 29.407349 75.585175 0.113922
630.000000 138.369446 189.663208 15.848297 35.513611 0.104980
630.000000 537.783813 205.888123 10.865112 23.823029 0.096835
630.000000 298.467346 190.434479 12.770752 31.098480 0.065718
630.000000 318.007782 198.299561 13.958313 34.158173 0.063057
630.000000 311.115356 192.406799 17.870239 42.824982 0.062418
630.000000 396.289398 204.666443 14.576782 33.526978 0.057936
630.000000 154.874496 191.637894 30.909119 72.868179 0.051376
660.000000 51.741760 191.301437 36.527481 92.246658 0.917190
660.000000 33.340069 191.388901 20.451782 52.821716 0.379877
660.000000 25.958746 184.667740 13.375959 32.323395 0.260312
660.000000 58.859173 191.947815 25.310360 60.875061 0.194996
660.000000 23.573746 184.442062 20.175026 47.898376 0.168428
660.000000 33.456001 190.024048 14.570709 35.044739 0.097878
660.000000 22.844410 187.030853 31.927322 71.139648 0.055921
660.000000 545.783813 61.398224 14.486084 35.833313 0.055616
690.000000 92.342979 199.068527 15.046432 37.718292 0.474811
690.000000 603.506042 8.143303 14.808594 34.824741 0.392933
690.000000 87.334717 196.800659 23.097137 50.566559 0.161839
690.000000 595.576538 8.501190 14.662842 33.823822 0.134716
690.000000 441.661285 186.793549 13.364502 28.012878 0.067452
690.000000 439.290314 188.858948 17.462036 42.654541 0.062785
690.000000 88.585823 197.215317 14.334229 35.692169 0.055257
720.000000 1.518244 222.194336 21.057684 54.127960 0.401250
720.000000 66.038101 170.068314 16.000961 38.381897 0.211734
720.000000 81.399765 170.687317 16.399155 37.809326 0.162245
720.000000 479.146149 177.757431 11.868347 27.593811 0.144132
720.000000 0.000000 204.167465 11.381809 70.464340 0.125505
720.000000 121.909256 133.952866 14.637238 33.819763 0.111355
720.000000 63.722519 170.221115 23.615585 61.259033 0.099311
720.000000 77.133644 171.374054 23.489609 59.054413 0.095357
720.000000 69.338226 164.482620 25.222916 57.278351 0.071442
720.000000 150.354889 166.233810 16.685883 38.417755 0.063393
720.000000 10.479365 210.094864 17.509510 43.915527 0.057352
720.000000 189.251602 166.949677 18.582275 48.539734 0.053271
720.000000 483.392487 178.765579 12.750854 33.384735 0.052930
750.000000 564.119629 177.817444 13.171265 28.433411 0.149791
750.000000 485.282898 178.650574 10.806946 27.981995 0.080755
750.000000 492.803284 173.487122 13.510132 31.423584 0.069216
780.000000 239.985535 174.766022 12.389740 28.588074 0.147168
780.000000 81.668259 192.899002 13.743759 32.622223 0.112711
780.000000 157.231796 195.085541 14.051178 32.151520 0.075886
810.000000 90.138794 147.718735 30.737656 78.286072 0.727370
810.000000 98.658852 173.086212 24.029633 53.481049 0.391837
810.000000 106.989464 172.013260 18.695435 44.484070 0.135308
810.000000 164.647430 154.435120 23.651001 56.322113 0.132193
810.000000 113.485756 178.550507 14.638710 37.473602 0.121226
810.000000 91.628815 150.837463 21.830780 54.755341 0.104479
810.000000 34.125950 193.210098 13.603531 35.286743 0.085270
810.000000 39.888603 190.798370 15.993294 39.758575 0.081478
840.000000 32.476391 159.856598 24.714447 59.765289 0.963768
840.000000 0.160274 173.929001 18.044765 51.319305 0.428360
840.000000 525.223145 109.530869 25.144775 58.776825 0.263672
840.000000 514.972595 103.259056 34.096313 83.489388 0.139733
840.000000 523.636536 100.386856 16.776123 40.079666 0.120978
840.000000 528.676392 109.582512 18.096191 38.517998 0.072455
870.000000 546.866760 106.256432 22.014038 54.577797 0.256034
870.000000 533.453491 113.970688 23.286499 54.093170 0.242242
870.000000 508.377380 128.676041 16.378540 39.045532 0.145906
870.000000 536.330688 116.526810 17.004028 34.473877 0.070554
870.000000 572.623413 13.406357 14.386108 34.330959 0.069284
870.000000 550.690186 108.275314 15.536255 37.066406 0.054794
870.000000 509.863464 111.641922 35.966064 97.004639 0.050817
900.000000 558.198975 95.777733 14.043945 33.008644 0.117081
900.000000 552.786133 96.888588 19.127930 44.679039 0.105003
900.000000 523.363647 93.144180 46.071167 132.775604 0.102403
900.000000 516.910400 127.657097 23.219360 58.501595 0.100712
900.000000 541.321533 60.265869 15.786743 37.202881 0.095845
900.000000 554.213745 63.994213 12.264160 29.916828 0.094292
900.000000 546.689087 95.044998 29.178223 72.598083 0.092017
900.000000 546.967041 62.459084 11.430054 29.246780 0.091845
900.000000 587.812378 1.534854 13.723633 30.727249 0.050548
930.000000 538.907776 100.827271 32.639038 81.810699 0.230557
930.000000 529.053833 99.097748 44.963867 126.909973 0.214211
930.000000 544.808228 101.219376 21.479492 52.065918 0.199660
930.000000 516.636414 133.193420 27.836304 74.376343 0.155316
930.000000 559.077576 121.656593 19.001221 44.954765 0.150733
930.000000 572.295471 110.748978 21.749390 56.673218 0.079588
930.000000 547.213562 102.758453 15.535278 34.518890 0.072572
930.000000 142.621796 153.995178 26.174500 67.887787 0.059057
930.000000 566.122192 100.033089 18.460571 42.345146 0.052445
960.000000 568.718262 109.388069 20.406372 45.359245 0.650122
960.000000 525.379883 136.974915 31.985107 75.849365 0.322275
960.000000 516.949768 141.668198 30.511353 75.770477 0.279945
960.000000 537.148010 141.031052 19.526001 48.334595 0.278458
960.000000 515.731079 147.731918 19.257202 46.862915 0.276026
960.000000 567.581726 108.183296 27.038696 74.057976 0.115070
960.000000 515.976440 150.221893 12.787231 32.446716 0.091521
960.000000 614.722534 21.589230 12.934814 28.352570 0.085282
960.000000 527.797119 140.971985 21.231934 48.686859 0.065090
960.000000 365.771118 19.014853 18.118896 43.434937 0.055186
990.000000 602.989319 217.604584 11.677124 28.729156 0.207486
990.000000 115.990730 171.827377 19.577919 48.336121 0.120084
1020.000000 544.143372 159.554916 23.162476 60.629181 0.080930
1050.000000 602.084656 126.727448 33.198120 94.221680 0.445424
1050.000000 615.846619 127.104202 24.002808 89.734711 0.118720
1050.000000 44.560368 205.581039 18.887329 45.858185 0.099067
1050.000000 596.480286 147.833145 17.417847 42.291809 0.087406
1050.000000 410.155701 200.973068 10.738586 27.265076 0.050162
1080.000000 389.419220 188.592468 14.943542 33.781189 0.181322
1080.000000 381.617828 182.631409 20.758545 43.897186 0.164777
1110.000000 488.714081 144.213959 32.225067 82.429871 0.213050
1110.000000 410.061707 181.231506 14.901733 34.547211 0.177834
1110.000000 498.835480 189.384857 13.187286 36.705200 0.115054
1110.000000 425.992401 201.216248 14.249146 35.238220 0.103075
1110.000000 37.842613 125.036209 14.809990 33.079071 0.083881
1110.000000 45.827297 196.322113 17.465240 39.908539 0.060873
1110.000000 52.431183 198.536819 13.459900 32.770813 0.052924
1140.000000 64.791824 132.642441 12.533264 32.007294 0.286384
1140.000000 76.931252 131.429306 13.589462 33.886658 0.188456
1140.000000 457.641907 170.242249 17.556213 45.261475 0.119653
1140.000000 20.141083 145.086243 13.522068 31.992615 0.100634
1140.000000 1.918821 133.424545 12.333445 30.155334 0.097889
1140.000000 443.203003 175.277039 19.917480 47.073120 0.065522
1140.000000 77.673012 56.994637 13.937149 32.924652 0.055423
1140.000000 85.178719 68.820671 14.494003 32.898849 0.050299
1170.000000 112.662956 207.018890 12.447479 28.506683 0.077534
1200.000000 535.976013 21.613997 17.664062 42.646255 0.119785
1200.000000 560.271240 3.628202 19.034912 44.689476 0.069755
1230.000000 412.788391 176.515656 13.936462 34.199677 0.292872
1230.000000 580.870667 175.141388 16.642334 36.779144 0.050863
1260.000000 144.165955 172.959610 11.395905 27.633575 0.081830
1290.000000 133.963867 184.487701 13.184082 33.347748 0.318084
1290.000000 16.664352 174.435989 13.467590 31.566071 0.106551
1320.000000 572.357117 146.344574 16.509888 38.654602 0.474220
1320.000000 558.937988 140.725082 14.540649 36.522003 0.290471
1320.000000 622.913818 145.324158 13.299683 36.583160 0.187503
1320.000000 620.471375 142.230911 18.607422 61.120667 0.110435
1320.000000 8.102488 179.262390 14.020617 34.708893 0.093807
1320.000000 616.354919 144.710999 13.212036 32.078186 0.081166
1320.000000 21.823311 177.975266 14.371304 37.756592 0.068900
1320.000000 595.003174 150.154434 17.682861 44.866577 0.063134
1350.000000 123.358238 199.936340 13.326256 29.640167 0.191331
1350.000000 381.630188 189.497574 10.535156 25.826447 0.053892
1380.000000 571.101746 143.262573 20.395020 54.919739 0.297630
1380.000000 573.855103 141.340500 14.621216 35.178772 0.193382
1380.000000 593.116394 158.448181 11.560181 28.186096 0.066185
1380.000000 101.090225 205.822372 12.219757 29.462524 0.055744
1410.000000 555.525330 192.877121 16.566162 37.853180 0.344497
1410.000000 308.124786 206.669220 10.089905 23.403870 0.136622
1410.000000 328.892273 207.424713 10.669128 24.838470 0.108757
1440.000000 470.950104 184.972626 24.797668 64.036285 0.366042
1440.000000 459.355255 203.581619 13.721191 33.193054 0.095664
1440.000000 522.971680 140.488434 12.888184 31.766846 0.093163
1440.000000 592.470764 219.257950 18.066406 40.596542 0.067788
1440.000000 313.758362 206.133942 11.361084 26.955933 0.056325
1470.000000 241.099060 200.155716 11.420837 29.206940 0.103463
1470.000000 234.211258 201.234802 12.509033 29.649994 0.083082
1470.000000 225.773071 206.965988 12.254608 29.671265 0.059628
1500.000000 542.649719 178.750000 20.952637 56.299225 0.321245
1500.000000 574.378845 96.920883 35.300415 79.004944 0.282469
1500.000000 175.551575 198.451431 14.108734 34.326141 0.179671
1500.000000 407.324005 193.311661 13.377686 30.318848 0.089808
1500.000000 564.272278 157.516724 13.356323 28.229156 0.086806
1500.000000 543.050476 155.386475 35.746704 80.362091 0.069303
1530.000000 134.598419 197.686050 12.983795 32.869354 0.262608
1530.000000 568.685242 139.007523 19.312256 47.477997 0.111336
1530.000000 130.248444 196.662445 13.890869 30.483459 0.081368
1530.000000 181.258545 194.129364 13.305817 33.634460 0.079030
1530.000000 130.707718 196.055054 20.734955 45.913391 0.076188
1530.000000 598.026062 140.532013 25.786621 60.985718 0.063287
1530.000000 144.502975 193.906250 13.450348 32.342560 0.061445
1530.000000 600.613831 142.555084 17.885254 41.355225 0.050286
1560.000000 442.169922 179.084351 14.232422 32.910645 0.597143
1560.000000 439.337006 183.920685 18.883728 43.570831 0.533828
1560.000000 107.877991 192.945923 17.239075 39.959808 0.339287
1560.000000 51.720654 196.501923 13.855946 33.862671 0.273590
1560.000000 44.676918 193.745209 13.457336 32.243896 0.265534
1560.000000 584.879333 141.865234 17.821777 42.467377 0.254436
1560.000000 595.609009 135.206146 35.595459 99.475098 0.248056
1560.000000 556.009460 177.261307 12.284302 31.293701 0.234411
1560.000000 104.528831 194.583618 14.393829 32.815094 0.216656
1560.000000 75.600883 188.424118 13.202423 31.154999 0.169562
1560.000000 43.118893 195.114365 19.531174 46.227692 0.121308
1560.000000 48.236935 194.279083 24.598026 54.308777 0.117131
1560.000000 160.187164 190.479095 11.465942 30.230835 0.115279
1560.000000 37.227200 196.541931 13.125458 31.961761 0.109836
1560.000000 73.341866 191.273575 17.050934 42.832367 0.098526
1560.000000 611.025146 135.388123 28.974854 102.483765 0.078636
1560.000000 574.030823 172.836563 10.284302 26.075928 0.072328
1560.000000 165.611282 190.351135 11.933502 31.301880 0.066549
1560.000000 102.137573 190.804688 25.927155 55.672729 0.061483
1560.000000 215.833328 158.995285 12.965027 30.317902 0.052518
1590.000000 449.942902 177.023315 13.764221 33.791870 0.483718
1590.000000 605.226257 165.891479 14.413940 32.731995 0.353141
1590.000000 209.808395 183.830643 10.621460 27.399597 0.255400
1590.000000 601.543579 166.553986 12.664795 30.964172 0.153674
1590.000000 549.328552 194.738831 13.641357 34.073395 0.110268
1590.000000 542.311768 194.509308 11.885498 28.718445 0.080989
1590.000000 79.683434 187.863983 14.190613 35.284851 0.070278
1590.000000 173.691406 147.774490 22.344818 60.295837 0.064487
1590.000000 176.062408 150.336624 15.494049 32.992859 0.056551
1590.000000 545.991577 193.755035 19.026123 49.336243 0.053329
1620.000000 469.510315 167.737900 16.280029 43.518707 0.808646
1620.000000 606.191711 168.257843 13.375122 32.256165 0.109007
1620.000000 613.239929 164.046066 15.070801 34.134247 0.088679
1620.000000 530.133301 13.569897 19.339111 46.250206 0.086256
1620.000000 39.445499 37.626583 13.966820 31.887974 0.072526
1620.000000 418.561768 176.001068 10.102051 25.371429 0.071917
1620.000000 60.749195 35.593800 21.254787 48.287853 0.069445
1620.000000 413.646362 176.697708 10.847839 26.672577 0.052923
1650.000000 479.256470 158.333511 22.258362 56.290466 0.894959
1650.000000 475.361481 126.888527 31.845947 88.516197 0.771836
1650.000000 606.648315 94.025627 24.967529 60.818428 0.496206
1650.000000 141.040878 173.354156 12.607391 31.653717 0.263278
1650.000000 611.441650 94.619308 17.985107 41.874374 0.221263
1650.000000 570.236389 60.035679 16.091431 40.110531 0.165426
1650.000000 20.738430 129.902100 14.913712 32.878876 0.129713
1650.000000 589.214478 112.670067 17.686279 38.423103 0.116184
1650.000000 624.699341 65.886261 15.229736 56.967026 0.113184
1650.000000 134.494019 140.964813 23.212524 63.145752 0.085471
1650.000000 86.618080 125.454796 17.639603 40.686073 0.071712
1650.000000 598.231628 57.421768 14.795044 35.358856 0.064702
1650.000000 586.518372 114.696159 13.416870 29.178993 0.058220
1650.000000 609.049377 96.077507 13.859009 33.650459 0.056683
1650.000000 569.082886 67.590446 12.062622 29.947037 0.056456
1650.000000 586.927734 110.635506 25.482910 54.762306 0.055879
1650.000000 383.964661 157.605835 14.030701 31.586945 0.053672
1650.000000 548.040710 108.405678 16.113281 37.586815 0.052672
1680.000000 457.260895 162.041687 15.151489 35.002930 0.786365
1680.000000 462.346497 153.232086 23.855042 63.286438 0.664889
1680.000000 467.238861 159.058090 16.049011 38.476532 0.641545
1680.000000 118.281281 172.499557 12.921494 32.962250 0.554070
1680.000000 478.326416 157.412109 14.868225 36.976105 0.414419
1680.000000 132.877487 164.836639 14.158966 35.659454 0.198247
1680.000000 102.858498 132.426086 12.428543 30.894012 0.158044
1680.000000 467.749023 188.773743 12.722717 28.683838 0.151849
1680.000000 109.540543 127.644272 12.711365 31.290344 0.099532
1680.000000 448.709900 160.258881 16.981506 40.665710 0.084417
1680.000000 96.051704 133.162354 13.100098 30.731384 0.084410
1680.000000 134.809906 137.387558 15.307404 34.669922 0.074104
1680.000000 626.530823 36.322193 13.435547 47.083202 0.063803
1680.000000 483.697327 154.504349 13.477722 37.792633 0.057948
1680.000000 141.718536 130.556412 13.209595 31.841553 0.051571
1710.000000 477.936249 166.353546 13.941040 33.997375 0.825428
1710.000000 96.812454 174.786743 17.952652 43.337372 0.695483
1710.000000 421.935333 154.815292 32.104004 82.394684 0.535367
1710.000000 118.943512 174.589188 15.566910 36.977936 0.464511
1710.000000 498.473206 155.739227 18.294495 44.229248 0.366680
1710.000000 425.430084 158.068436 20.373291 46.620697 0.130407
1710.000000 352.278687 172.563812 12.703125 32.489624 0.125379
1710.000000 386.083984 166.153534 11.582947 27.464691 0.117908
1710.000000 174.875427 180.142166 12.821747 32.672180 0.109502
1710.000000 492.991791 164.383347 12.341614 34.291260 0.067263
1710.000000 6.895983 126.926102 15.976978 36.920746 0.066787
1710.000000 428.566589 159.808807 13.998962 30.554108 0.065225
1710.000000 388.271423 167.694641 18.534485 46.820129 0.055957
1710.000000 99.108742 173.191895 12.681503 31.365875 0.055224
1710.000000 34.042782 101.359573 46.083057 130.820282 0.054706
1710.000000 0.507130 113.152641 21.913170 91.156136 0.054344
1710.000000 397.347473 167.327408 18.685425 45.485321 0.052874
1740.000000 355.918060 156.906433 33.160217 86.102753 0.987273
1740.000000 71.660484 178.288925 19.087189 45.289948 0.867560
1740.000000 101.096115 174.917023 19.000305 45.824188 0.721779
1740.000000 487.809479 169.179901 14.939514 34.558594 0.676642
1740.000000 503.767670 157.680267 17.534454 43.638580 0.528216
1740.000000 392.523773 167.346008 19.718811 47.394714 0.419483
1740.000000 65.961617 185.950089 15.944901 39.378113 0.274336
1740.000000 496.858246 167.224625 13.918091 34.603149 0.264074
1740.000000 395.625641 167.285568 13.568848 31.129974 0.199225
1740.000000 69.745743 178.593658 14.894012 34.119568 0.194270
1740.000000 139.141434 175.922226 17.418701 41.388367 0.170957
1740.000000 90.434845 135.753372 11.235641 27.865875 0.146989
1740.000000 199.996063 182.070236 11.972260 30.318268 0.134394
1740.000000 178.339371 176.660980 12.965454 32.114288 0.124356
1740.000000 509.310699 154.625305 19.032562 49.041107 0.120539
1740.000000 590.223938 128.809814 14.943115 36.646118 0.104026
1740.000000 210.950394 181.002197 12.594055 31.296753 0.097363
1740.000000 143.056717 171.021774 12.723663 31.190216 0.091780
1740.000000 126.362480 181.008911 14.627113 35.791504 0.089102
1740.000000 227.486694 175.727768 11.349884 29.977112 0.084236
1740.000000 222.780106 181.462463 11.119324 27.082947 0.063895
1740.000000 216.328461 182.682861 11.755219 27.719788 0.058551
1740.000000 188.366974 178.792648 14.303528 33.643677 0.054009
1740.000000 404.829803 159.630264 10.523987 31.034363 0.052297
1770.000000 286.070587 160.730133 33.584106 90.484375 0.977156
1770.000000 495.411041 172.535980 14.333984 35.616089 0.794347
1770.000000 80.847397 182.146576 17.791428 43.731812 0.668986
1770.000000 87.160461 136.636917 13.512177 31.021271 0.543067
1770.000000 505.981750 164.644241 17.226562 44.403900 0.450212
1770.000000 119.093002 181.835434 14.372375 39.029053 0.272761
1770.000000 136.226242 137.160919 14.079071 34.549072 0.235590
1770.000000 83.355667 181.782562 12.400269 29.956787 0.232415
1770.000000 184.101608 180.630280 12.687286 31.013977 0.200417
1770.000000 79.751656 140.201462 10.325592 24.473816 0.115563
1770.000000 503.037170 169.011581 12.320129 33.727783 0.107290
1770.000000 426.127991 158.166565 13.302551 28.896729 0.105219
1770.000000 412.237701 157.766968 14.276062 34.959839 0.098281
1770.000000 192.635880 185.195007 13.719482 31.988617 0.081915
1770.000000 175.544098 177.425354 11.670074 27.940979 0.081785
1770.000000 292.335724 163.597717 20.365845 52.462616 0.073638
1770.000000 52.454567 190.196213 14.591194 35.648956 0.071163
1770.000000 126.728546 174.989120 13.994232 31.306183 0.067650
1770.000000 59.542610 187.321991 15.481384 40.324921 0.065436
1770.000000 423.062531 156.845764 18.907104 43.989258 0.063961
1770.000000 594.674622 137.413116 14.964966 35.535004 0.060201
1770.000000 119.278465 174.555008 22.822624 57.051666 0.057844
1800.000000 201.720566 167.724869 37.815308 94.397385 0.982733
1800.000000 497.203247 178.840881 16.027161 39.621674 0.944914
1800.000000 0.000000 185.127075 14.423339 52.566132 0.519484
1800.000000 505.962250 167.957199 18.325836 45.198517 0.462370
1800.000000 107.200867 187.458832 15.371445 36.923828 0.406548
1800.000000 42.325661 185.396622 19.325096 45.264008 0.401634
1800.000000 83.967590 136.264069 17.144882 38.942657 0.349099
1800.000000 68.006943 146.934006 13.683777 34.105652 0.323574
1800.000000 418.588867 145.181717 14.220032 34.302917 0.233130
1800.000000 79.723114 133.864960 25.691254 58.064667 0.202080
1800.000000 181.429489 189.912399 14.278748 35.253845 0.200925
1800.000000 503.558075 173.112183 14.341583 37.933197 0.135641
1800.000000 425.599457 142.811325 16.279785 41.022980 0.115950
1800.000000 419.166870 138.740860 24.296021 57.796814 0.104814
1800.000000 49.790043 185.447144 16.109097 41.196625 0.104770
1800.000000 453.594330 165.197083 13.500000 34.570587 0.104101
1800.000000 427.932953 139.337067 12.682434 28.631805 0.103797
1800.000000 65.763519 145.677612 20.205032 49.116516 0.092118
1800.000000 188.597260 190.011322 13.450592 32.606689 0.086629
1800.000000 236.832764 180.188232 12.618622 31.256836 0.085009
1800.000000 38.717644 186.287659 17.627121 35.422302 0.076886
1800.000000 254.442581 177.303070 13.028427 31.010712 0.065042
1800.000000 66.448715 145.705414 10.765640 25.199219 0.051170
1830.000000 64.726120 192.928162 19.120255 45.534943 0.959163
1830.000000 496.482910 182.301636 17.641541 44.311920 0.925586
1830.000000 92.314842 172.300949 38.757042 108.024368 0.875830
1830.000000 104.881279 183.432861 20.689056 49.326569 0.378915
1830.000000 540.192017 132.257401 17.071777 38.336670 0.351151
1830.000000 621.213135 22.750891 11.917969 28.568659 0.343381
1830.000000 173.275070 195.499161 14.717041 35.969269 0.300816
1830.000000 507.043488 172.218094 19.233185 48.893890 0.295953
1830.000000 141.542297 196.801315 12.307861 32.448853 0.229170
1830.000000 384.285980 192.212311 14.567932 36.581604 0.218693
1830.000000 349.245880 187.608673 10.638916 26.862335 0.179841
1830.000000 355.528229 184.216202 11.417969 30.824219 0.161485
1830.000000 58.459106 206.383972 14.058273 32.397980 0.124296
1830.000000 532.518555 135.947845 27.194702 69.204163 0.115965
1830.000000 166.744537 196.162079 14.065582 34.595184 0.096358
1830.000000 222.009766 192.705490 9.671967 24.366241 0.089828
1830.000000 388.080292 191.683655 16.797974 41.940918 0.087628
1830.000000 506.417725 176.374374 12.938599 33.908356 0.082188
1830.000000 200.655350 197.535980 11.939240 29.179413 0.082010
1830.000000 216.938126 191.815109 12.178101 29.647430 0.076703
1830.000000 419.226074 149.014160 19.402954 45.855835 0.071736
1830.000000 624.620239 23.006886 14.109863 35.265022 0.057910
1830.000000 611.129578 28.532925 10.223999 22.677902 0.053888
