30.000000 214.046127 106.173454 13.222443 32.678734 0.627538
30.000000 191.368927 118.161591 14.672729 32.251831 0.345714
30.000000 125.676300 102.186417 17.172180 42.385818 0.240331
30.000000 332.783661 103.846519 13.183167 31.464302 0.200559
30.000000 415.267059 74.383339 13.633362 32.927460 0.190516
30.000000 140.347610 108.722290 17.604156 41.602112 0.169313
30.000000 209.616364 105.797493 18.952698 47.526878 0.163389
30.000000 434.370117 81.715904 12.378723 29.665161 0.162937
30.000000 93.660454 167.188705 27.727005 67.798889 0.150931
30.000000 28.743134 74.340218 10.863281 25.879822 0.105030
30.000000 427.277496 86.402863 11.939636 29.038269 0.098746
30.000000 375.361542 115.156731 11.861755 27.840614 0.097316
30.000000 419.269562 104.124840 14.088196 32.851189 0.095254
30.000000 105.479073 97.401024 18.635391 44.443886 0.095247
30.000000 421.112701 84.133003 13.370117 32.997879 0.091197
30.000000 114.318054 106.298500 16.004654 38.007790 0.075526
30.000000 412.288940 88.140793 12.945190 31.364288 0.074341
30.000000 436.149231 127.028000 11.483948 26.670166 0.072556
30.000000 490.619537 183.834686 21.768768 52.606628 0.064229
30.000000 277.381866 113.813339 14.909424 33.854034 0.055245
30.000000 392.773376 117.849396 15.497803 36.251740 0.054573
60.000000 213.167160 106.657822 13.248505 32.176376 0.487006
60.000000 495.574402 175.790741 23.106201 56.044434 0.352457
60.000000 77.172249 97.898422 14.337051 33.105026 0.286406
60.000000 125.722916 101.759872 17.041046 38.801682 0.274628
60.000000 418.170013 104.531952 14.883057 32.609467 0.251186
60.000000 47.199066 91.429695 11.713623 28.838547 0.248389
60.000000 606.714294 127.381844 18.462402 40.408455 0.242629
60.000000 28.217861 72.786240 11.572777 28.272751 0.231007
60.000000 396.111206 78.838043 23.818787 58.745789 0.168544
60.000000 110.505409 100.370239 17.449768 42.164780 0.167915
60.000000 191.805664 116.990601 12.325989 28.795074 0.161862
60.000000 432.519562 84.660141 13.623352 31.823578 0.155638
60.000000 10.053745 65.421600 14.197681 33.043167 0.152817
60.000000 428.278412 89.167618 11.465576 26.969833 0.147990
60.000000 143.227661 107.604317 15.709137 35.868675 0.134401
60.000000 405.985809 85.193695 16.056458 35.504379 0.134320
60.000000 317.030823 94.962036 24.980347 60.955170 0.130668
60.000000 420.217255 80.691902 13.098572 31.094971 0.129929
60.000000 441.278503 93.828346 13.542419 31.579681 0.123090
60.000000 207.826569 105.898743 21.022644 55.390961 0.121190
60.000000 42.888550 92.535217 18.413651 43.812637 0.118983
60.000000 414.400909 73.834824 13.109558 31.562881 0.118485
60.000000 284.041229 82.018097 16.697205 37.171356 0.117235
60.000000 124.175621 113.753441 15.530418 34.285774 0.108562
60.000000 399.004181 83.061104 17.293274 39.256348 0.106992
60.000000 51.118061 98.126480 14.202450 33.446213 0.085884
60.000000 151.597015 119.031555 14.768921 35.849548 0.082985
60.000000 424.751282 87.519852 22.604919 53.114090 0.079783
60.000000 442.921051 134.187836 11.981079 25.828125 0.071356
60.000000 107.998177 176.078690 15.238983 36.402893 0.068038
60.000000 348.560120 108.548767 12.513428 30.258499 0.062773
60.000000 335.078827 72.117180 17.931458 41.940079 0.056520
60.000000 410.912262 73.551834 24.500000 62.804993 0.056094
60.000000 476.672211 169.255753 27.529114 68.452789 0.055462
60.000000 412.743805 108.450615 13.169800 28.544075 0.054203
60.000000 106.389633 97.541161 16.313232 39.199776 0.053577
90.000000 213.674805 108.569244 11.918762 29.405197 0.527411
90.000000 285.390198 84.236259 15.497986 34.416534 0.445589
90.000000 337.592957 75.016159 13.731812 30.118195 0.395639
90.000000 413.739716 74.309853 14.902222 33.700272 0.314044
90.000000 582.262268 152.093231 12.345947 29.722443 0.284813
90.000000 282.279327 90.072334 14.417908 30.403992 0.243831
90.000000 126.960930 110.566780 13.936623 36.493080 0.232908
90.000000 293.527710 90.293076 13.455750 28.428467 0.221422
90.000000 111.706963 108.301666 16.003937 37.756866 0.205162
90.000000 307.946472 92.958015 14.486328 31.710297 0.196816
90.000000 397.883911 80.932007 24.049500 60.679108 0.192951
90.000000 403.068604 83.296097 17.778625 40.412384 0.186801
90.000000 385.870697 93.866402 14.965881 35.318810 0.162506
90.000000 281.488281 85.067520 21.527100 50.316132 0.152431
90.000000 29.027760 76.848503 11.732590 27.934280 0.124935
90.000000 89.273346 102.261322 12.979126 32.011688 0.122378
90.000000 330.273224 89.130493 13.094788 32.098145 0.108146
90.000000 127.416862 118.889992 16.209862 39.099297 0.100453
90.000000 419.033112 99.213142 15.710571 37.958427 0.100111
90.000000 266.819366 102.430054 16.500549 39.863937 0.091086
90.000000 150.847443 120.856461 14.387817 33.055115 0.087676
90.000000 432.952850 84.335442 14.456360 33.804932 0.080427
90.000000 586.590332 153.570068 12.365479 27.461029 0.075817
90.000000 191.430725 119.549835 13.429230 32.965302 0.067634
90.000000 409.443237 87.175476 15.451599 33.273575 0.066701
90.000000 46.157974 94.454521 12.793251 29.285858 0.065792
90.000000 109.271301 100.233208 14.665237 34.941719 0.065263
90.000000 338.399597 89.875198 13.998596 31.056168 0.063897
90.000000 101.045341 114.820107 14.067154 32.265511 0.063227
90.000000 335.050995 74.483009 19.036804 45.764633 0.060404
90.000000 208.188324 107.661263 19.103973 51.672844 0.058968
90.000000 420.575287 83.466873 14.656555 35.076385 0.057945
90.000000 135.118195 119.074265 13.542603 33.627411 0.057480
90.000000 598.733643 150.576477 13.605103 29.953644 0.051334
120.000000 581.794434 153.565536 12.873047 30.059265 0.468217
120.000000 282.925690 87.734344 19.181030 44.143936 0.377752
120.000000 336.679565 77.636963 14.908447 34.308777 0.349034
120.000000 592.255066 152.674652 12.175781 31.127838 0.284611
120.000000 214.000000 110.455498 11.474457 28.042427 0.191934
120.000000 602.033081 146.363586 12.347168 29.363861 0.144836
120.000000 374.219147 119.961372 12.740967 30.509453 0.116959
120.000000 576.859253 152.317139 12.832397 30.275604 0.112543
120.000000 414.213562 77.677689 13.940857 32.201157 0.107520
120.000000 292.268890 93.167725 17.454163 39.838379 0.097414
120.000000 192.371613 120.898376 13.259216 30.937866 0.094501
120.000000 263.854736 104.145683 17.966125 43.022911 0.091546
120.000000 271.363159 103.993225 12.645508 29.090942 0.071749
120.000000 152.276230 135.266449 18.386780 41.189789 0.071699
120.000000 586.548584 155.598145 12.694458 27.733459 0.064465
120.000000 403.262848 110.527924 12.436279 27.242081 0.063750
120.000000 281.539734 87.190460 27.576721 65.096558 0.058815
120.000000 338.504089 95.962372 14.313538 28.335861 0.054793
150.000000 213.370605 111.088623 12.101562 29.140732 0.452065
150.000000 283.230347 87.642143 19.317505 42.894844 0.364217
150.000000 338.062866 77.898247 12.662048 30.944962 0.218170
150.000000 125.215004 108.166946 16.749886 39.026001 0.211648
150.000000 415.753967 77.784187 14.214294 33.542130 0.170081
150.000000 96.841286 213.477386 14.560989 33.291168 0.149923
150.000000 410.197845 88.855217 15.508850 34.591965 0.131017
150.000000 192.698120 121.577179 13.428864 30.744965 0.126990
150.000000 280.254669 86.648895 27.473877 68.790009 0.096372
150.000000 121.660126 211.968124 9.754669 20.805664 0.078485
150.000000 290.722565 92.795189 18.136780 42.091408 0.070024
150.000000 263.013123 106.907066 16.892395 42.181374 0.065998
150.000000 208.261337 109.834541 19.267059 52.362389 0.062989
150.000000 341.922791 96.283142 13.427429 28.246689 0.055858
180.000000 213.196991 112.670227 11.976349 29.713303 0.460499
180.000000 283.521637 89.458633 18.045471 41.558960 0.426409
180.000000 113.840469 113.853561 17.913727 35.800354 0.419234
180.000000 125.191139 110.155998 16.586479 41.702797 0.362589
180.000000 124.532486 124.843071 18.536163 41.140999 0.295700
180.000000 294.263214 94.286110 13.556885 30.380524 0.221670
180.000000 209.786697 111.561859 18.124115 46.472229 0.176496
180.000000 338.628510 95.752945 14.813293 31.337433 0.173790
180.000000 265.644257 105.464645 18.412903 43.736954 0.163025
180.000000 281.428680 88.206894 25.148804 64.912384 0.132602
180.000000 107.090767 116.639732 14.933380 33.102821 0.124559
180.000000 138.188782 112.630707 19.742126 44.095520 0.106520
180.000000 414.743164 78.350937 15.399048 34.901840 0.086664
180.000000 141.174942 196.454544 14.153748 32.922577 0.080358
180.000000 329.945587 95.854141 13.497742 31.058746 0.079668
180.000000 107.623367 112.493111 21.222092 51.150810 0.079603
180.000000 411.204407 89.850601 14.623291 33.636612 0.075860
180.000000 290.422943 93.342041 19.246399 45.708130 0.069213
180.000000 372.822998 121.509407 14.718018 35.433098 0.066001
180.000000 582.448853 155.343628 12.395996 29.492340 0.062443
180.000000 150.233978 126.722359 15.688416 36.635307 0.056222
180.000000 336.703156 79.197105 15.110718 35.081161 0.055465
180.000000 192.129257 122.343529 13.625061 30.181206 0.054633
180.000000 102.520943 207.054901 13.282028 33.119110 0.051050
210.000000 213.434586 113.544411 12.350403 29.819176 0.433305
210.000000 284.523865 90.119438 15.233521 34.565491 0.386793
210.000000 295.370819 95.882355 11.697449 28.194672 0.274674
210.000000 372.937897 122.253952 14.497253 33.660919 0.269922
210.000000 584.407104 155.940353 11.760620 29.054565 0.268747
210.000000 607.299072 132.887405 17.947510 42.517517 0.237545
210.000000 340.224426 97.258499 14.473083 32.564438 0.204910
210.000000 209.752441 112.998566 18.686615 46.094910 0.159853
210.000000 288.645905 93.017830 15.883667 34.710129 0.141613
210.000000 144.792282 116.612488 15.437134 34.928986 0.121048
210.000000 330.873169 102.465096 14.902283 34.912590 0.116448
210.000000 281.621216 90.083305 22.066711 48.954201 0.103705
210.000000 316.710022 101.843971 27.460999 62.101555 0.101528
210.000000 290.799133 96.407707 17.983398 42.471107 0.095726
210.000000 124.738831 109.122261 16.101807 40.664345 0.081727
210.000000 337.388550 81.306503 13.689575 27.751175 0.075979
210.000000 414.214935 81.456589 13.581543 30.942474 0.073090
210.000000 281.071045 96.124062 13.362793 31.462372 0.072023
210.000000 587.813171 154.668686 12.989624 30.247955 0.067933
210.000000 410.457733 91.339325 15.248901 33.985977 0.059627
210.000000 325.332855 103.516464 15.547729 34.192078 0.050815
240.000000 213.414001 113.478485 12.436707 30.003906 0.337639
240.000000 373.018036 122.182228 14.177979 33.012444 0.247185
240.000000 124.882271 109.093941 17.516487 40.041130 0.236728
240.000000 285.307007 90.254883 14.737244 33.829025 0.195807
240.000000 426.453033 112.832512 15.291321 34.984352 0.178672
240.000000 340.649811 97.522491 14.082336 31.668182 0.153934
240.000000 294.086090 96.041336 13.198181 29.536667 0.139407
240.000000 60.986141 174.636078 17.391773 41.574249 0.110369
240.000000 583.294250 157.254990 12.028442 28.117126 0.083668
240.000000 107.381676 112.223862 18.413956 43.908844 0.081805
240.000000 332.313629 103.400803 13.881226 33.741211 0.081584
240.000000 334.822479 81.459908 15.788940 33.735153 0.079236
240.000000 413.223938 81.255646 16.003357 36.268433 0.076135
240.000000 281.409332 95.048180 14.411316 30.224731 0.057929
240.000000 281.737518 89.831642 21.334961 50.371483 0.056823
240.000000 292.475311 96.952644 18.657837 47.316170 0.055030
240.000000 210.468918 112.828979 18.840057 47.037964 0.052253
270.000000 213.292419 113.484177 12.398834 30.076782 0.439633
270.000000 111.980103 111.129593 14.738464 36.042419 0.389535
270.000000 582.791443 157.666565 12.461060 27.862549 0.375462
270.000000 126.446175 119.057510 14.299065 34.016846 0.364024
270.000000 280.917572 89.780716 24.098938 58.049454 0.328766
270.000000 283.996063 90.716919 16.311462 37.007690 0.231197
270.000000 479.259918 177.809265 23.390625 56.152679 0.216518
270.000000 108.783974 109.210098 21.017357 51.234802 0.214360
270.000000 121.789398 108.799187 20.696655 52.771111 0.189869
270.000000 210.287476 112.411339 17.745880 45.389107 0.180537
270.000000 372.629639 122.055832 14.068604 32.829010 0.169972
270.000000 126.053719 125.558990 18.438820 41.995667 0.149386
270.000000 295.267609 95.558777 12.376526 29.301163 0.143215
270.000000 411.185608 90.502090 13.098877 28.571014 0.137369
270.000000 268.482025 106.131317 15.426636 30.605286 0.126883
270.000000 340.564423 98.390282 14.080994 31.741737 0.116738
270.000000 337.067780 81.218620 13.627625 29.245392 0.103259
270.000000 415.126495 81.836693 13.476379 30.665680 0.100249
270.000000 317.054535 102.276047 25.755371 58.295319 0.095282
270.000000 601.455872 147.341141 16.051514 37.261810 0.090565
270.000000 290.109894 92.427963 15.606628 35.638107 0.085941
270.000000 619.788147 183.871597 12.538818 30.834625 0.084259
270.000000 335.977173 101.227676 15.331848 36.109024 0.084205
270.000000 137.980850 113.805641 20.297546 44.258369 0.079886
270.000000 264.498505 106.032089 20.558044 50.027863 0.067642
270.000000 330.997192 101.221893 13.909485 30.754471 0.060400
270.000000 301.986145 98.845543 22.126831 53.985054 0.053998
270.000000 153.041367 136.640320 16.767731 37.921234 0.052647
270.000000 419.862701 89.639801 14.929321 34.797668 0.050271
300.000000 212.501236 113.608040 14.396698 33.433556 0.641195
300.000000 124.115616 110.782440 16.626526 41.174316 0.488182
300.000000 111.771118 114.170883 15.169296 37.065247 0.365609
300.000000 284.869690 90.081352 15.255859 34.365112 0.307817
300.000000 582.687683 158.611801 11.324341 26.727295 0.273213
300.000000 480.666687 192.159363 16.822021 39.104614 0.237448
300.000000 208.392776 112.763359 19.779449 51.104836 0.175321
300.000000 150.429321 127.703354 14.847839 36.199341 0.164239
300.000000 133.777176 123.909943 14.791656 34.653900 0.164202
300.000000 294.941956 94.980034 12.570557 28.819839 0.152571
300.000000 290.542694 96.162796 19.671570 47.517532 0.136978
300.000000 281.032532 89.937294 21.762695 51.868858 0.112777
300.000000 507.297455 183.476074 16.089264 38.142151 0.106790
300.000000 478.404327 179.079712 22.560852 61.370178 0.106422
300.000000 407.596710 92.449829 16.157288 33.988724 0.099753
300.000000 114.909622 112.539612 18.533859 45.101318 0.098293
300.000000 90.937149 107.998062 13.433594 32.461761 0.094203
300.000000 106.184204 109.177704 22.084579 52.409241 0.086760
300.000000 373.259888 121.930199 12.082947 27.759956 0.076001
300.000000 336.486725 81.349693 14.566406 29.586441 0.075698
300.000000 330.746552 98.941177 13.548096 29.656677 0.071284
300.000000 342.298737 100.200272 13.169434 27.667679 0.069298
300.000000 138.228165 113.348831 19.246460 43.858063 0.062546
300.000000 127.053429 125.349747 16.746223 37.774048 0.054782
300.000000 337.619049 99.336655 13.986938 26.341003 0.052633
300.000000 587.070740 159.057648 11.258789 25.904755 0.051772
300.000000 413.529633 80.889503 14.550781 32.071793 0.050441
300.000000 28.128849 80.444740 11.501778 28.378128 0.050290
330.000000 212.823746 113.536095 12.677155 30.758095 0.329595
330.000000 285.552246 90.161957 15.288574 34.214111 0.306438
330.000000 583.857605 158.797943 11.273193 26.812622 0.253618
330.000000 209.589081 112.989563 18.615784 46.684906 0.168057
330.000000 581.358643 162.165176 8.874146 23.395508 0.135298
330.000000 295.213379 95.502625 12.121216 28.389328 0.125497
330.000000 281.174988 90.217049 23.254089 54.332817 0.124087
330.000000 336.568176 81.363075 17.674988 43.909164 0.107013
330.000000 372.464264 122.412834 13.481567 31.143394 0.103640
330.000000 281.823853 96.766342 13.284302 28.003159 0.094065
330.000000 114.116943 111.903534 13.720459 33.151154 0.082754
330.000000 340.969086 98.345970 13.434204 30.083199 0.081793
330.000000 592.705017 155.336365 11.465576 29.675781 0.077642
330.000000 414.034088 81.048264 14.534180 32.269150 0.069583
330.000000 289.347260 94.331230 18.678833 43.877480 0.055226
330.000000 268.394684 106.024689 14.875916 31.015717 0.053260
360.000000 213.514587 113.411163 12.476044 30.352051 0.363431
360.000000 283.201355 93.364883 14.037720 34.064896 0.315552
360.000000 339.227905 96.217453 14.411072 31.871231 0.190388
360.000000 112.323524 113.628204 15.089111 36.672791 0.189437
360.000000 281.110382 90.332405 22.663696 51.649315 0.182845
360.000000 294.873322 95.709587 13.188477 28.261368 0.147127
360.000000 317.234436 101.737747 26.836975 60.678436 0.136683
360.000000 507.520081 182.021790 15.233765 36.579620 0.134618
360.000000 371.976532 122.541161 14.629883 33.495918 0.131891
360.000000 599.922974 149.938187 12.572754 27.018677 0.122373
360.000000 209.757599 112.119530 18.489258 47.638115 0.120479
360.000000 583.184326 157.641464 11.633057 27.471649 0.117237
360.000000 329.243164 103.143700 15.431885 35.080376 0.114715
360.000000 291.263763 96.779190 18.979553 45.301956 0.092900
360.000000 287.897858 92.356964 17.310791 37.334122 0.090878
360.000000 441.503540 199.309402 15.188965 33.593964 0.088887
360.000000 503.780762 180.919403 25.169800 65.075165 0.086507
360.000000 269.142426 105.774551 14.060364 31.470291 0.084910
360.000000 124.669167 108.965714 16.856133 40.752533 0.082865
360.000000 335.434296 100.716492 16.428101 36.823593 0.070279
360.000000 334.691559 81.469284 16.135437 33.436813 0.059725
360.000000 126.832611 126.369850 13.826508 30.130547 0.059361
360.000000 592.585754 154.050766 11.200928 29.157288 0.057601
360.000000 417.772034 103.911873 14.067017 33.981300 0.050405
360.000000 263.734802 105.543495 21.283752 49.927467 0.050216
390.000000 213.365845 113.728111 12.399414 30.422691 0.394234
390.000000 281.598846 90.468781 20.799927 48.204437 0.268695
390.000000 338.144135 98.313217 14.467529 30.682114 0.237392
390.000000 285.105103 90.135712 15.091919 33.450211 0.225723
390.000000 591.063477 152.291626 13.623901 33.250793 0.218093
390.000000 317.314301 101.574921 26.968445 61.467010 0.177050
390.000000 294.909241 95.233284 12.632568 28.595047 0.168636
390.000000 583.885315 158.233139 10.898438 26.572327 0.164672
390.000000 409.444885 92.124672 15.308777 33.906937 0.144783
390.000000 281.413666 94.549103 14.910034 31.933273 0.138304
390.000000 372.649414 121.956520 14.752930 33.772865 0.136142
390.000000 265.870819 106.070747 18.171997 38.971992 0.133447
390.000000 597.683960 155.302048 15.701172 36.111237 0.128259
390.000000 587.182373 155.884613 12.048706 29.035309 0.127120
390.000000 333.198639 99.090370 14.825806 32.004295 0.119811
390.000000 209.600052 112.429802 18.830994 47.890053 0.113972
390.000000 342.638794 99.960388 14.683411 30.606552 0.113599
390.000000 335.173035 96.018135 20.297363 45.419884 0.090509
390.000000 327.977936 102.384438 16.379944 35.563484 0.079944
390.000000 109.230515 109.863510 16.808777 42.235138 0.079221
390.000000 413.442017 81.416420 15.443054 35.540405 0.077542
390.000000 418.081726 103.472748 15.139282 35.528214 0.077189
390.000000 289.046112 94.713089 20.932190 51.700317 0.074748
390.000000 337.056793 81.170113 15.182617 33.445328 0.068673
390.000000 574.274109 158.876785 11.225952 27.095306 0.065762
390.000000 124.898979 108.976288 16.813286 39.143005 0.061951
390.000000 279.858795 89.614502 28.795349 73.839157 0.055243
420.000000 213.532104 113.122551 12.362915 30.185677 0.539199
420.000000 584.082214 156.628876 12.397949 27.924347 0.360799
420.000000 124.289589 109.519829 16.787895 42.357552 0.237784
420.000000 210.319717 111.440506 17.866058 47.164124 0.219445
420.000000 284.862305 90.484177 20.025024 44.505112 0.209532
420.000000 339.480865 97.895889 15.495483 35.168839 0.164379
420.000000 372.791595 122.029442 15.261536 35.003151 0.133837
420.000000 112.539764 109.414856 14.250092 35.190750 0.132737
420.000000 551.684753 60.149109 20.827393 45.112045 0.114050
420.000000 281.549713 89.372627 26.930481 66.294853 0.110303
420.000000 317.856750 101.741898 26.732056 61.619110 0.110073
420.000000 294.300018 95.756027 13.731323 31.257431 0.091263
420.000000 592.879639 153.793793 12.214966 30.661163 0.083817
420.000000 575.797607 155.684357 11.795776 29.106506 0.072325
420.000000 116.319420 117.195068 14.777946 33.637909 0.067725
420.000000 137.338226 114.134438 19.469604 43.676613 0.065044
420.000000 601.771973 127.109779 19.534546 49.575005 0.063638
420.000000 27.523006 81.550636 11.626450 28.462631 0.063365
420.000000 323.990936 103.350769 18.276306 41.692383 0.063201
420.000000 281.461426 92.028656 16.513062 36.169098 0.062257
420.000000 104.876808 105.139679 20.703415 50.701447 0.058064
420.000000 290.513824 95.455505 19.264099 47.537567 0.053141
420.000000 334.605865 81.223969 16.822937 35.402557 0.053014
450.000000 284.987335 90.260315 15.425903 34.006790 0.409388
450.000000 213.390656 113.500565 12.492462 29.953308 0.394733
450.000000 433.118530 88.750099 14.006531 31.298096 0.215904
450.000000 337.273712 81.086426 13.968018 28.714478 0.170122
450.000000 398.184875 85.815292 21.435120 57.520935 0.159066
450.000000 340.146729 97.130508 13.160278 28.903687 0.158780
450.000000 401.535278 93.380157 15.463501 36.414963 0.158003
450.000000 295.558960 95.877167 11.642883 27.193314 0.147928
450.000000 209.672241 112.311874 18.561310 46.748749 0.140792
450.000000 373.289886 121.885071 13.525269 32.086060 0.137025
450.000000 281.874115 97.144234 13.073975 28.328033 0.133569
450.000000 414.754364 80.878662 13.827576 31.667114 0.118228
450.000000 435.815857 101.641891 17.130310 39.931335 0.112652
450.000000 283.170685 90.001099 22.571777 49.833069 0.109628
450.000000 125.335579 110.047150 16.485237 38.447388 0.108955
450.000000 290.378021 92.720154 14.252563 31.732941 0.106025
450.000000 411.876373 102.649811 15.735229 37.121857 0.096427
450.000000 331.100555 101.607849 12.870850 28.864716 0.090254
450.000000 27.853985 80.733826 11.197037 28.001312 0.084820
450.000000 269.251129 105.545792 13.496521 29.625214 0.081803
450.000000 333.855469 80.195335 20.121948 49.088799 0.061223
450.000000 291.004333 96.316498 17.549561 40.562271 0.058830
450.000000 326.338470 103.178497 14.526917 33.417831 0.053522
450.000000 263.840027 105.510086 20.280884 46.513916 0.051011
480.000000 412.924500 81.713684 15.579102 36.884766 0.326817
480.000000 583.525208 158.161591 12.185303 27.392456 0.285459
480.000000 286.275238 89.512161 14.256287 33.304642 0.276301
480.000000 295.411407 95.776337 11.913391 27.701828 0.210493
480.000000 339.720398 95.702286 13.346008 30.063004 0.192460
480.000000 213.635376 113.746696 11.899292 29.244942 0.173816
480.000000 373.967377 121.839828 12.717834 29.952850 0.167529
480.000000 281.929230 89.915970 21.629639 50.134430 0.104620
480.000000 281.871155 97.601822 12.715271 28.625336 0.104365
480.000000 124.409492 108.986610 16.819405 40.665764 0.103020
480.000000 335.491089 81.426918 14.752502 32.267807 0.101892
480.000000 426.460876 207.362976 16.374695 39.018158 0.093785
480.000000 290.377258 95.506279 17.816528 41.444862 0.069262
480.000000 592.644104 154.749802 11.928223 29.705780 0.066303
480.000000 150.866150 127.480896 14.244415 33.730743 0.060456
480.000000 432.680206 89.441574 13.760864 31.773605 0.050976
480.000000 192.168823 123.893417 12.834106 29.660889 0.050547
510.000000 124.862320 109.419250 16.164185 40.737305 0.432675
510.000000 213.221466 113.736252 12.458679 30.668030 0.374519
510.000000 412.582458 81.560867 15.234192 35.788208 0.355460
510.000000 283.073242 93.949974 14.143494 32.140640 0.308233
510.000000 582.727722 153.790848 12.842651 31.346497 0.273729
510.000000 431.403656 89.595970 15.250427 34.947418 0.247041
510.000000 30.638050 80.906754 11.790749 28.307831 0.243959
510.000000 437.352448 103.054665 16.046204 39.750664 0.240998
510.000000 106.928574 105.483315 17.782867 40.882866 0.216357
510.000000 338.820160 98.477570 13.993713 29.566422 0.200405
510.000000 373.025208 122.278320 14.037720 32.895752 0.169835
510.000000 283.699951 90.280952 20.539673 46.249138 0.161960
510.000000 295.591675 95.500771 12.182556 28.325119 0.127137
510.000000 604.721558 131.727081 18.760254 46.760681 0.111541
510.000000 288.847351 90.333603 13.376709 30.311966 0.091801
510.000000 265.878693 106.107300 17.962341 41.690536 0.087318
510.000000 336.345734 81.085403 14.352356 30.289673 0.083710
510.000000 27.744167 82.207108 15.975998 39.626541 0.082768
510.000000 148.755569 127.130997 17.108765 38.061859 0.082705
510.000000 344.098175 98.971016 13.632874 30.288414 0.079918
510.000000 309.277679 97.622360 12.791626 27.222687 0.074601
510.000000 208.562805 112.845833 19.855621 51.720039 0.071104
510.000000 333.420074 100.070862 13.036072 28.016907 0.068131
510.000000 329.468719 103.679268 14.332886 32.972282 0.060662
510.000000 290.953400 96.172905 18.052734 41.854698 0.059521
510.000000 317.087585 102.094780 25.734314 58.539284 0.056339
540.000000 213.309143 113.618149 12.194153 30.009338 0.549297
540.000000 583.343079 154.929749 12.456787 30.215759 0.325527
540.000000 125.303001 110.286728 16.497429 40.804718 0.312509
540.000000 31.211704 81.171799 13.694626 29.767502 0.264201
540.000000 209.894516 112.278229 18.112549 46.726654 0.259529
540.000000 286.413269 89.348808 14.070190 32.720566 0.248341
540.000000 282.210785 96.285393 13.468933 30.133179 0.245527
540.000000 413.033966 81.538048 15.571045 36.484863 0.211139
540.000000 107.257256 105.656700 17.446777 39.505287 0.197654
540.000000 373.703979 121.827560 13.653625 32.366333 0.177536
540.000000 294.491180 95.049423 12.550171 28.729294 0.173779
540.000000 437.099792 102.725266 14.834778 34.900909 0.173424
540.000000 115.854500 118.753601 14.631035 33.535950 0.157929
540.000000 338.816620 99.255753 13.286621 30.107208 0.157299
540.000000 149.221893 126.939812 15.402924 35.156441 0.131042
540.000000 191.048309 124.344208 13.183472 31.284729 0.101985
540.000000 602.362671 148.074310 13.984619 31.629150 0.100159
540.000000 332.261566 98.944214 12.699341 27.824539 0.099845
540.000000 337.122284 81.709984 13.757874 28.929855 0.099387
540.000000 281.050171 89.681076 20.997498 48.777405 0.080416
540.000000 587.825073 157.488602 11.572144 27.206940 0.078956
540.000000 412.009064 99.326706 12.631592 28.885574 0.077290
540.000000 126.793579 127.652832 18.893494 42.102417 0.076301
540.000000 102.324211 106.233040 17.359665 43.935020 0.064695
540.000000 431.865845 89.079697 14.935242 31.027618 0.059492
540.000000 207.047058 113.135696 24.519745 67.306152 0.056704
540.000000 100.052574 105.553513 26.147186 63.363159 0.054108
540.000000 267.663910 106.102570 15.643982 33.850357 0.053301
540.000000 90.158783 108.393852 14.685303 35.491982 0.051142
570.000000 213.137192 114.112785 12.716736 31.204338 0.571399
570.000000 124.877205 110.039421 17.047203 41.420982 0.400928
570.000000 134.327301 119.798317 15.353455 35.301964 0.357217
570.000000 106.105522 105.288315 18.444519 42.212341 0.270515
570.000000 284.140167 90.372574 19.296326 43.618484 0.265314
570.000000 339.875031 96.793724 15.082336 34.322243 0.229989
570.000000 209.890869 112.742836 18.329224 45.839348 0.218923
570.000000 401.248474 92.699455 15.983887 36.645912 0.157873
570.000000 373.657501 121.832253 12.925659 30.001549 0.156482
570.000000 431.393616 89.748894 15.666077 32.745865 0.154066
570.000000 413.651062 80.636063 14.622375 33.473160 0.150742
570.000000 318.073090 101.910812 26.003174 59.681763 0.149858
570.000000 586.351929 155.905136 11.030273 28.294281 0.146313
570.000000 407.334473 92.472359 15.759644 35.726021 0.137445
570.000000 282.402283 90.296112 26.525940 65.646439 0.135442
570.000000 294.981079 94.769073 12.809204 30.091110 0.131049
570.000000 336.523224 80.855293 15.121948 31.297974 0.122221
570.000000 590.059937 154.490799 11.157837 29.233185 0.114090
570.000000 324.639587 103.243561 16.042664 34.811874 0.095588
570.000000 437.267029 101.504883 15.499878 35.468796 0.091864
570.000000 583.611511 160.318924 10.795288 25.746033 0.088120
570.000000 268.119629 105.796265 15.898132 30.594620 0.086825
570.000000 32.456650 81.855003 12.692551 29.152054 0.084022
570.000000 421.440552 89.955231 12.211487 28.449921 0.083085
570.000000 151.870529 137.121811 21.058807 45.597076 0.082903
570.000000 142.214325 115.317719 16.780182 39.842560 0.079949
570.000000 397.649078 86.120438 22.289124 57.103378 0.075674
570.000000 291.814087 96.347809 19.689575 48.111755 0.066935
570.000000 599.421265 151.388153 12.333130 27.689545 0.065499
570.000000 588.006348 152.189026 18.380127 44.528656 0.057205
570.000000 370.434814 121.733139 17.399353 44.856018 0.052569
600.000000 213.412003 113.399170 12.293640 30.293732 0.382667
600.000000 283.731323 90.389084 16.298340 35.964264 0.272357
600.000000 210.071548 111.986893 18.204895 46.790527 0.135636
600.000000 372.444061 122.197906 15.233032 35.138184 0.131761
600.000000 32.552113 82.212944 12.006668 28.846146 0.126046
600.000000 280.380585 89.517288 24.529236 57.345581 0.106312
600.000000 318.388977 101.621117 27.547363 65.344826 0.085328
600.000000 131.604279 195.018494 13.003632 31.744354 0.074093
600.000000 338.231842 99.851746 14.291016 28.571823 0.070317
600.000000 551.092407 59.427902 21.674072 47.392380 0.067084
600.000000 124.953453 109.243752 17.071724 39.593651 0.058416
600.000000 102.671936 105.654655 23.358414 57.648354 0.057473
600.000000 293.657501 96.272209 15.231140 29.422073 0.054099
600.000000 111.793472 112.925133 15.723099 39.991493 0.050506
630.000000 213.623993 113.839180 12.297791 29.053444 0.446523
630.000000 209.919159 112.422852 18.000061 45.309265 0.213486
630.000000 31.632355 80.819572 11.713066 29.469040 0.185860
630.000000 125.223518 109.646744 16.697655 39.115295 0.174876
630.000000 373.604980 122.382179 13.334167 31.276787 0.167897
630.000000 134.566788 193.049011 12.491730 29.672028 0.154834
630.000000 284.215210 90.298004 15.455627 34.733932 0.151430
630.000000 28.012411 84.124809 16.960779 41.841507 0.143200
630.000000 105.429390 105.082062 16.055862 37.875397 0.125917
630.000000 118.841156 197.441238 13.703720 35.199341 0.118575
630.000000 135.655731 124.172104 14.503601 33.293304 0.101664
630.000000 144.363037 191.212814 12.765289 30.621918 0.081728
630.000000 336.117798 81.394867 14.502930 29.825775 0.073133
630.000000 397.842072 97.526764 18.666687 42.163696 0.069299
630.000000 129.912216 195.386032 12.938293 30.829102 0.068405
630.000000 340.957062 100.877831 13.075745 28.199821 0.068342
630.000000 282.735321 89.736069 25.112305 61.175201 0.066785
630.000000 408.589264 90.553978 15.879395 36.079285 0.055136
630.000000 329.342316 103.831009 14.576965 33.689178 0.053511
630.000000 294.341461 95.157265 13.058167 29.659286 0.050418
630.000000 267.588593 106.111061 15.385864 34.468407 0.050091
660.000000 213.375580 113.343567 12.087189 29.861450 0.474417
660.000000 583.766602 157.651688 11.656738 27.893616 0.369722
660.000000 105.612190 105.364952 14.715714 35.152550 0.255403
660.000000 285.574371 90.014374 15.223328 33.541809 0.236693
660.000000 133.822754 119.686508 15.132721 35.451324 0.208628
660.000000 372.658936 122.173515 14.257080 32.398048 0.192846
660.000000 400.359283 91.992271 15.671814 37.383308 0.178899
660.000000 210.086243 112.023582 17.977112 45.864540 0.165031
660.000000 295.221741 95.433640 12.363953 28.726776 0.147281
660.000000 126.103043 128.598450 16.119110 37.243103 0.136831
660.000000 397.207947 88.416466 23.609619 61.211266 0.136487
660.000000 318.110596 101.753883 25.792847 61.663429 0.121579
660.000000 110.308136 109.974762 15.028168 37.903839 0.119054
660.000000 413.749237 81.509125 14.733704 33.716309 0.108201
660.000000 339.689484 98.393791 14.325256 31.895195 0.106939
660.000000 591.325378 150.035675 13.690552 33.475037 0.098319
660.000000 337.081543 80.991638 13.824646 29.741608 0.097172
660.000000 190.080124 124.801331 15.480408 35.909454 0.084265
660.000000 150.447372 127.695915 14.452301 34.258522 0.080382
660.000000 600.114014 150.060959 11.858643 26.528198 0.074531
660.000000 282.434875 89.568817 23.062866 53.742050 0.069336
660.000000 323.984985 103.430489 17.552856 38.339836 0.068036
660.000000 146.731506 135.458572 29.025360 70.653961 0.067607
660.000000 102.913017 104.288025 20.680603 50.233307 0.066511
660.000000 126.003906 109.242783 13.870239 33.120438 0.062121
660.000000 144.850266 115.258263 13.153839 31.078438 0.061998
660.000000 290.541931 94.817520 18.020813 43.470490 0.059508
660.000000 121.576614 108.059059 20.432648 50.312584 0.054846
690.000000 397.929871 86.410408 22.525574 57.568459 0.397732
690.000000 213.617249 113.534500 12.017120 29.635284 0.348772
690.000000 401.150604 91.373779 17.345886 36.993515 0.286532
690.000000 294.162811 95.144165 13.522156 30.652023 0.269365
690.000000 284.697479 90.045883 15.308167 34.382187 0.254525
690.000000 104.796928 104.503174 15.839966 38.922226 0.238698
690.000000 413.774933 81.563095 14.314819 33.671860 0.226576
690.000000 584.390259 156.754028 12.252563 28.755646 0.189922
690.000000 431.659302 90.329681 13.617004 29.446671 0.185616
690.000000 373.794769 122.037079 14.220642 33.116150 0.172029
690.000000 337.603851 80.731186 13.689026 29.594620 0.167311
690.000000 280.762543 90.313301 23.083374 51.601311 0.148534
690.000000 339.201782 98.177536 13.533081 28.197174 0.136996
690.000000 109.136642 107.715614 16.484177 41.267906 0.106390
690.000000 128.015381 127.107849 14.896210 35.469238 0.101196
690.000000 152.694305 137.314316 19.988159 43.607330 0.089380
690.000000 318.115692 102.309387 25.908020 59.148376 0.085302
690.000000 124.050735 108.546844 15.850861 38.892227 0.082658
690.000000 329.391205 103.686371 14.355286 33.390686 0.067041
690.000000 265.810089 106.473854 17.620544 40.569374 0.066268
690.000000 116.109352 123.134727 13.379417 31.299141 0.065076
690.000000 190.780518 124.725327 14.824768 35.245148 0.064392
690.000000 406.268402 85.898087 17.286682 38.609818 0.061754
690.000000 332.866669 100.646942 13.523682 27.228928 0.052107
690.000000 334.193451 80.282906 20.391235 50.590157 0.050831
690.000000 324.870789 117.223358 17.116943 37.916290 0.050126
720.000000 212.880707 113.547913 12.633881 30.945435 0.442935
720.000000 587.538147 149.361664 19.434937 48.865326 0.353715
720.000000 283.872742 90.542755 17.734741 39.084518 0.326488
720.000000 279.523560 89.680168 24.577148 62.379768 0.218715
720.000000 209.586960 112.207199 18.355743 46.780670 0.194454
720.000000 397.008331 100.579323 15.194092 35.126274 0.156358
720.000000 295.730499 95.375839 12.610291 28.503876 0.146074
720.000000 591.063171 150.722687 13.544312 34.331573 0.145771
720.000000 413.594849 81.643440 15.030701 34.750977 0.123734
720.000000 124.354225 109.114510 16.363594 37.618568 0.108695
720.000000 291.074951 95.964958 18.807800 43.265755 0.106026
720.000000 373.298737 122.097351 14.323120 32.200348 0.097652
720.000000 315.257019 101.800644 27.388123 63.627930 0.096437
720.000000 103.487480 104.773170 18.908676 46.064095 0.090065
720.000000 150.544693 127.193604 14.887238 34.787445 0.076493
720.000000 402.454865 95.807434 15.362061 34.730026 0.074804
720.000000 432.163086 89.341660 13.612488 29.641129 0.067429
720.000000 336.508057 81.169456 14.642517 29.449738 0.064443
720.000000 267.572052 106.030350 16.276978 34.937286 0.062725
720.000000 318.756439 104.046768 18.928772 44.693405 0.060355
720.000000 598.875977 151.780685 13.690063 30.241516 0.059650
720.000000 583.513977 156.037903 11.950073 28.944794 0.057060
720.000000 101.781227 105.728149 26.666985 63.557892 0.056857
720.000000 398.776215 86.781090 21.518250 54.626274 0.051796
750.000000 213.246216 113.576111 12.502014 30.443512 0.423670
750.000000 586.336853 155.574234 11.177246 28.619080 0.269017
750.000000 125.384674 109.376930 16.434692 40.154778 0.253236
750.000000 282.197723 90.399437 20.673828 48.169167 0.218114
750.000000 374.151764 121.791992 13.868774 32.574066 0.202059
750.000000 210.292404 112.164536 17.791321 46.023529 0.193056
750.000000 403.011230 96.981598 14.886230 33.826935 0.171924
750.000000 413.261597 81.010872 16.180115 36.281403 0.170936
750.000000 397.019440 100.892784 15.885986 36.395943 0.137366
750.000000 137.031525 113.972969 21.725098 46.553902 0.119435
750.000000 590.585327 152.800400 13.890991 32.522034 0.114451
750.000000 583.635986 159.996414 10.361084 24.992615 0.106005
750.000000 433.568848 90.018509 13.805908 30.547272 0.093829
750.000000 338.894958 99.534363 13.665955 29.135376 0.086955
750.000000 144.124451 116.399017 15.190125 33.681335 0.078148
750.000000 110.889656 107.888763 16.740387 42.466522 0.068310
750.000000 318.841095 101.424667 26.985474 66.181427 0.060187
750.000000 290.586548 95.253998 18.183777 41.931046 0.058767
750.000000 279.940857 89.291290 28.421387 76.214355 0.054871
750.000000 331.410950 81.404282 22.212830 57.314178 0.053111
750.000000 323.840271 102.582664 18.893555 46.640373 0.052224
750.000000 124.887405 127.555351 16.785889 38.314003 0.051738
750.000000 134.842850 119.262939 15.077026 34.147858 0.050726
780.000000 213.200516 113.601379 12.363220 30.371643 0.437126
780.000000 285.309875 90.090858 15.213196 33.827286 0.311758
780.000000 209.916397 112.588165 18.371460 46.343872 0.218925
780.000000 433.774139 89.718964 13.942871 31.786987 0.191413
780.000000 412.638733 81.251076 16.944580 37.014923 0.155060
780.000000 372.817230 121.888092 14.495117 33.556152 0.137122
780.000000 280.861267 90.427254 22.424805 51.758629 0.132269
780.000000 337.429596 80.529831 13.577576 29.193954 0.131234
780.000000 421.457947 89.009010 12.048157 27.226654 0.122724
780.000000 295.573242 96.088249 12.039001 27.201172 0.104116
780.000000 191.318008 124.603424 14.659210 34.337372 0.088519
780.000000 338.295959 98.926544 13.634766 31.109741 0.088367
780.000000 268.124969 105.937263 15.095398 33.565788 0.085646
780.000000 291.507111 96.681145 17.717407 41.304512 0.077100
780.000000 329.341156 104.144814 14.100403 33.182732 0.072068
780.000000 132.361511 119.099289 19.102692 44.683319 0.070988
780.000000 125.875504 109.308861 16.140625 41.742302 0.065720
780.000000 105.906303 104.861877 16.912628 41.277481 0.058848
780.000000 280.997742 98.119362 13.644348 29.603134 0.057806
780.000000 206.782257 113.643051 25.146088 66.575195 0.056864
780.000000 291.011993 93.926804 12.868713 28.443161 0.054105
810.000000 285.701477 89.785553 14.658142 33.313660 0.488954
810.000000 213.615295 113.774399 12.095215 30.033752 0.472131
810.000000 373.309387 121.901108 13.947998 32.423035 0.229051
810.000000 295.659668 95.559776 11.804810 27.513611 0.212845
810.000000 413.031555 81.640335 15.709534 35.759491 0.206361
810.000000 282.407562 97.628166 12.660522 27.529327 0.198103
810.000000 432.045715 89.527718 13.998596 29.664581 0.191250
810.000000 582.479309 155.614258 12.854614 30.286652 0.179102
810.000000 210.294067 112.752914 17.971191 45.538513 0.162975
810.000000 339.721008 100.287369 12.944641 28.867401 0.162759
810.000000 124.890648 109.572678 17.070412 40.702087 0.135064
810.000000 281.340942 90.364014 22.421509 51.898834 0.134346
810.000000 335.056458 99.864792 13.819885 28.054245 0.097412
810.000000 267.228516 106.221542 16.295776 35.221329 0.093131
810.000000 291.321411 96.034599 17.952148 41.874138 0.092282
810.000000 330.226776 100.046906 13.751221 32.150116 0.078268
810.000000 337.608459 80.812592 13.273376 28.266022 0.075006
810.000000 318.126831 102.241043 25.189697 58.651245 0.064803
810.000000 396.982391 86.171829 23.351868 61.807007 0.061821
810.000000 419.028961 87.583923 13.459351 27.883041 0.061585
840.000000 213.305283 113.658119 12.331085 30.431160 0.517181
840.000000 283.499207 89.476944 18.238342 42.812790 0.279044
840.000000 295.333832 95.976067 12.318787 27.885010 0.235532
840.000000 582.500366 161.990860 10.254639 24.170715 0.222196
840.000000 210.307800 112.559509 17.819183 45.738586 0.210367
840.000000 279.386108 89.901245 24.653687 63.671570 0.191396
840.000000 372.783966 122.224434 14.520325 33.514732 0.180062
840.000000 398.342133 97.584381 17.635498 40.005722 0.170218
840.000000 287.631714 88.871277 12.815857 29.284958 0.162030
840.000000 318.218475 102.057159 25.702148 59.346069 0.146764
840.000000 339.416748 100.864700 13.280945 28.697525 0.136279
840.000000 291.162384 96.699387 19.648254 47.406601 0.129496
840.000000 105.485542 106.346725 20.786438 51.665924 0.128287
840.000000 323.971375 103.659195 17.998962 38.528809 0.114326
840.000000 116.665291 119.262009 13.697380 31.404358 0.113170
840.000000 416.280090 80.685318 13.195190 31.192856 0.104373
840.000000 124.984985 109.870872 16.224823 40.359245 0.101401
840.000000 281.282745 97.808235 14.131836 30.755638 0.099452
840.000000 45.177895 101.438110 13.823700 33.651245 0.080164
840.000000 433.376953 89.443558 14.146057 32.880127 0.080143
840.000000 269.412903 105.949432 13.647644 30.572815 0.080125
840.000000 329.652100 99.992462 14.190002 33.290146 0.077940
840.000000 192.220581 123.859238 14.073212 32.552368 0.071034
840.000000 107.619415 105.568649 15.203156 36.437317 0.058553
840.000000 390.752014 124.635826 19.767822 45.977882 0.056145
840.000000 593.183899 157.170700 11.560059 28.106598 0.055875
840.000000 584.864624 159.732971 12.299194 25.653625 0.050356
870.000000 213.212280 113.819138 12.473663 31.137909 0.492890
870.000000 582.445923 155.071808 12.185181 30.447449 0.462950
870.000000 284.049622 90.164650 16.198975 34.143799 0.272371
870.000000 125.081657 110.109283 17.034035 40.507996 0.221628
870.000000 210.437271 112.847748 17.823151 45.064331 0.186515
870.000000 116.545006 119.767952 15.027870 35.198219 0.183809
870.000000 282.337708 90.406609 22.182251 49.903999 0.182345
870.000000 336.328583 80.218948 14.752441 31.775497 0.179905
870.000000 414.474609 81.273514 13.480225 31.341354 0.173206
870.000000 600.852966 151.259598 9.589233 25.193054 0.153418
870.000000 400.275604 92.510056 15.221008 37.188675 0.148040
870.000000 431.601257 90.048393 13.326233 29.878937 0.125350
870.000000 294.947937 94.737488 12.768250 29.146622 0.109131
870.000000 372.842316 122.097755 14.536926 32.689507 0.081676
870.000000 440.319611 103.530571 13.781067 30.104012 0.076080
870.000000 265.976715 105.699936 18.122681 42.403107 0.072794
870.000000 412.373810 80.785950 19.303162 49.641373 0.071860
870.000000 587.706055 157.559021 11.074341 26.811890 0.070839
870.000000 290.467926 96.120407 19.727051 45.627243 0.065472
870.000000 593.131531 154.731110 10.768433 28.914459 0.061087
870.000000 333.710754 80.302696 20.142578 52.236122 0.058674
870.000000 119.117210 109.293846 25.456154 58.169044 0.055636
870.000000 289.511444 91.993919 15.189575 31.643921 0.050370
900.000000 414.560638 80.616760 16.043396 38.088684 0.450334
900.000000 401.178711 90.777740 14.626892 36.861435 0.386389
900.000000 212.991837 113.446121 12.574341 30.496765 0.354087
900.000000 433.655090 90.044708 12.898071 28.422073 0.345907
900.000000 284.190735 90.210129 15.702209 33.986618 0.281120
900.000000 124.467720 110.045341 17.232414 40.939659 0.268203
900.000000 586.735779 156.024902 10.658813 27.939087 0.214215
900.000000 423.911743 90.436981 12.214111 29.370697 0.145679
900.000000 408.694519 90.816597 16.114380 36.868454 0.137399
900.000000 372.929352 122.118790 14.153625 32.611938 0.130878
900.000000 209.685486 112.295303 18.743225 46.930664 0.130596
900.000000 336.798981 80.414520 14.244629 29.885605 0.130381
900.000000 149.276779 127.381058 15.890472 36.213684 0.117117
900.000000 592.106628 154.725037 11.137573 29.268311 0.100913
900.000000 582.823547 158.114716 10.704712 26.723755 0.088238
900.000000 291.923340 95.227135 17.030396 38.611885 0.087391
900.000000 282.233582 89.537193 24.299988 56.592293 0.085487
900.000000 404.726898 85.859169 14.742554 35.118637 0.061588
900.000000 265.534027 106.354401 18.119812 42.041489 0.061067
900.000000 104.171524 105.686890 21.055771 51.555817 0.060079
900.000000 337.301788 98.474518 14.699341 32.248322 0.052782
900.000000 598.880981 152.878540 14.802612 33.403015 0.051163
930.000000 212.716202 113.384285 12.639679 31.079933 0.540122
930.000000 411.695587 81.464554 16.485168 38.226669 0.446274
930.000000 284.695587 89.896927 15.064636 34.093689 0.428616
930.000000 110.146370 113.828094 18.103859 42.463898 0.346449
930.000000 116.685158 119.261719 13.897942 32.337769 0.318268
930.000000 209.988083 112.193428 17.652710 44.527962 0.316698
930.000000 27.366962 81.399590 11.901672 28.679474 0.278522
930.000000 294.883606 95.165863 13.334045 28.451111 0.223029
930.000000 435.714630 101.369659 16.185852 37.801697 0.210100
930.000000 127.196640 125.711380 15.585724 35.818268 0.181694
930.000000 338.237213 99.433426 13.874146 30.664093 0.167393
930.000000 433.126648 89.194786 12.872986 29.562683 0.159834
930.000000 373.140106 121.965759 13.672363 31.684326 0.150382
930.000000 332.404419 98.823601 14.041077 31.283424 0.140540
930.000000 90.713020 108.368866 14.028564 34.468292 0.123195
930.000000 336.865265 80.659775 13.681458 28.933792 0.118255
930.000000 477.316193 177.647644 25.727600 64.786713 0.112448
930.000000 124.902031 120.930138 14.653755 31.027885 0.098154
930.000000 276.045319 77.554367 24.555298 61.184250 0.093833
930.000000 403.362488 95.930130 15.064697 33.835068 0.090007
930.000000 190.950912 124.645340 15.000092 35.273895 0.085798
930.000000 122.881699 109.595078 21.106201 49.418213 0.074056
930.000000 262.618713 109.145996 18.490540 44.522186 0.070909
930.000000 423.330688 99.211327 12.516357 28.558945 0.069951
930.000000 138.395889 113.610901 19.652130 44.574829 0.069648
930.000000 206.921356 112.998215 24.282776 65.269867 0.066480
930.000000 293.509460 96.387192 17.296875 41.091507 0.059671
930.000000 151.277496 127.435753 14.761658 35.841972 0.056265
930.000000 395.369720 99.730499 16.592407 38.580933 0.052034
930.000000 105.384659 105.570427 15.862915 37.222450 0.050780
960.000000 434.122284 89.515877 13.568542 30.875061 0.370187
960.000000 416.495117 80.637894 15.512146 35.743057 0.330765
960.000000 124.649490 110.194687 16.713654 40.530975 0.275238
960.000000 605.383545 132.002213 17.878540 42.348419 0.231972
960.000000 582.966370 156.733093 12.394409 28.621277 0.231762
960.000000 602.708313 147.019928 11.883301 29.461670 0.224179
960.000000 213.607162 113.632034 12.053772 29.465729 0.214225
960.000000 285.874420 89.763931 14.521790 33.307816 0.211458
960.000000 592.270691 156.323456 10.875488 26.277374 0.165989
960.000000 336.837616 81.228447 13.392273 28.686386 0.146146
960.000000 423.419769 88.512878 13.064514 30.983643 0.137953
960.000000 282.764313 96.691109 13.240662 28.457901 0.135787
960.000000 330.622589 99.154526 14.017456 29.602844 0.118985
960.000000 372.642151 122.046028 14.300354 34.993736 0.114215
960.000000 337.219788 99.451607 13.750732 30.560509 0.113174
960.000000 414.199341 79.678307 21.676514 53.268089 0.098409
960.000000 615.469849 147.643951 12.335449 25.103302 0.096183
960.000000 400.005951 96.450516 16.396606 35.547852 0.093784
960.000000 145.060913 117.200600 15.457275 35.614510 0.089513
960.000000 588.252502 157.901306 11.791992 27.008942 0.068434
960.000000 405.480042 84.175598 17.749817 41.342178 0.066783
960.000000 280.915100 90.159920 22.955017 54.012642 0.060914
960.000000 295.193848 95.308754 12.903992 28.083755 0.054983
990.000000 213.418640 113.748123 12.108490 29.744568 0.436918
990.000000 403.581696 95.540855 14.065552 34.374519 0.369506
990.000000 125.837036 110.172806 16.462036 40.229706 0.309006
990.000000 412.647949 81.774284 15.331055 36.506439 0.286285
990.000000 285.999207 89.702820 14.917664 33.498505 0.261794
990.000000 295.007782 95.687012 12.300293 27.474457 0.233271
990.000000 127.088531 126.591431 15.967773 37.656372 0.217793
990.000000 433.531616 90.111748 13.105286 29.046249 0.212653
990.000000 282.725647 94.799057 14.221313 31.973663 0.207575
990.000000 210.058289 112.880234 18.071747 45.297760 0.165875
990.000000 284.653870 90.730652 20.562622 47.669556 0.162781
990.000000 150.460495 128.834747 15.259247 37.126617 0.141009
990.000000 437.327148 102.655045 14.392578 32.856537 0.136679
990.000000 373.429260 122.244621 13.132751 30.297508 0.117190
990.000000 395.791901 99.715637 15.701782 36.316910 0.109485
990.000000 107.639420 104.428459 16.845642 43.094490 0.103418
990.000000 337.350372 80.379433 13.609741 29.018753 0.097312
990.000000 268.577606 106.081703 14.753723 30.167717 0.088115
990.000000 335.664246 80.892792 17.540344 44.515366 0.078696
990.000000 339.094025 99.292534 13.120056 29.047585 0.073935
990.000000 117.801437 120.537323 13.311279 31.172882 0.072387
990.000000 407.923035 95.975258 12.567627 28.454483 0.061525
990.000000 119.541901 199.833847 13.093689 32.479248 0.056858
990.000000 292.947235 96.533974 17.506287 41.339989 0.055093
1020.000000 213.146622 113.651733 12.382721 30.188080 0.452618
1020.000000 285.689362 89.767113 14.937012 33.947617 0.376241
1020.000000 126.595200 110.776276 15.306519 37.577026 0.263124
1020.000000 400.849457 93.244110 14.832214 36.847580 0.247183
1020.000000 149.661469 126.891891 17.002655 39.548920 0.204308
1020.000000 413.068451 82.222641 14.915039 35.262604 0.188948
1020.000000 373.232513 121.783569 13.708862 32.034027 0.157281
1020.000000 126.986137 125.261101 15.949211 38.865364 0.140159
1020.000000 210.631607 112.578056 18.203491 44.834999 0.107747
1020.000000 421.398224 89.898865 13.553406 31.742203 0.106253
1020.000000 583.088257 156.789459 11.570801 28.652924 0.103125
1020.000000 437.208313 103.235680 16.251160 40.316139 0.094389
1020.000000 281.654755 89.765320 22.431213 51.182709 0.093583
1020.000000 338.002136 99.340813 14.387024 26.912827 0.087926
1020.000000 295.558075 95.310402 12.009277 27.721268 0.081552
1020.000000 142.174149 192.121887 12.819122 30.025146 0.081405
1020.000000 109.259743 106.153030 17.651672 43.419418 0.072941
1020.000000 281.530701 94.275337 15.395142 32.166183 0.071912
1020.000000 122.581932 110.038795 24.178352 58.846519 0.068862
1020.000000 432.771240 89.592842 13.569153 29.825104 0.066981
1020.000000 330.659698 98.400177 13.676758 27.666702 0.066969
1020.000000 336.928833 80.558990 13.893250 28.585388 0.066126
1020.000000 267.630829 106.353668 15.538025 34.748520 0.056321
1020.000000 290.773621 92.753090 13.478760 29.601944 0.053899
1020.000000 396.879150 93.497612 22.076599 57.954292 0.052493
1020.000000 129.347900 193.713974 13.007965 32.715118 0.050902
1050.000000 213.547653 113.701797 12.368317 30.237335 0.503839
1050.000000 435.647919 102.162430 16.858276 40.074677 0.485641
1050.000000 285.239410 89.405434 14.457947 33.199722 0.300081
1050.000000 210.720459 112.281937 17.543335 44.748932 0.222431
1050.000000 598.859741 152.814056 14.942993 33.058563 0.151866
1050.000000 584.949768 157.858841 11.453247 27.313751 0.132041
1050.000000 423.266815 100.711449 12.818604 30.260017 0.123075
1050.000000 295.000610 95.033966 12.612244 28.313080 0.112433
1050.000000 339.054321 99.082451 13.574402 27.680954 0.110892
1050.000000 413.197052 82.378975 14.458984 34.580536 0.108815
1050.000000 400.501648 93.081818 15.147461 35.612900 0.105644
1050.000000 280.877991 89.680054 22.880188 56.393875 0.091954
1050.000000 126.272133 110.454834 17.858253 38.258301 0.077890
1050.000000 266.735657 106.302139 16.913147 37.237778 0.074167
1050.000000 282.068848 116.408813 15.171875 31.856384 0.069189
1050.000000 141.423569 195.145432 13.057556 30.789062 0.059386
1050.000000 418.735229 99.784607 18.797607 48.252060 0.056150
1050.000000 395.775543 98.908699 17.002625 37.715981 0.053849
1080.000000 211.714813 113.856522 13.957458 31.177185 0.498282
1080.000000 284.688354 89.562393 14.937012 34.029480 0.366887
1080.000000 209.183701 113.583405 19.850861 47.871338 0.252221
1080.000000 295.438202 95.893402 12.221375 27.135620 0.195929
1080.000000 373.784760 121.776672 13.591370 31.948822 0.194586
1080.000000 438.442169 102.710541 14.654724 33.728104 0.146729
1080.000000 432.993103 89.754875 13.371643 30.643234 0.140335
1080.000000 413.584534 81.527748 15.269592 34.779022 0.115918
1080.000000 410.361237 98.145172 13.518921 30.301880 0.107763
1080.000000 403.282379 95.353416 14.195190 32.660744 0.105167
1080.000000 281.439575 89.762939 22.418335 52.637787 0.102863
1080.000000 290.070679 93.054985 12.954224 29.253021 0.096361
1080.000000 292.022614 96.509094 16.848389 38.262527 0.073655
1080.000000 418.620087 103.052200 15.325378 38.863525 0.072807
1080.000000 192.316238 123.550667 14.381348 33.216820 0.070411
1080.000000 265.853943 106.179321 17.769226 40.786758 0.067520
1110.000000 422.378723 90.473351 12.113464 29.257553 0.394735
1110.000000 212.814240 113.587318 12.567078 30.530998 0.388020
1110.000000 433.704681 90.127037 11.686829 28.290771 0.345737
1110.000000 584.193237 156.459213 10.642944 28.194122 0.272474
1110.000000 284.483337 89.939812 17.413757 38.616798 0.267758
1110.000000 209.774033 112.498581 18.125977 45.901917 0.206971
1110.000000 125.851181 110.346878 16.724945 40.547150 0.175759
1110.000000 295.292053 95.929008 13.253357 29.643326 0.156030
1110.000000 587.469421 157.327927 11.087891 27.177460 0.152417
1110.000000 401.952454 91.939240 14.784973 35.098083 0.145291
1110.000000 600.657349 151.692490 10.049438 24.572662 0.099307
1110.000000 373.429230 122.094917 13.688232 32.292839 0.097887
1110.000000 413.876770 81.919983 13.923462 33.383545 0.097371
1110.000000 28.047714 80.210693 11.528557 28.499649 0.083438
1110.000000 106.579338 105.342461 17.942871 42.190987 0.078990
1110.000000 290.681122 92.612686 13.471680 30.309677 0.075609
1110.000000 281.862915 89.712357 26.026672 64.333603 0.072431
1110.000000 337.082733 80.176041 13.405762 29.918076 0.059517
1110.000000 592.904480 156.002655 11.234741 28.890320 0.057505
1110.000000 149.876846 125.613266 17.153595 43.026001 0.055906
1110.000000 427.595001 90.578964 15.924744 36.085007 0.055153
1110.000000 335.431061 81.098381 18.128845 44.885452 0.053407
1140.000000 213.450394 113.653137 12.277588 30.322388 0.521817
1140.000000 125.451729 109.917809 16.731316 40.152382 0.332549
1140.000000 399.157837 91.049080 17.390686 40.795769 0.286493
1140.000000 284.249207 90.088234 14.969482 33.832855 0.243770
1140.000000 210.004578 112.723114 18.039642 45.954529 0.241516
1140.000000 413.187531 81.994820 14.744446 34.563217 0.190142
1140.000000 338.816986 99.538445 13.182861 27.368881 0.154637
1140.000000 582.567932 158.450531 11.914307 27.228729 0.137696
1140.000000 374.138977 121.776520 12.702576 30.542572 0.135119
1140.000000 280.360046 114.147896 18.468506 40.997017 0.115239
1140.000000 143.291473 192.369827 12.116852 28.064972 0.102631
1140.000000 331.313629 99.221207 14.197021 29.943420 0.092391
1140.000000 107.590385 105.199951 17.768448 42.847534 0.089538
1140.000000 395.579620 89.748100 24.493347 61.644691 0.088222
1140.000000 433.794220 89.390144 13.205200 30.878311 0.082926
1140.000000 434.930420 103.389297 16.689209 40.493805 0.082722
1140.000000 281.469025 96.773376 14.192383 29.832840 0.073074
1140.000000 280.407318 89.793388 23.197021 56.423409 0.068142
1140.000000 262.442841 109.228165 16.051208 38.800018 0.060128
1140.000000 145.074585 116.382011 15.940186 35.702400 0.058624
1140.000000 404.367401 99.240036 15.227417 31.257370 0.056354
1140.000000 129.607147 195.201950 12.544434 30.489319 0.054538
1140.000000 149.761093 126.786140 17.815613 44.693565 0.053425
1170.000000 212.187561 113.873039 14.201355 33.312477 0.598133
1170.000000 583.055847 155.661530 11.304810 29.799530 0.490465
1170.000000 412.802734 81.914436 15.113342 35.917130 0.341643
1170.000000 436.635101 101.613182 16.390015 38.689629 0.312114
1170.000000 124.678917 109.569397 17.279427 41.791412 0.258701
1170.000000 284.258881 90.069534 15.674683 34.878143 0.227550
1170.000000 208.213516 113.020477 19.719299 51.410858 0.198780
1170.000000 432.787811 89.928696 12.657104 30.313248 0.195559
1170.000000 401.817108 94.168747 15.018433 35.010010 0.192734
1170.000000 150.920837 128.337936 14.242615 33.482269 0.181005
1170.000000 374.257477 121.676270 13.450684 31.573456 0.176647
1170.000000 397.154785 87.660324 20.357239 53.378098 0.171105
1170.000000 283.100800 116.535950 14.854492 32.005981 0.135520
1170.000000 337.620270 100.146782 13.348694 25.585083 0.131315
1170.000000 605.548462 130.868301 19.104980 43.064606 0.108561
1170.000000 279.756287 114.479012 20.874573 47.596886 0.090338
1170.000000 330.289154 99.760040 13.658020 30.702713 0.082280
1170.000000 105.558990 104.143814 17.404419 42.749725 0.081411
1170.000000 317.858063 101.977661 25.055908 58.753326 0.079532
1170.000000 141.711823 194.146942 13.458862 31.230591 0.076374
1170.000000 113.256279 108.897850 14.917992 35.848106 0.071216
1170.000000 190.250580 124.822403 15.377228 36.430847 0.061892
1170.000000 27.607769 82.349449 11.893852 28.767395 0.059195
1170.000000 134.403000 192.983948 13.565094 31.477875 0.057086
1170.000000 600.396973 152.545822 10.552612 24.955017 0.057055
1170.000000 263.003510 109.084236 15.832397 38.318077 0.055857
1170.000000 337.336823 80.688675 13.434814 28.148682 0.055089
1170.000000 203.521637 113.656891 30.503723 78.605164 0.053797
1170.000000 587.983398 157.453049 11.634155 27.640472 0.052298
1170.000000 396.541107 96.661804 16.286194 34.914749 0.051070
1170.000000 281.817963 89.533249 25.093872 59.920258 0.050691
1200.000000 212.941360 113.499130 12.529266 30.703461 0.559428
1200.000000 412.176422 81.619576 15.920837 37.665619 0.420571
1200.000000 284.238525 89.709053 17.893066 40.046547 0.346782
1200.000000 431.948364 89.557899 12.542297 29.471725 0.312190
1200.000000 125.804283 110.159706 16.155434 38.846886 0.302519
1200.000000 210.126755 112.436424 17.806793 45.113243 0.288531
1200.000000 402.964905 96.026688 13.825562 33.874985 0.259833
1200.000000 374.176239 121.760452 13.412903 31.613892 0.218446
1200.000000 338.137085 100.235626 13.244873 26.612885 0.189873
1200.000000 584.592834 157.212189 11.161743 28.227997 0.170372
1200.000000 290.170410 91.852684 14.531433 33.139740 0.139498
1200.000000 150.146500 127.118774 14.832336 32.924347 0.133665
1200.000000 281.173279 89.057571 24.767334 62.329330 0.115207
1200.000000 331.998169 99.361252 14.028259 29.219620 0.112553
1200.000000 110.062317 108.834938 16.805725 41.646355 0.100049
1200.000000 397.475616 89.356888 20.435364 54.939224 0.079759
1200.000000 336.769531 81.161911 13.565186 29.277893 0.074109
1200.000000 121.048203 109.469528 23.302795 54.856079 0.073973
1200.000000 267.481049 105.945435 16.964172 36.328308 0.070637
1200.000000 396.733337 98.533363 15.321838 35.983437 0.068055
1200.000000 135.861649 120.732132 15.786926 37.254486 0.053526
1230.000000 212.879349 113.729515 12.541321 30.828957 0.488267
1230.000000 125.607033 110.715210 17.022667 40.653259 0.444462
1230.000000 283.124664 93.913940 14.233765 31.962967 0.342805
1230.000000 438.277008 103.233940 15.169800 36.130348 0.273367
1230.000000 209.924805 112.697678 17.820709 44.661285 0.228580
1230.000000 414.054016 81.025162 13.976929 32.555649 0.195168
1230.000000 431.556732 89.599800 14.512695 31.596939 0.166248
1230.000000 605.052490 131.006561 19.785156 46.909790 0.160636
1230.000000 280.699097 89.505600 22.315002 52.682480 0.139762
1230.000000 373.892487 121.632278 13.785156 32.894653 0.133713
1230.000000 400.468323 92.529373 14.864441 36.112381 0.121285
1230.000000 266.711792 106.015884 17.059692 39.007675 0.118117
1230.000000 593.053833 57.103134 22.365112 51.415512 0.088865
1230.000000 294.767792 95.507317 12.424866 27.902023 0.082080
1230.000000 432.704590 101.216301 21.752258 53.478828 0.080041
1230.000000 150.880173 126.627945 15.385345 37.177063 0.078450
1230.000000 337.411285 80.115829 13.322571 28.492050 0.078434
1230.000000 287.838440 89.562614 13.723206 30.132751 0.077399
1230.000000 112.682945 109.095566 14.899506 35.199127 0.061294
1230.000000 586.730286 156.958527 12.317993 28.154785 0.052201
1230.000000 582.857788 158.844070 12.458496 27.269348 0.050079
1260.000000 212.970993 113.551743 12.496552 30.774719 0.517457
1260.000000 284.092255 89.769173 17.892822 41.044975 0.279444
1260.000000 125.497963 109.526611 16.871117 40.582886 0.260367
1260.000000 209.725449 113.336090 18.756592 45.554779 0.247930
1260.000000 583.514893 156.272659 11.683716 29.024994 0.242180
1260.000000 373.856659 121.847885 13.985168 33.173248 0.208694
1260.000000 281.327087 89.064407 24.982422 65.264694 0.114320
1260.000000 587.485596 159.324783 11.390137 26.280029 0.097109
1260.000000 112.813271 109.378448 14.882294 35.971786 0.093062
1260.000000 22.153519 84.201157 18.031467 47.548782 0.071336
1260.000000 291.314087 96.808998 19.469727 44.611824 0.070485
1260.000000 598.615173 151.225342 12.909058 30.174957 0.058766
1260.000000 592.416687 155.469772 10.687622 28.774902 0.055454
1260.000000 407.894348 93.250671 15.695862 34.933578 0.053848
1260.000000 397.237366 89.228249 23.901672 60.938744 0.053816
1260.000000 400.347656 94.908119 16.497314 35.138405 0.050270
1290.000000 213.119171 113.685165 12.336975 30.256317 0.522023
1290.000000 437.199493 100.920616 15.760986 37.802467 0.373468
1290.000000 284.453918 90.276779 15.173645 33.979309 0.360927
1290.000000 125.220428 109.429718 16.785645 41.922180 0.322810
1290.000000 414.952087 81.099205 13.739807 31.930954 0.310906
1290.000000 433.445740 89.821640 13.351013 30.950867 0.272853
1290.000000 210.058594 113.126572 18.011658 44.580688 0.263643
1290.000000 337.888062 79.695564 13.043152 28.891998 0.244184
1290.000000 584.440552 158.139984 11.075806 26.768829 0.203634
1290.000000 593.016479 154.754639 10.586914 28.835632 0.158566
1290.000000 150.181168 125.962509 16.199280 41.111694 0.151179
1290.000000 374.037781 121.530396 13.063782 30.714844 0.134384
1290.000000 110.070526 110.254723 17.432053 41.936836 0.127872
1290.000000 295.689575 94.959648 11.429382 26.851501 0.119241
1290.000000 588.764648 156.068253 11.572388 28.190704 0.111043
1290.000000 409.820892 96.433006 14.128845 31.532639 0.102625
1290.000000 281.750946 88.953613 25.119385 63.131409 0.081599
1290.000000 138.800186 192.792023 14.206116 31.409302 0.079915
1290.000000 266.326019 107.417931 16.230774 38.004509 0.079025
1290.000000 411.974854 80.266953 19.628235 46.634491 0.073663
1290.000000 420.633636 88.533951 12.939636 27.978027 0.066184
1290.000000 401.038208 87.189217 16.422241 40.192001 0.061709
1290.000000 596.105103 154.496262 16.494019 35.680542 0.058595
1290.000000 190.194290 125.177872 15.080658 35.492004 0.056899
1290.000000 261.195404 109.238861 17.796082 43.340027 0.054376
1290.000000 116.495964 113.238602 15.006294 38.740997 0.052636
1290.000000 339.983490 100.005959 13.422302 28.528557 0.051392
1290.000000 331.931000 101.161781 13.402405 29.434334 0.051132
1320.000000 213.845856 110.491844 11.823944 30.459969 0.547260
1320.000000 282.800140 87.739273 18.507812 42.170898 0.391927
1320.000000 124.929901 108.638557 16.775818 40.962135 0.263696
1320.000000 436.189758 99.729691 15.892761 38.372391 0.205614
1320.000000 413.313507 78.504616 15.488892 37.176559 0.204743
1320.000000 26.334927 79.657684 12.471405 31.911942 0.172215
1320.000000 107.724564 102.892982 16.794449 40.421211 0.164665
1320.000000 191.986404 122.731606 12.498444 30.552834 0.144161
1320.000000 337.442657 77.743065 13.484192 31.451599 0.142005
1320.000000 262.478973 107.887283 13.670715 32.729080 0.136816
1320.000000 589.072632 150.967606 16.528931 38.835388 0.130626
1320.000000 329.100769 94.061989 14.861328 35.388664 0.109112
1320.000000 121.870140 196.445358 13.817207 33.753662 0.103541
1320.000000 131.381287 192.971848 13.437500 32.922668 0.099117
1320.000000 24.265642 83.032608 16.689436 43.596527 0.098760
1320.000000 337.772583 97.626892 14.651855 32.609695 0.096901
1320.000000 189.516281 123.643799 17.979980 43.791260 0.095358
1320.000000 343.848694 99.064186 14.509766 32.635719 0.093842
1320.000000 412.454590 96.307564 12.509521 28.740311 0.092432
1320.000000 372.716553 121.416290 14.698975 34.176544 0.088620
1320.000000 415.944397 96.192062 16.929871 41.137497 0.086526
1320.000000 266.985382 105.106827 16.425232 36.639526 0.077680
1320.000000 210.727798 110.068375 17.418213 44.871765 0.074353
1320.000000 154.468552 135.009506 16.219208 37.123230 0.067601
1320.000000 430.591522 88.096413 12.193420 29.628281 0.065808
1320.000000 410.316132 77.743217 21.429932 58.394142 0.064754
1320.000000 92.219849 106.687019 13.258179 31.826500 0.064218
1320.000000 585.653137 147.440308 23.536987 58.515350 0.054917
1320.000000 151.288132 124.807236 14.779266 34.521576 0.053833
1350.000000 412.903473 86.235291 15.682617 36.989349 0.142673
1350.000000 212.631592 120.814545 13.848358 32.340637 0.120499
1350.000000 617.828735 197.392456 21.661377 83.280060 0.098576
1350.000000 227.893555 137.257889 11.840485 29.634857 0.080210
1350.000000 605.948059 206.937012 17.205933 38.956757 0.069203
1350.000000 207.303162 119.905792 21.532074 51.541931 0.061431
1350.000000 337.188782 85.428909 13.291931 30.545853 0.056272
1350.000000 153.297485 196.081680 13.930603 33.164856 0.053466
1350.000000 618.438232 198.993164 16.105103 43.994904 0.053420
1380.000000 124.586815 119.787125 17.841972 41.210938 0.289397
1380.000000 188.834808 192.903946 14.250153 35.611877 0.269367
1380.000000 596.649536 163.768341 13.066528 31.379852 0.186811
1380.000000 415.911682 88.993073 16.407898 38.350464 0.181876
1380.000000 175.167374 195.257034 15.076416 36.632172 0.138626
1380.000000 582.889099 175.771301 13.643677 33.420593 0.067899
1380.000000 182.750519 192.148987 23.467438 58.211761 0.060273
1380.000000 149.508545 135.966324 15.511749 35.359863 0.055726
1380.000000 585.302063 166.257996 14.567139 36.870728 0.055113
1380.000000 162.784714 191.243759 17.922882 47.775574 0.052195
1410.000000 106.204727 195.400314 19.187302 44.888245 0.380313
1410.000000 22.278637 95.711792 16.241257 41.316818 0.277555
1410.000000 130.237381 209.867950 15.649567 35.446594 0.191219
1410.000000 423.978668 87.282242 15.758179 36.766785 0.163636
1410.000000 448.965363 217.971329 10.101746 27.787994 0.111738
1410.000000 620.741821 232.408600 17.974854 63.930298 0.095215
1410.000000 90.141602 199.166550 20.376801 47.355194 0.069416
1410.000000 379.408966 134.111847 16.222534 35.508423 0.055368
1440.000000 394.441467 195.947357 17.494019 40.102814 0.669824
1440.000000 218.711090 201.553741 26.919342 63.901520 0.350420
1440.000000 178.048828 204.770920 11.411285 30.528046 0.280027
1440.000000 451.209259 73.538010 20.788025 49.291672 0.217698
1440.000000 34.943764 87.612206 16.044785 38.207336 0.169265
1440.000000 475.685516 85.297859 14.928650 33.880890 0.147805
1440.000000 224.375381 201.886444 18.065704 44.078491 0.130028
1440.000000 134.975800 193.059036 13.145874 32.719879 0.065564
1440.000000 54.776352 105.650139 15.608330 35.024025 0.057877
1470.000000 454.372528 60.692719 17.023438 38.745071 0.268957
1470.000000 425.093445 115.994804 14.661987 35.584663 0.156150
1470.000000 422.270294 115.268784 13.134094 29.388733 0.105280
1470.000000 389.597229 123.472328 10.523926 29.361336 0.104767
1470.000000 11.837823 79.004128 15.124206 38.035828 0.098073
1470.000000 422.027985 116.555084 20.875793 48.843170 0.077916
1470.000000 451.207489 73.387192 12.491699 30.956329 0.069355
1470.000000 478.698395 73.157745 15.262390 33.503281 0.060917
1500.000000 211.261993 110.972122 16.176727 38.933472 0.200689
1500.000000 9.421243 89.876312 21.007320 51.127823 0.153756
1500.000000 83.389038 100.067200 29.428192 70.750031 0.145608
1500.000000 51.327045 100.826889 18.102917 41.549408 0.123019
1500.000000 118.466721 112.442017 19.596375 51.800446 0.122696
1500.000000 103.727554 102.010971 25.742401 64.342102 0.076156
1500.000000 190.834030 123.601440 13.436768 28.398132 0.071905
1500.000000 17.147026 97.701134 17.243786 40.225746 0.055103
1530.000000 397.920990 101.010620 13.309692 30.836807 0.148724
1530.000000 439.485352 89.763939 16.321167 37.478149 0.118475
1530.000000 474.270355 14.498041 14.015747 32.204422 0.081982
1530.000000 566.374939 210.713913 14.334473 32.860046 0.080235
1530.000000 368.213104 116.425758 16.734863 37.769218 0.067230
1530.000000 408.521301 100.607323 18.963989 45.254616 0.060316
1560.000000 524.208252 99.203018 15.385864 38.011459 0.293660
1560.000000 209.148026 97.600914 16.007477 37.518837 0.255200
1560.000000 487.964172 46.486992 22.986816 57.968399 0.232017
1560.000000 456.881470 68.617233 17.202820 37.106857 0.178356
1560.000000 200.089722 105.124718 12.752716 29.721367 0.156051
1560.000000 69.629868 85.106758 22.519119 55.340050 0.134308
1560.000000 412.013763 81.814392 15.818054 37.863846 0.130020
1560.000000 201.357788 191.446487 12.261230 29.274567 0.111173
1560.000000 462.586334 77.569199 19.792969 48.185852 0.090119
1560.000000 503.840637 48.653313 21.213745 50.276718 0.084126
1560.000000 186.387680 115.256287 16.763245 40.540955 0.074557
1560.000000 454.296326 69.865303 26.314697 67.770439 0.073726
1560.000000 38.852692 172.721909 25.127808 65.372314 0.066609
1560.000000 441.330688 77.391586 20.072266 46.552872 0.051875
1590.000000 452.708099 46.127621 20.758118 53.131306 0.305555
1590.000000 486.011261 41.693905 24.158081 57.634876 0.166835
1590.000000 404.822601 183.539368 14.918762 35.850189 0.149225
1590.000000 521.048096 50.387611 21.457031 52.338928 0.144603
1590.000000 0.000000 220.200699 17.615234 63.952744 0.137774
1590.000000 470.079346 52.460281 14.025635 31.800278 0.078571
1590.000000 433.929993 57.309135 17.421997 40.189072 0.059128
1590.000000 489.252075 41.802326 17.408203 37.611111 0.056780
1590.000000 535.664246 48.330620 16.804077 37.228683 0.050380
1590.000000 501.340240 60.293785 22.469940 58.451675 0.050362
1620.000000 11.376175 178.658066 18.763519 46.366974 0.334384
1620.000000 120.776215 157.728394 16.518494 39.805634 0.244998
1620.000000 210.053528 190.128754 15.133636 38.624023 0.128722
1620.000000 139.509964 148.301636 18.813171 47.154968 0.103112
1620.000000 107.621864 156.842819 19.047928 42.096130 0.099027
1620.000000 239.690491 184.698074 11.362457 27.744415 0.078214
1620.000000 365.076233 178.339981 13.926514 33.778900 0.069010
1620.000000 498.679230 38.675014 14.124237 33.063190 0.050920
1650.000000 28.144693 175.228653 22.569868 54.079956 0.795292
1650.000000 125.977005 147.693970 19.938538 48.826630 0.327181
1650.000000 6.734560 177.203979 14.796301 33.287384 0.139404
1650.000000 54.619221 185.099091 27.274700 65.795959 0.136621
1650.000000 32.730675 175.094467 14.802460 36.348145 0.122265
1650.000000 241.470093 183.812302 11.729279 29.847595 0.119933
1650.000000 15.448022 181.399506 11.546401 28.384766 0.096242
1650.000000 212.900055 184.271667 15.267151 37.364410 0.071326
1650.000000 108.880402 156.414124 19.212814 42.218567 0.065072
1650.000000 18.922503 184.129654 13.530798 32.334747 0.057762
1650.000000 102.638199 156.098511 29.303589 70.348694 0.054744
1650.000000 142.793640 113.631958 16.333893 37.626709 0.050992
1680.000000 436.372131 199.455795 9.931824 27.093750 0.238033
1680.000000 117.412323 137.360413 22.004730 56.174255 0.227285
1680.000000 349.053833 191.112808 10.528564 27.644104 0.120416
1680.000000 361.527985 190.970627 12.453125 30.149200 0.103256
1680.000000 119.763184 139.902451 15.619614 37.571411 0.097945
1680.000000 366.989624 190.986084 11.954224 29.915894 0.097016
1680.000000 214.480515 177.291107 12.692383 30.239105 0.056901
1680.000000 461.119507 200.460953 11.204224 29.672546 0.055648
1680.000000 467.718170 199.549774 11.793640 31.178406 0.054174
1680.000000 106.226349 149.594284 15.830109 35.564392 0.052026
1710.000000 128.262650 151.141876 18.639282 47.020111 0.394272
1710.000000 113.808990 153.093994 20.055588 47.405548 0.266515
1710.000000 213.008011 174.705215 12.944244 31.484619 0.121948
1710.000000 122.036896 136.086578 16.022797 37.461182 0.077488
1710.000000 582.006592 192.252563 19.056641 49.534210 0.070125
1710.000000 585.646851 15.490488 15.598267 38.047173 0.066954
1710.000000 55.584988 179.410202 13.322453 30.757965 0.065013
1710.000000 212.425385 177.748886 17.379395 43.257599 0.064406
1710.000000 115.754898 150.226822 14.050858 33.942627 0.063452
1710.000000 230.729752 179.909348 11.095764 27.372559 0.056552
1710.000000 118.284813 133.994202 22.729668 54.943787 0.053036
1740.000000 450.052734 187.516556 18.955078 45.748535 0.199289
1740.000000 500.211700 192.871109 14.958221 36.310181 0.143448
1740.000000 453.719910 187.093796 12.708130 30.270538 0.143004
1740.000000 441.664520 189.416733 14.935242 34.399048 0.121316
1740.000000 413.003204 195.975876 17.189392 40.544830 0.118595
1740.000000 548.291138 179.494095 20.526001 50.026398 0.070388
1740.000000 441.506165 181.265564 23.400269 57.711914 0.065833
1740.000000 505.026428 189.819351 15.251709 36.833893 0.050108
1770.000000 584.965271 196.318207 19.094116 45.398956 0.896517
1770.000000 253.779999 177.393005 13.057617 31.614868 0.311582
1770.000000 191.330032 177.481888 13.375580 31.834900 0.274783
1770.000000 188.379456 175.389236 18.988129 45.224701 0.140553
1770.000000 462.278107 188.422379 14.062256 33.292999 0.119751
1770.000000 251.175308 176.311127 18.134079 46.305359 0.088428
1770.000000 228.625610 191.537201 10.888611 25.248901 0.070915
1770.000000 594.369690 202.004333 11.228271 30.408722 0.065789
1770.000000 116.000999 166.170486 14.714790 33.896729 0.064344
1770.000000 196.560333 176.731628 12.168274 29.829926 0.050077
1800.000000 509.543579 175.295700 25.199219 63.108704 0.276715
1800.000000 123.828270 163.089905 17.834175 42.008606 0.257504
1800.000000 174.740845 148.558075 16.503326 40.237061 0.252431
1800.000000 119.678108 166.961227 15.043236 37.680267 0.213003
1800.000000 627.235168 204.660172 12.647705 33.698029 0.205883
1800.000000 515.240662 177.113449 16.768311 41.338348 0.199554
1800.000000 588.950134 215.815643 14.315430 30.563782 0.163962
1800.000000 531.961487 170.036285 14.531616 32.929077 0.143584
1800.000000 595.137146 9.792717 18.160889 44.748711 0.114700
1800.000000 520.425903 174.313095 15.279663 39.287628 0.107836
1800.000000 112.088982 167.106659 17.953331 39.654419 0.100787
1800.000000 435.060974 186.592087 11.138672 29.101746 0.098778
1800.000000 169.617493 165.086258 14.951385 35.144257 0.073287
1800.000000 507.469513 180.938354 17.941254 44.594971 0.069116
1800.000000 184.313171 181.775146 15.943176 39.280090 0.064520
1800.000000 465.497528 186.552475 14.272705 35.668762 0.063945
1800.000000 109.861130 166.528442 30.004486 70.314545 0.061160
1800.000000 171.440475 145.474197 23.692657 59.534637 0.055654
1800.000000 602.751099 205.681732 15.957031 44.375305 0.054068
1800.000000 93.663002 162.104599 15.493774 35.514801 0.050916
1800.000000 434.785492 197.126709 16.056641 37.035156 0.050637
1830.000000 604.705872 200.049789 15.398926 37.428955 0.541413
1830.000000 170.633667 170.596817 13.490021 30.677338 0.232118
1830.000000 597.823120 196.740891 21.088989 50.602173 0.197808
1830.000000 436.082092 176.403046 13.341431 32.115570 0.141762
1830.000000 201.582428 145.094376 16.752838 42.025726 0.140955
1830.000000 110.955032 173.666824 14.740936 34.671143 0.125364
1830.000000 160.036163 155.013733 12.926392 31.865204 0.124336
1830.000000 590.489441 173.285187 13.797485 33.224762 0.123583
1830.000000 575.473389 178.774673 19.276733 49.024597 0.070579
1830.000000 156.007294 158.656677 16.189148 41.198029 0.069736
1830.000000 590.609070 15.579315 18.137939 40.368294 0.058231
