30.000000 427.314423 200.889664 14.472717 33.527405 0.455099
30.000000 463.579559 202.956268 14.679871 34.238861 0.054274
60.000000 273.342560 187.058929 12.432434 31.784363 0.474547
60.000000 464.188538 196.545120 23.029419 47.579712 0.397536
60.000000 601.877319 217.335449 37.298584 111.165588 0.180264
60.000000 453.811768 186.345383 14.882385 37.393097 0.179818
60.000000 153.496811 185.681335 12.991974 32.394775 0.158361
90.000000 512.790344 178.268341 14.942627 36.128754 0.874338
90.000000 496.735626 180.341034 14.009094 33.854126 0.759328
90.000000 487.370148 181.357880 14.682129 33.364563 0.673055
90.000000 594.739136 197.255035 38.129150 91.739868 0.248730
90.000000 518.017944 178.001678 12.257812 29.174957 0.215452
90.000000 508.341644 178.686371 13.030609 32.262085 0.177806
90.000000 506.190552 176.975021 11.315002 28.049408 0.072169
90.000000 61.315350 168.674164 12.348736 31.087555 0.069893
90.000000 601.580688 197.768707 27.824951 59.068237 0.058989
120.000000 572.792908 174.767410 21.516846 50.646423 0.990834
120.000000 549.364929 180.713531 17.974854 43.777863 0.823751
120.000000 541.335388 176.694077 20.361694 48.359375 0.739140
120.000000 544.153503 166.173096 19.517334 45.031464 0.221305
120.000000 580.897522 179.240097 15.605469 33.793549 0.168898
120.000000 88.388641 172.823685 10.426712 25.709473 0.091024
120.000000 105.135254 180.917297 10.174576 27.219574 0.072232
120.000000 595.420288 130.722961 12.012329 26.548645 0.053896
150.000000 488.708801 161.686462 24.976685 62.245911 0.117255
150.000000 466.197083 168.938126 12.517395 30.478455 0.079435
150.000000 479.087738 169.086151 12.429504 28.260284 0.070792
150.000000 564.331299 154.659286 15.700928 37.249664 0.059467
150.000000 492.781525 163.427689 14.890869 35.115906 0.059109
150.000000 124.681618 186.098450 9.741966 24.064484 0.052188
180.000000 47.234913 191.091064 9.168015 24.002319 0.146687
180.000000 499.507385 172.942657 11.079712 28.115936 0.140247
180.000000 73.208496 188.664215 11.565674 27.338684 0.110263
180.000000 40.723839 190.095535 10.113281 24.612244 0.108049
180.000000 54.726265 192.666061 8.239891 21.870605 0.070204
180.000000 434.774841 184.156189 11.274170 27.256317 0.059925
180.000000 519.963135 165.485062 14.710327 38.125854 0.057831
180.000000 27.594940 193.412369 12.092628 27.543152 0.056753
180.000000 544.154663 166.711517 12.090576 28.276184 0.051322
210.000000 2.704589 190.896637 15.357368 38.835236 0.582271
210.000000 530.411865 168.916428 11.759644 31.521210 0.201858
210.000000 0.000000 188.901672 10.338387 38.531006 0.129363
210.000000 105.549408 193.050964 10.253769 22.801849 0.095877
210.000000 563.251160 161.551926 14.433716 34.792847 0.083207
210.000000 419.157745 186.986588 11.508423 28.001129 0.074256
210.000000 613.179199 153.868469 13.715210 33.960571 0.065989
240.000000 444.024597 190.025574 10.011047 26.895508 0.567599
240.000000 584.494446 166.575958 14.946411 36.856140 0.211299
240.000000 471.376465 184.057251 12.681396 34.485535 0.194739
240.000000 572.263123 169.829712 13.487793 31.799164 0.163129
240.000000 29.722038 201.528702 10.250999 24.979858 0.149443
240.000000 494.535583 184.824982 12.534058 32.415619 0.111546
240.000000 607.811646 160.478455 14.329468 33.151459 0.101497
240.000000 437.673859 188.586380 11.286377 29.145599 0.083957
240.000000 571.257996 154.940689 13.104004 30.858765 0.081388
240.000000 77.835098 196.925018 12.800537 31.909210 0.075453
240.000000 592.294067 169.329971 13.658203 32.705200 0.072792
240.000000 360.218750 179.581558 14.301453 34.236938 0.065878
240.000000 502.280975 188.234344 16.822357 41.835510 0.062308
240.000000 623.499573 153.438004 16.359375 52.904633 0.060323
270.000000 478.016357 189.531418 14.831665 37.471100 0.662482
270.000000 470.183929 191.826263 10.707581 27.876556 0.544202
270.000000 474.190338 191.965363 10.114685 29.088440 0.407595
270.000000 88.996643 195.010757 12.097885 31.461304 0.176932
270.000000 47.655849 189.941116 12.558357 32.204529 0.164628
270.000000 263.090485 172.596008 15.981018 37.458618 0.140672
270.000000 516.003784 185.204758 13.456177 34.524170 0.136097
270.000000 504.449219 180.562439 15.809082 38.274078 0.108834
270.000000 520.667725 192.580109 13.968384 35.944641 0.106864
270.000000 532.845032 184.272644 16.241211 43.875336 0.098079
270.000000 524.439270 190.551041 11.334839 28.283539 0.090119
270.000000 464.964233 192.087036 10.445679 27.801514 0.088618
270.000000 452.893127 189.837616 10.801575 27.784790 0.086968
270.000000 556.690002 176.383377 16.942383 39.994843 0.082123
270.000000 568.965393 187.505493 16.977539 41.662170 0.078751
270.000000 501.154938 187.311172 13.038971 32.039307 0.050127
270.000000 127.493279 188.311325 11.688332 29.959747 0.050014
300.000000 541.961304 190.340851 16.290527 40.775452 0.902081
300.000000 531.499207 190.458649 16.236572 40.582458 0.683331
300.000000 475.757141 187.307816 11.186890 28.390930 0.669696
300.000000 434.836304 185.250336 10.551880 29.033630 0.494254
300.000000 457.620087 183.397247 11.618896 30.319153 0.449120
300.000000 590.758606 185.284897 16.732178 40.698395 0.338659
300.000000 617.313904 177.047012 21.089233 54.727966 0.267894
300.000000 525.857666 189.436295 16.905762 42.157745 0.254865
300.000000 470.349915 186.824493 11.062256 27.464050 0.245507
300.000000 43.562454 190.907761 14.483543 33.934418 0.237284
300.000000 524.273804 190.714752 13.555786 31.377716 0.224280
300.000000 598.315918 195.061371 14.503296 33.113586 0.192865
300.000000 601.671448 189.444733 19.403931 42.361664 0.192066
300.000000 606.060425 175.052597 22.155762 54.143890 0.164100
300.000000 552.540649 192.598557 12.910767 34.005341 0.163236
300.000000 467.157928 186.926773 9.575928 25.974182 0.146903
300.000000 611.466553 191.646637 18.908569 39.793243 0.137717
300.000000 607.834045 172.780670 15.786255 39.309753 0.115703
300.000000 510.952606 199.619614 12.980255 29.416779 0.111111
300.000000 516.057800 189.728775 16.828857 39.329926 0.101428
300.000000 80.850060 183.757034 13.628967 34.091278 0.088177
300.000000 531.765198 188.001465 12.123413 29.367126 0.082048
300.000000 563.659546 191.405640 19.334106 48.890106 0.076265
300.000000 52.083595 191.862549 12.298935 31.247589 0.073514
300.000000 82.973068 187.010071 17.026627 37.119965 0.069579
300.000000 556.428711 190.911179 10.949829 28.359528 0.065027
330.000000 489.690613 182.119019 14.416626 34.670990 0.888456
330.000000 516.123535 184.662430 14.098755 34.775970 0.829067
330.000000 460.386169 182.034363 14.196350 36.111328 0.797990
330.000000 508.547729 186.389328 13.361938 32.833405 0.528959
330.000000 623.344055 185.052612 16.496338 66.149231 0.489997
330.000000 472.578644 180.930298 13.400330 32.149231 0.294379
330.000000 505.041504 188.774063 10.443909 26.606934 0.274417
330.000000 498.665924 183.977905 12.595764 31.373901 0.181926
330.000000 625.473267 188.025818 13.318481 38.329956 0.181907
330.000000 522.138733 183.339981 10.181519 26.782471 0.106188
330.000000 54.058800 202.624542 11.001923 27.411774 0.064972
360.000000 598.940796 181.118942 20.351685 48.691559 0.972416
360.000000 552.516602 175.862137 20.167480 49.387421 0.954419
360.000000 516.578491 173.414658 19.909668 52.776337 0.949509
360.000000 586.035583 178.754303 20.043213 51.300232 0.733540
360.000000 26.816410 170.824707 18.945602 45.101257 0.620524
360.000000 459.898315 188.936371 10.317261 25.066254 0.262030
360.000000 60.576477 175.604065 14.168411 33.665649 0.256045
360.000000 592.399231 185.093979 15.866211 34.879425 0.190477
360.000000 78.949684 13.863445 13.838242 34.496498 0.165760
360.000000 30.976198 169.561401 12.227934 29.921082 0.154151
360.000000 109.265846 21.302935 14.450394 34.924728 0.149264
360.000000 586.800049 176.329163 14.881714 36.300598 0.123961
360.000000 519.635498 175.494583 13.654785 33.140839 0.109481
360.000000 55.110416 6.657949 14.679478 35.110939 0.105597
360.000000 531.881409 182.265625 15.721069 36.959229 0.100912
360.000000 573.186462 182.818115 11.818359 27.267151 0.082610
360.000000 66.230927 8.760673 12.396744 31.935841 0.077706
360.000000 591.364075 182.857834 11.667358 27.765869 0.065209
360.000000 548.278076 183.961395 12.729980 32.791321 0.063808
360.000000 116.387810 185.015366 13.450722 32.871582 0.060984
360.000000 610.328247 183.861206 13.840820 33.072418 0.059182
390.000000 613.745728 165.372070 26.218872 81.820190 0.974332
390.000000 478.656891 186.444672 12.832092 31.336182 0.864495
390.000000 48.473663 199.838547 13.139954 31.780548 0.414970
390.000000 44.133274 200.951874 13.293655 32.520264 0.244591
390.000000 80.748428 199.346985 12.020142 29.361664 0.179264
390.000000 588.743225 167.535889 32.950195 78.338440 0.089917
390.000000 38.335709 198.887344 12.508354 30.811371 0.083622
390.000000 615.859131 166.577942 19.466919 54.388977 0.083524
390.000000 394.598816 174.479477 11.983948 30.025848 0.071459
390.000000 407.846588 177.067291 14.785645 34.935974 0.056800
390.000000 568.268677 190.044647 13.303955 30.186768 0.055775
390.000000 601.827148 164.546967 30.588623 80.795105 0.053228
420.000000 508.434967 185.668625 15.775726 37.925934 0.936498
420.000000 572.515930 188.742432 11.981079 28.909332 0.174906
420.000000 293.753143 164.756683 14.902649 37.699188 0.146533
420.000000 504.338989 189.454590 11.582336 29.637390 0.137269
420.000000 490.502502 175.676544 20.667969 54.998016 0.088114
420.000000 444.649506 186.834793 12.298767 27.923553 0.064348
420.000000 95.948700 189.349121 13.733459 33.194061 0.062815
420.000000 496.851318 185.696930 14.691711 34.617401 0.058926
450.000000 563.212097 180.285110 20.928589 49.467987 0.980331
450.000000 21.118406 199.903488 13.177710 34.165680 0.325374
450.000000 540.370117 190.803284 12.190918 29.889832 0.301242
450.000000 5.350770 200.817230 16.265640 36.131317 0.252104
450.000000 560.255920 185.065140 16.363647 38.414490 0.251394
450.000000 12.934637 194.695282 13.561794 31.516693 0.212304
450.000000 497.891876 185.502914 17.037323 38.522949 0.170533
450.000000 90.454285 185.750534 13.869507 33.501373 0.151443
450.000000 291.619598 162.910629 14.159485 35.841400 0.105084
450.000000 500.571472 183.583160 11.700134 29.159424 0.086543
450.000000 484.466309 185.687256 15.330444 35.232178 0.081701
450.000000 0.000000 200.335144 8.780161 36.400024 0.077442
450.000000 592.143372 193.730164 15.125732 36.353729 0.076771
450.000000 31.675367 194.684494 12.582071 30.710114 0.059278
450.000000 626.564880 181.534790 13.433105 47.539642 0.051896
480.000000 2.840830 195.166031 15.128681 31.368408 0.431992
480.000000 434.186157 193.083130 14.256714 33.584381 0.250468
480.000000 42.674797 196.910599 11.593719 29.475281 0.167568
480.000000 120.507469 192.908234 12.276405 28.029266 0.130082
480.000000 88.335632 190.858780 12.838577 30.560272 0.104897
480.000000 447.966431 189.336456 13.706909 32.167603 0.093480
480.000000 588.069458 180.743744 12.828857 31.173523 0.068079
480.000000 440.003784 193.029343 11.763123 30.735901 0.066217
480.000000 0.000000 188.995239 8.284349 37.235870 0.065358
480.000000 78.004967 192.196716 12.413971 30.957031 0.058966
480.000000 360.830963 196.767349 15.244812 37.896057 0.051149
480.000000 284.687592 162.056488 13.403687 33.270447 0.050050
510.000000 566.163391 174.196274 19.323242 45.700256 0.800876
510.000000 483.740173 187.105255 14.331909 34.524445 0.540177
510.000000 488.463379 188.216187 14.734253 37.023407 0.262262
510.000000 360.969025 181.097046 22.280457 56.024384 0.194181
510.000000 529.109863 187.007874 11.636719 28.809021 0.160970
510.000000 554.464294 179.048599 19.309082 45.814270 0.153857
510.000000 511.305328 187.662918 16.468536 39.803436 0.134961
510.000000 363.680450 180.925995 16.220581 38.281219 0.128029
510.000000 525.513672 186.802765 11.134644 28.972382 0.114879
510.000000 543.094788 180.116577 17.720703 42.504822 0.112015
510.000000 561.226135 178.775009 11.399536 29.165985 0.111288
510.000000 572.621277 175.914062 14.509766 33.552856 0.097113
510.000000 481.142365 186.290390 21.918762 50.404602 0.092122
510.000000 366.948639 189.033875 17.448547 39.250305 0.087763
510.000000 526.468628 184.160187 19.941772 45.529297 0.081261
510.000000 59.793278 201.108047 12.002338 29.860992 0.063691
510.000000 371.907898 192.042206 12.398376 27.225342 0.061338
510.000000 498.557129 192.339569 13.366638 35.819489 0.058075
510.000000 547.287109 180.706757 20.727783 48.040527 0.055677
510.000000 83.277771 198.142395 10.931000 26.543030 0.051835
510.000000 466.925354 191.007126 13.306824 31.373077 0.051239
540.000000 528.389709 185.769333 17.632935 41.509491 0.818684
540.000000 553.137451 186.987335 16.471191 39.841064 0.684930
540.000000 534.161438 185.229813 15.521362 36.289734 0.466401
540.000000 513.044556 187.435547 16.455444 36.502167 0.308167
540.000000 370.410065 176.781494 13.661682 33.841614 0.173096
540.000000 510.780060 167.969421 18.953400 47.867798 0.111806
540.000000 88.044640 191.852097 13.182251 31.148743 0.075301
540.000000 79.138000 195.140259 14.133240 33.761322 0.069017
540.000000 541.205200 191.115585 14.845337 36.028900 0.051136
570.000000 606.838562 180.059753 22.078979 55.731689 0.825065
570.000000 598.524109 182.550079 22.914917 53.327850 0.711314
570.000000 615.136108 179.912781 20.381958 53.386200 0.390914
570.000000 622.601562 194.601395 13.989380 40.371582 0.218706
570.000000 571.862183 159.602066 11.645752 29.215515 0.109307
570.000000 64.307709 194.462723 12.205124 29.543365 0.087198
570.000000 52.767376 192.980438 14.436550 34.545959 0.079698
600.000000 586.892029 107.881577 16.108643 40.061356 0.240827
600.000000 63.222015 195.308182 12.253998 29.411987 0.195093
600.000000 73.251923 197.184814 10.667023 26.534210 0.191923
600.000000 589.626221 108.070168 10.747925 29.259361 0.173979
600.000000 14.146186 195.500290 11.646043 29.275635 0.152906
600.000000 0.000000 193.112015 11.010759 34.870361 0.122050
600.000000 553.576111 113.562431 20.554565 51.276894 0.092631
600.000000 616.813477 78.924667 23.179443 86.787003 0.075243
600.000000 581.860779 107.151115 24.038330 58.819695 0.072561
600.000000 355.391571 156.635101 17.694519 41.624725 0.072339
600.000000 46.400429 192.016052 11.894409 29.213959 0.061001
600.000000 31.206820 196.613419 12.914865 31.111206 0.056159
630.000000 573.799805 95.041542 12.939819 30.853775 0.229828
630.000000 346.790985 175.308441 14.221802 35.435608 0.195062
630.000000 551.902405 96.375755 18.280518 44.586769 0.174104
630.000000 563.974670 98.684456 29.427612 74.140190 0.166506
630.000000 368.133636 160.069611 19.685791 47.417542 0.135603
630.000000 80.704361 195.209564 10.312271 26.222839 0.115490
630.000000 388.744171 173.503983 12.347473 29.395599 0.101744
630.000000 557.555664 107.496452 24.848877 60.923714 0.065935
630.000000 570.352783 99.892143 18.479492 48.973351 0.058708
630.000000 572.074036 105.578232 13.144165 32.134201 0.058629
630.000000 14.399792 195.655273 12.874428 28.300049 0.054126
630.000000 60.488216 198.990646 10.681347 27.784363 0.052811
660.000000 370.184021 153.242401 18.430603 46.250366 0.164090
660.000000 5.176958 205.510086 13.128075 27.288605 0.090721
660.000000 340.813477 178.920715 14.612610 36.083008 0.075679
660.000000 85.742744 200.977112 8.474335 22.514069 0.062390
660.000000 572.542358 84.995262 12.841309 30.411285 0.058322
660.000000 39.799194 198.590027 11.036583 28.367218 0.055514
690.000000 0.000000 197.115967 8.398517 31.783356 0.071639
690.000000 448.696198 203.845306 13.919312 32.964539 0.070927
690.000000 338.868530 193.520966 14.153687 32.539001 0.068751
690.000000 34.122986 193.970901 12.370796 28.598053 0.064759
690.000000 230.000626 169.449249 16.453339 42.901062 0.059616
690.000000 163.216858 151.838608 11.950562 27.477783 0.051320
720.000000 538.640991 197.440765 18.464600 42.332916 0.558813
720.000000 7.308718 195.009277 12.469326 32.566437 0.346088
720.000000 548.773254 190.955429 14.296143 35.529022 0.237113
720.000000 101.295189 188.474609 10.470032 26.231720 0.221945
720.000000 18.098295 190.046509 11.971291 32.946991 0.200869
720.000000 529.875366 197.309891 13.615234 33.928314 0.195496
720.000000 560.800659 224.644363 23.737427 58.765549 0.171016
720.000000 541.174316 196.540146 13.246216 30.834412 0.120935
720.000000 2.211962 196.106827 13.453873 32.963593 0.112983
720.000000 33.523266 198.773529 9.858582 23.859772 0.103623
720.000000 132.166138 179.590485 15.510742 38.184113 0.098583
720.000000 542.783936 193.875977 21.440186 51.797546 0.096009
720.000000 443.094299 178.586868 16.042236 38.396667 0.094167
720.000000 74.071678 198.599487 9.960190 20.473511 0.081034
720.000000 450.726196 183.768936 13.658630 30.363800 0.080753
720.000000 250.467987 162.780273 20.445129 51.040588 0.077807
720.000000 470.277618 186.157471 13.168823 32.197296 0.053120
720.000000 513.197876 135.293869 15.987793 36.298798 0.050134
750.000000 523.960693 182.368317 15.816528 38.226288 0.403833
750.000000 519.992554 190.880096 12.867920 30.371735 0.206145
750.000000 535.867981 185.164703 13.626953 33.752686 0.198513
750.000000 498.154480 179.329651 14.580078 36.798981 0.130296
750.000000 41.242458 200.006790 9.984268 25.204010 0.127974
750.000000 57.194767 200.192734 9.523602 22.119476 0.126535
750.000000 167.651733 158.807617 16.631989 42.398010 0.104111
750.000000 583.832642 186.314331 15.739014 42.035614 0.060475
750.000000 450.376495 135.798157 26.244141 67.501801 0.060415
750.000000 456.468750 136.768707 15.566101 38.668121 0.058934
750.000000 0.293400 190.737289 12.509216 33.627167 0.058702
750.000000 531.843689 184.311249 11.150757 29.266388 0.055063
780.000000 610.112305 179.606476 18.692993 48.299835 0.736652
780.000000 39.271957 200.661011 10.337326 24.387543 0.222299
780.000000 89.113869 170.625427 17.201294 40.416534 0.184386
780.000000 277.621826 159.867416 25.526245 65.499664 0.083650
780.000000 202.584167 156.288055 19.836548 52.511536 0.076957
780.000000 282.788086 164.756775 16.219788 39.042084 0.071582
780.000000 208.476089 158.909668 12.813416 33.843842 0.069329
780.000000 614.469604 183.049469 13.927002 32.254364 0.063923
780.000000 448.480713 177.469376 11.144531 30.279510 0.058037
810.000000 495.453613 192.833344 13.010254 32.233093 0.257978
810.000000 295.398163 166.714050 13.132568 33.284424 0.119027
810.000000 586.775269 207.078049 13.480469 27.650452 0.081274
810.000000 61.676136 170.752304 17.007366 42.794281 0.078362
810.000000 87.831589 214.208542 17.681000 42.672501 0.065208
810.000000 484.875824 187.545807 12.457947 32.202911 0.061478
810.000000 597.470154 203.540726 12.595947 27.969604 0.061166
840.000000 479.104736 188.867752 15.625854 37.394653 0.767492
840.000000 579.212952 201.388306 18.199829 44.611816 0.628597
840.000000 496.132385 185.931320 18.837280 52.786163 0.317717
840.000000 12.225988 193.327347 11.955402 31.006104 0.276031
840.000000 586.789734 196.111145 19.228149 49.610260 0.244725
840.000000 494.224854 194.206863 15.399841 36.816132 0.242774
840.000000 498.483154 193.922592 12.414307 26.256500 0.237130
840.000000 472.482910 187.896301 12.937622 33.138489 0.199254
840.000000 247.006973 164.004318 16.229782 44.514496 0.114191
840.000000 84.026581 192.569427 12.776230 30.225403 0.106353
840.000000 15.060837 190.781708 11.911182 28.362122 0.096733
840.000000 526.547974 196.582474 14.700562 36.525879 0.085092
840.000000 490.498413 195.900101 11.462036 28.961273 0.073967
840.000000 78.494179 189.731781 12.320938 32.143005 0.071993
840.000000 423.989227 191.669525 15.995911 37.392242 0.071026
840.000000 50.756569 201.018585 9.588158 23.748688 0.059507
870.000000 473.283173 184.258514 20.319946 52.133179 0.814098
870.000000 521.508179 187.516632 14.732422 35.877167 0.288753
870.000000 563.169495 212.406189 13.370483 34.570923 0.273403
870.000000 467.154266 187.204697 12.772583 31.701813 0.210048
870.000000 566.933289 210.348160 11.012085 26.303497 0.194720
870.000000 555.606140 215.626282 12.868286 30.258148 0.164551
870.000000 197.653320 165.751846 20.928192 49.663574 0.148279
870.000000 571.504456 212.970978 17.395264 44.691254 0.129838
870.000000 579.401917 210.497772 12.803833 33.626953 0.115017
870.000000 378.965881 181.873962 13.399231 32.375702 0.090632
870.000000 32.923847 204.215698 10.203873 24.332642 0.084704
870.000000 470.940308 189.805634 13.350525 30.109833 0.081380
870.000000 522.107849 204.268631 16.022583 41.440582 0.079022
870.000000 208.003647 161.102173 20.051453 47.757599 0.077583
870.000000 202.438889 164.419571 15.044464 34.736572 0.070474
870.000000 612.633301 168.115906 16.368286 38.575775 0.068505
870.000000 446.638214 195.165924 11.542725 25.950317 0.068021
870.000000 521.532288 217.901810 13.358887 33.464081 0.065017
870.000000 201.360413 161.590881 30.862610 62.925323 0.057904
870.000000 487.920868 189.496155 16.660950 39.354279 0.054664
870.000000 494.797150 203.676331 12.497253 28.556946 0.052855
900.000000 466.399872 183.519775 15.216736 39.222534 0.924308
900.000000 520.720398 174.760666 28.363403 70.488647 0.920604
900.000000 559.225525 180.151031 17.161499 39.854706 0.884528
900.000000 488.408142 178.338455 16.454285 39.885681 0.804620
900.000000 471.645020 175.682251 16.720398 42.684235 0.198825
900.000000 426.237396 178.272827 20.913940 52.464111 0.121819
900.000000 434.511841 200.446121 11.103394 25.785461 0.112277
900.000000 596.117615 225.676559 15.478394 34.339218 0.084154
900.000000 474.783417 186.995804 11.787720 33.810913 0.076361
900.000000 524.312317 203.931442 18.508057 40.506500 0.063372
900.000000 189.474533 165.753006 15.889587 42.665039 0.057262
900.000000 426.113220 193.934341 12.516174 31.345093 0.056311
900.000000 432.517731 186.337860 15.678284 37.550415 0.054694
930.000000 605.830322 194.665161 15.888062 38.205750 0.272256
930.000000 492.735077 183.899826 19.022583 45.546997 0.185807
930.000000 556.716858 182.107300 15.116943 35.240875 0.156396
930.000000 495.727448 186.917236 12.216736 29.958282 0.124114
930.000000 550.380493 181.265411 24.700317 63.291504 0.116660
930.000000 504.851562 188.678513 16.955078 40.077942 0.109726
930.000000 603.736816 192.484406 21.449707 56.949921 0.096540
960.000000 591.134705 162.086639 26.811646 73.302795 0.978332
960.000000 535.070007 178.543625 26.231079 61.006622 0.975234
960.000000 587.863647 154.875443 16.258545 36.942078 0.144685
960.000000 546.247192 179.001999 16.499512 40.299011 0.127664
960.000000 510.407043 168.090698 17.769409 41.773682 0.116273
960.000000 575.776672 168.184784 13.444580 30.829285 0.103423
960.000000 548.849792 153.979843 14.025879 30.165985 0.096028
960.000000 454.954895 145.415421 13.244873 30.576813 0.082167
960.000000 440.139832 174.907288 12.731628 28.374969 0.081605
960.000000 619.602295 161.277084 19.089844 59.076599 0.080373
960.000000 329.142731 190.250854 16.892151 41.161224 0.062057
960.000000 393.771973 176.474197 15.373230 37.394562 0.061588
990.000000 614.890808 165.429123 25.035522 95.661636 0.395747
990.000000 622.117859 169.444412 17.646851 67.439850 0.163155
990.000000 603.377808 130.511688 34.280884 132.407959 0.105626
990.000000 472.095703 163.659363 15.884216 38.472504 0.053256
990.000000 354.522461 160.065887 16.293213 39.956512 0.051266
1020.000000 424.051788 165.981308 22.490173 53.316559 0.659321
1020.000000 490.403839 169.263672 17.142212 41.035461 0.065215
1020.000000 437.362061 171.531815 13.711121 33.302002 0.051569
1020.000000 58.893181 193.276428 13.518188 32.027039 0.050298
1050.000000 462.148102 144.458923 24.941101 63.732819 0.535063
1050.000000 466.239868 144.494522 17.348755 42.360687 0.143179
1050.000000 410.994476 144.261444 24.330444 58.043732 0.096218
1050.000000 486.644958 159.027985 13.594299 29.739441 0.087511
1050.000000 22.744577 199.766525 9.300268 24.090210 0.083349
1050.000000 564.857056 178.586349 17.123047 44.252197 0.082007
1050.000000 485.019257 158.238739 20.032776 48.127625 0.070467
1080.000000 547.973022 166.593353 16.997925 43.352692 0.117208
1080.000000 564.225098 148.018448 25.541016 66.519867 0.102832
1080.000000 96.278610 193.742569 12.735260 30.278046 0.063349
1080.000000 540.736450 170.729218 12.684448 31.732635 0.057853
1080.000000 582.558289 161.584213 20.798340 52.050293 0.057804
1110.000000 316.629211 161.697952 15.309814 35.776764 0.319739
1110.000000 612.698059 155.028946 27.301941 103.730759 0.212403
1110.000000 0.178104 202.021576 15.104055 43.840027 0.201583
1110.000000 312.919312 161.453934 21.216248 52.169434 0.157533
1110.000000 0.045235 197.876709 9.600197 39.486786 0.146085
1110.000000 325.205109 167.144516 21.627625 52.569550 0.078305
1110.000000 614.457703 164.441467 20.488037 67.881805 0.059306
1110.000000 326.023285 164.729889 16.057251 38.046143 0.054471
1140.000000 308.193787 159.707214 20.210449 50.760223 0.152192
1140.000000 621.245728 153.875397 17.474121 53.082275 0.106731
1140.000000 381.080139 177.533203 13.391724 33.189636 0.071655
1140.000000 386.748810 148.243317 26.184875 66.829651 0.070764
1140.000000 523.492188 153.168945 23.784790 56.112366 0.069537
1140.000000 625.299927 189.482605 10.544556 27.415039 0.068030
1140.000000 291.263733 172.058197 17.339111 44.571777 0.057172
1170.000000 475.098816 143.335129 27.470276 71.845306 0.199808
1170.000000 391.203430 148.098221 27.023071 66.764771 0.166668
1170.000000 405.668915 173.040039 18.858643 46.736450 0.145826
1170.000000 358.888763 138.170319 27.357117 61.392395 0.138728
1170.000000 390.912689 177.668930 13.262024 32.108215 0.096166
1170.000000 456.281219 182.954193 14.376892 33.277344 0.056487
1170.000000 362.443787 138.882263 19.011902 42.857330 0.053193
1200.000000 419.462891 187.507797 10.201355 24.431976 0.265433
1200.000000 127.086014 134.405792 13.495850 32.613190 0.137409
1200.000000 476.500580 173.794876 13.946960 33.476044 0.096237
1200.000000 402.306274 162.355743 17.933350 44.609802 0.080620
1200.000000 414.477753 184.005524 11.132202 26.945465 0.078296
1230.000000 430.532135 186.806030 10.697937 27.074890 0.724957
1230.000000 493.028625 165.839981 13.000732 30.021088 0.196595
1230.000000 397.445404 187.569260 10.426941 28.355469 0.077321
1260.000000 444.599670 185.824539 12.841431 31.375305 0.872913
1260.000000 403.183350 191.755386 11.450806 26.920532 0.068794
1260.000000 32.792763 174.980164 15.537010 42.587921 0.062674
1260.000000 411.419403 189.801346 10.745789 28.715973 0.060059
1290.000000 460.376526 185.052063 14.990601 35.466492 0.942794
1290.000000 573.112427 160.972794 24.168945 57.648987 0.123960
1290.000000 0.159297 206.575363 8.219818 32.141479 0.087058
1290.000000 374.268982 182.785843 13.112671 32.970459 0.075167
1290.000000 564.903931 153.641693 16.897217 38.710297 0.072574
1320.000000 484.201233 182.927719 17.145935 42.442780 0.980036
1320.000000 91.979919 198.493393 12.855255 31.416565 0.526641
1320.000000 416.553986 178.566544 9.989441 29.444275 0.276311
1320.000000 589.719910 162.196564 14.806396 35.756439 0.271689
1320.000000 412.347778 177.232117 15.819885 38.130096 0.267277
1320.000000 421.021515 164.604034 16.088379 37.032654 0.250918
1320.000000 102.242104 194.141632 11.905106 27.343475 0.105280
1320.000000 565.126343 150.498367 16.216309 39.098724 0.095870
1320.000000 432.226990 163.601654 14.096069 34.101807 0.087738
1320.000000 506.936279 182.287430 13.872681 33.140167 0.072388
1320.000000 379.963654 178.719925 10.792297 29.122894 0.066643
1320.000000 443.333069 188.735107 12.039490 30.367981 0.052880
1320.000000 598.690918 159.548218 14.856689 37.352570 0.051599
1350.000000 524.627563 182.819611 19.312378 47.574432 0.760357
1350.000000 437.356628 186.356781 11.831482 29.654846 0.122853
1350.000000 0.034092 199.713562 11.859123 34.651550 0.090406
1350.000000 434.708069 185.539062 17.688416 41.202667 0.087447
1350.000000 390.510162 183.156708 13.927368 33.771729 0.078145
1350.000000 444.626678 187.506317 13.859558 34.272339 0.057055
1350.000000 79.194550 189.892365 11.377045 28.435883 0.052903
1350.000000 484.274933 191.324692 12.821350 27.841888 0.052220
1380.000000 596.325684 174.948456 29.153931 71.120758 0.996922
1380.000000 576.941040 173.551331 23.832520 62.675018 0.990440
1380.000000 430.298798 180.300430 14.680603 35.523590 0.648099
1380.000000 566.223999 189.711853 13.381348 31.759949 0.469022
1380.000000 438.637970 179.129593 14.130615 34.077759 0.353519
1380.000000 466.543427 149.054886 18.090820 44.121094 0.304671
1380.000000 432.656891 178.897461 17.979858 45.370728 0.170047
1380.000000 451.999603 150.829880 16.487366 38.712616 0.131952
1380.000000 471.035797 141.542114 14.888550 36.786285 0.126272
1380.000000 460.861450 142.257950 31.313049 78.539917 0.116697
1380.000000 428.615753 180.282639 11.637756 28.621735 0.114900
1380.000000 459.171600 154.561111 13.572998 31.626221 0.087364
1380.000000 594.585083 174.847549 20.189087 47.467102 0.084375
1380.000000 454.720612 150.369492 11.662903 26.443237 0.061296
1380.000000 439.217163 182.623077 18.680176 47.746216 0.060016
1380.000000 401.938568 187.516174 12.169495 33.750946 0.052378
1410.000000 466.563995 182.002350 17.836792 42.694366 0.944569
1410.000000 30.291458 185.534027 16.305229 40.344055 0.692192
1410.000000 493.158051 179.927063 15.781250 36.942139 0.552193
1410.000000 485.405212 182.025818 19.426941 44.408356 0.405215
1410.000000 479.658661 183.053146 17.976074 41.735229 0.331225
1410.000000 529.895081 192.711258 16.971313 38.745575 0.211315
1410.000000 458.942322 186.867096 15.632507 36.707611 0.186078
1410.000000 47.262665 197.862289 12.680504 30.863525 0.167485
1410.000000 482.678406 182.684906 12.232849 29.695618 0.108906
1410.000000 497.320343 182.868576 16.149872 37.687378 0.107472
1410.000000 487.912964 182.318634 13.425415 30.223633 0.106591
1410.000000 533.745178 191.437378 11.624390 27.341370 0.080826
1410.000000 36.272316 189.184860 13.999756 34.007782 0.061894
1440.000000 523.729309 174.942352 22.002441 52.992432 0.959509
1440.000000 540.575317 172.710693 23.989014 56.216492 0.656765
1440.000000 494.852173 186.812866 14.371582 33.567108 0.643352
1440.000000 551.773010 175.307312 15.803955 37.912018 0.503209
1440.000000 571.523743 180.569397 14.823364 32.052368 0.338112
1440.000000 543.061951 174.389908 16.777222 39.691223 0.288694
1440.000000 532.633240 174.716812 20.656250 52.779572 0.228395
1440.000000 575.445374 183.383072 19.268433 48.037659 0.220085
1440.000000 607.096863 120.750572 22.469360 52.969460 0.169373
1440.000000 552.244873 180.780457 19.469360 47.797211 0.169091
1440.000000 517.381775 189.521225 11.774780 28.952179 0.152317
1440.000000 554.722656 128.697708 17.180176 39.524750 0.141145
1440.000000 620.262756 115.766510 19.254395 66.271667 0.139609
1440.000000 608.979126 114.854309 29.112915 79.737549 0.132361
1440.000000 20.982611 192.976990 14.701006 35.706512 0.123147
1440.000000 552.288147 127.581436 24.573975 57.727051 0.108989
1440.000000 566.083923 184.253265 19.028442 46.090179 0.098548
1440.000000 532.305237 137.060822 13.519531 31.616791 0.082262
1440.000000 571.594849 127.390190 14.977173 36.584221 0.076737
1440.000000 520.531250 187.701157 15.860962 35.161865 0.068052
1440.000000 406.961487 181.891418 15.410522 36.258789 0.062723
1440.000000 579.161011 116.932076 16.798950 40.603905 0.062592
1440.000000 513.328369 190.262665 12.272949 29.228333 0.060371
1440.000000 298.841614 194.499603 12.344299 27.995575 0.058164
1440.000000 32.646961 200.987717 11.998055 26.965881 0.058112
1470.000000 456.945374 186.817856 14.150024 38.569916 0.086386
1500.000000 502.207947 182.892471 12.987549 32.978027 0.308796
1500.000000 483.765137 193.685165 10.807861 27.665131 0.296571
1500.000000 71.581909 202.223099 11.914093 26.839417 0.243699
1500.000000 505.862793 163.671173 17.413696 46.308716 0.126510
1500.000000 154.019745 199.734329 12.026550 29.138275 0.121045
1500.000000 19.601669 193.165237 12.483818 30.692261 0.094642
1500.000000 112.204422 201.244751 11.323456 26.701202 0.079135
1500.000000 466.697968 185.336761 13.450867 32.012939 0.066726
1500.000000 46.603024 195.550644 12.134796 28.375916 0.058735
1500.000000 100.928604 202.323364 10.635727 25.731659 0.051600
1500.000000 523.416077 169.835846 13.901367 33.994629 0.051007
1530.000000 17.913799 201.177536 12.164883 31.588043 0.319701
1530.000000 523.582458 188.233917 14.263916 34.589630 0.277470
1530.000000 33.808483 192.182556 12.092606 28.827576 0.202281
1530.000000 23.300282 199.949493 11.574940 28.414429 0.066939
1530.000000 65.142624 198.254623 12.281525 30.291443 0.057504
1530.000000 14.359315 200.039124 11.039470 26.137695 0.051425
1560.000000 546.819092 188.737564 18.691895 44.935455 0.915928
1560.000000 541.354492 193.126343 12.441772 29.738220 0.308100
1560.000000 491.231689 193.919113 17.147827 39.522278 0.187214
1560.000000 553.133423 191.296188 13.047241 32.848511 0.181380
1560.000000 532.094910 204.854340 11.946167 29.124420 0.174917
1560.000000 486.109039 187.243469 11.104065 26.613434 0.169755
1560.000000 523.593140 190.351028 11.301147 28.350128 0.153633
1560.000000 453.905029 177.832291 14.594177 34.944427 0.091224
1560.000000 482.596924 187.726898 16.369080 37.798523 0.087598
1560.000000 604.454773 196.126404 14.665894 35.791443 0.084861
1560.000000 627.125916 183.542542 12.849243 45.451904 0.074609
1560.000000 517.303833 200.003815 13.828491 33.655945 0.068504
1560.000000 618.688904 187.361237 13.900024 35.864502 0.065461
1560.000000 464.364624 180.535980 16.923645 41.176819 0.064118
1560.000000 55.117954 138.466095 13.610470 29.145111 0.061828
1590.000000 593.451843 182.837036 27.081177 67.860046 0.962671
1590.000000 504.571655 193.982498 17.789062 40.999695 0.660720
1590.000000 2.382661 133.977310 15.746206 37.248932 0.225324
1590.000000 585.005615 192.618378 21.099609 52.645203 0.146698
1590.000000 575.410095 208.392654 19.240479 47.881882 0.106702
1590.000000 590.189575 194.108002 12.534424 30.336182 0.082610
1590.000000 597.278503 204.696198 18.337891 45.598389 0.081179
1590.000000 499.725159 193.633057 27.240723 57.557739 0.080058
1590.000000 0.589993 134.668427 19.357641 65.105286 0.074678
1590.000000 576.541748 188.584259 23.393799 55.978394 0.055703
1620.000000 4.417391 132.870514 14.955736 33.180542 0.187225
1620.000000 440.621155 186.213867 17.855835 42.136932 0.123878
1620.000000 24.188309 194.519562 12.686626 30.824036 0.118184
1620.000000 46.561512 190.255020 12.321243 31.339386 0.071957
1620.000000 183.797150 196.061539 12.815857 29.017334 0.059338
1620.000000 543.690491 143.964081 15.198730 37.978943 0.057519
1650.000000 605.269043 174.890213 22.427124 57.483124 0.448817
1650.000000 609.832642 175.600449 15.766846 36.390717 0.289482
1650.000000 436.103577 185.679520 12.962219 30.727966 0.286268
1650.000000 623.416138 181.523468 16.078735 42.703400 0.100750
1650.000000 618.854431 170.396927 20.924561 72.855560 0.062460
1680.000000 113.521515 194.237305 12.346237 30.498260 0.148770
1680.000000 486.751617 180.174591 24.492981 55.055420 0.078815
1680.000000 540.669678 184.309418 14.992798 36.039307 0.066078
1680.000000 88.698044 194.583405 15.899857 33.115845 0.063429
1680.000000 45.593960 198.805298 15.285080 34.603241 0.052498
1680.000000 543.386353 183.280121 10.113281 25.584961 0.051768
1710.000000 536.740173 198.636429 15.907593 37.576416 0.050353
1740.000000 618.123901 186.668243 16.114136 46.239471 0.107978
1740.000000 595.776794 167.330505 15.307983 37.142181 0.100123
1740.000000 69.640793 193.435654 13.292450 31.419617 0.056656
1740.000000 590.434692 164.491821 26.020630 59.524841 0.055451
1770.000000 576.005798 190.356903 13.875000 33.760651 0.123644
1770.000000 564.371155 188.876556 13.011475 33.102997 0.067902
1770.000000 464.121735 190.021072 12.979492 32.534546 0.058378
1800.000000 483.068573 197.759338 13.713440 31.616180 0.206399
1800.000000 88.193558 199.806793 11.199478 24.695374 0.141059
1800.000000 622.375549 164.208282 17.552124 72.031799 0.119451
1800.000000 556.094788 187.446945 13.936279 32.089050 0.057462
1830.000000 33.458099 198.463760 12.074341 29.363281 0.466282
1830.000000 507.451630 159.244904 11.353058 26.454102 0.410388
1830.000000 581.203308 159.404068 14.216431 32.382538 0.221843
1830.000000 600.533020 160.245377 11.964233 28.464447 0.198130
1830.000000 43.583015 198.906738 10.374191 24.547333 0.176494
1830.000000 503.653900 158.220459 17.816437 42.137421 0.146878
1830.000000 524.191956 46.404198 20.781616 52.028397 0.138597
1830.000000 545.732910 28.544735 16.084473 39.348850 0.108712
1830.000000 149.928467 182.854309 11.844177 30.411682 0.084270
1830.000000 566.176514 167.502472 18.275024 44.882324 0.071591
1830.000000 583.947266 195.831787 13.685181 27.685211 0.066702
1830.000000 545.630249 25.601307 24.696899 56.314785 0.065347
1830.000000 526.424683 44.900688 14.940796 35.345772 0.064049
1830.000000 498.887512 53.851330 12.697693 29.587658 0.063583
1830.000000 564.094421 193.322937 16.216797 37.234070 0.063187
1830.000000 577.705688 156.017944 22.158447 57.910645 0.059424
1830.000000 562.956238 162.533813 25.817505 66.316711 0.058025
1830.000000 438.706635 186.867966 19.525513 47.933319 0.055552
1830.000000 500.480835 166.863602 13.634399 33.351440 0.053757
1830.000000 589.328247 162.121567 12.204346 29.472656 0.053423
1830.000000 512.731201 158.406601 14.643799 32.896027 0.051736
