30.000000 438.696930 178.424408 27.709534 69.865082 0.988671
30.000000 402.693573 176.497345 30.772034 73.211670 0.983859
30.000000 61.438694 108.505188 15.748150 37.783096 0.290527
30.000000 396.810333 178.031067 24.695740 62.529419 0.086733
30.000000 251.100571 174.822556 13.540390 34.859772 0.067010
30.000000 45.238838 106.681091 16.559517 37.686066 0.063103
30.000000 574.207031 183.814514 17.762207 39.587006 0.059058
30.000000 458.836578 183.541214 18.382324 46.931122 0.056395
60.000000 595.589722 159.381912 43.927490 178.593735 0.748714
60.000000 290.561127 173.980072 18.535522 43.907990 0.624425
60.000000 314.662537 187.136932 12.883606 32.938599 0.294016
60.000000 305.008423 186.384674 12.462158 30.565613 0.221244
60.000000 371.313202 143.443085 12.757751 29.003876 0.179105
60.000000 257.933960 176.073029 14.216980 32.465149 0.170763
60.000000 313.805817 147.481140 12.677185 31.040833 0.161826
60.000000 280.016937 178.117188 13.715027 33.638397 0.155183
60.000000 395.041229 153.072983 16.245972 39.226440 0.132669
60.000000 605.616028 111.815033 33.688721 322.597412 0.101781
60.000000 428.474792 153.881470 12.199707 27.772217 0.078074
60.000000 276.874268 177.790207 20.500305 49.034058 0.072014
60.000000 494.333954 215.594193 12.788635 32.363342 0.059494
60.000000 603.459900 133.936066 13.679199 32.283813 0.057132
60.000000 365.995941 161.086777 11.014282 29.027557 0.056499
90.000000 371.945587 182.390839 21.659607 53.590973 0.683846
90.000000 294.009064 180.432861 14.653992 34.965576 0.241404
90.000000 603.962402 224.933380 16.557373 41.157501 0.205154
90.000000 440.033936 148.835419 11.466431 27.561829 0.181375
90.000000 44.582081 79.410194 15.698639 34.796844 0.174802
90.000000 296.801758 171.777512 13.239563 29.529968 0.104296
90.000000 356.176788 186.545776 15.842529 37.492157 0.101702
90.000000 15.866375 83.499107 15.065105 37.570557 0.080061
90.000000 7.895971 159.812134 15.737331 35.730194 0.071396
90.000000 409.921936 155.710098 14.049438 32.673706 0.069765
90.000000 423.213989 145.027267 15.361389 33.543091 0.069118
90.000000 0.000000 149.334015 9.987329 45.908447 0.061841
90.000000 419.182892 145.554413 22.052002 52.933044 0.061324
90.000000 25.748058 160.290375 15.529266 37.756744 0.058211
90.000000 52.031342 70.657410 12.292656 29.897827 0.053496
120.000000 483.860382 175.494751 39.185333 94.707397 0.991208
120.000000 410.834534 164.286926 18.916199 45.293365 0.401724
120.000000 344.579620 168.154266 22.362000 55.847260 0.381361
120.000000 406.253143 164.056152 27.014099 68.822388 0.293515
120.000000 573.644958 126.757797 18.880615 49.798676 0.127729
120.000000 381.189880 168.412521 21.102722 60.042938 0.111811
120.000000 485.451172 144.353577 13.751831 30.814545 0.088874
120.000000 391.183777 168.393951 33.638428 77.900574 0.087662
120.000000 346.473999 194.586929 14.429932 29.532349 0.061529
120.000000 384.081726 168.386902 15.326477 38.929657 0.052034
150.000000 500.213257 180.416855 28.745728 77.712418 0.754357
150.000000 483.352844 173.924133 25.774048 64.491486 0.639299
150.000000 597.377625 145.896469 20.188843 45.871521 0.513260
150.000000 408.888275 161.509003 26.658203 66.605408 0.227214
150.000000 440.793976 202.783768 12.543945 30.742004 0.226877
150.000000 323.627106 203.891495 11.340759 27.101776 0.205915
150.000000 449.335785 202.750214 12.524048 31.315277 0.166898
150.000000 600.944397 145.854843 15.079102 30.386688 0.133829
150.000000 478.202515 181.997833 22.259155 55.451935 0.121765
150.000000 407.329163 182.863266 20.005615 46.048950 0.093606
150.000000 488.006653 172.983612 33.299561 81.723450 0.089838
150.000000 482.273132 203.953522 13.741394 32.077484 0.081202
150.000000 13.813930 184.032806 11.884023 28.271667 0.062934
150.000000 581.250549 170.771408 34.799072 91.760452 0.060851
150.000000 416.304443 161.338257 15.654053 34.609497 0.056383
180.000000 587.587646 167.999420 26.212402 73.928192 0.732126
180.000000 499.139709 143.667831 22.502808 55.349304 0.334062
180.000000 532.096191 154.917465 15.098999 36.366241 0.277580
180.000000 494.623230 144.078308 32.094177 78.426849 0.231147
180.000000 503.618988 143.265671 16.110382 38.900146 0.221126
180.000000 528.882751 154.978638 21.859253 56.875092 0.152314
180.000000 407.925568 157.802795 10.714111 29.069366 0.134184
180.000000 591.387329 185.214294 19.972534 47.081512 0.128213
180.000000 477.470398 190.634552 14.287109 34.252655 0.125272
180.000000 524.486816 152.522369 31.286865 84.723450 0.121639
180.000000 533.543457 182.253784 24.367798 58.910248 0.107256
180.000000 450.054199 150.622528 24.698730 61.652588 0.083919
180.000000 592.189514 175.397614 13.053955 31.088501 0.063255
180.000000 454.722229 153.191711 13.737183 32.440460 0.053859
210.000000 576.718445 151.945770 11.992188 29.302979 0.170500
210.000000 432.775543 201.181229 11.734070 30.334869 0.155045
210.000000 445.545746 208.569763 12.735840 30.242584 0.141037
210.000000 353.637360 190.343475 12.547729 31.583344 0.072702
210.000000 318.155243 170.598022 19.342041 46.258728 0.065994
210.000000 597.632385 201.039062 15.342773 32.390717 0.053644
210.000000 531.616150 155.268082 18.114014 45.741730 0.051872
210.000000 484.989716 147.129272 15.121155 36.251556 0.050726
240.000000 237.911896 99.277786 20.086548 46.959488 0.277383
240.000000 474.103760 141.995972 13.411011 31.689911 0.210114
240.000000 497.275665 100.343842 24.645660 65.269348 0.192593
240.000000 256.298920 103.289932 15.257751 33.502808 0.172917
240.000000 516.222961 214.342773 19.957397 42.325500 0.139249
240.000000 498.790131 128.742752 15.954681 37.294556 0.138748
240.000000 504.427643 120.472351 16.186188 38.863708 0.126129
240.000000 556.850220 130.179932 11.713867 25.911530 0.120289
240.000000 494.305206 137.489029 12.554199 30.991150 0.115285
240.000000 256.821777 187.640167 12.999268 32.833282 0.106803
240.000000 471.129395 142.535217 18.419067 45.038300 0.078506
240.000000 252.785400 187.121033 11.992371 31.346863 0.062671
240.000000 499.590393 101.655457 16.733704 37.802841 0.060462
240.000000 85.620300 107.329193 12.453857 30.323151 0.056278
240.000000 493.397339 131.204071 18.838257 45.776581 0.056218
240.000000 244.366272 102.173256 15.944427 34.858147 0.052275
270.000000 272.382172 189.009293 14.738770 35.885559 0.197946
270.000000 376.636078 186.643143 16.068665 40.792786 0.181396
270.000000 619.390747 226.502914 20.551270 70.097366 0.166358
270.000000 498.489563 136.504639 13.520020 32.793976 0.165782
270.000000 15.268426 166.836899 15.286563 36.357758 0.155531
270.000000 382.180756 190.087769 14.915955 35.611053 0.136222
270.000000 552.456970 125.755676 13.608154 31.226929 0.085462
270.000000 502.321136 139.617920 14.449677 32.127747 0.077801
270.000000 563.113525 117.466103 15.897705 39.281303 0.063478
270.000000 93.782127 108.825401 13.107819 31.955284 0.061614
270.000000 496.876068 136.454376 21.182281 45.960052 0.057471
270.000000 531.512146 107.034195 15.381226 34.440002 0.056834
270.000000 542.167053 122.463829 12.224365 29.263496 0.053208
270.000000 576.973816 122.917305 14.579224 36.015434 0.050647
300.000000 582.898743 104.420288 23.335083 57.334442 0.437374
300.000000 589.644775 110.443359 18.330078 42.240204 0.325416
300.000000 377.398743 187.320236 15.001892 37.896606 0.243703
300.000000 386.087402 189.932846 11.378052 28.322296 0.154597
300.000000 595.735229 109.017899 12.210693 28.060165 0.154401
300.000000 581.597961 102.259979 18.735352 40.192078 0.125327
300.000000 610.703125 88.247940 17.063599 37.513672 0.124006
300.000000 551.181274 137.072067 12.216431 28.725342 0.085990
300.000000 330.789825 136.602539 11.919495 30.259399 0.066508
300.000000 80.591766 104.262642 11.598206 28.882484 0.057162
300.000000 421.157532 138.438736 14.591675 35.525177 0.051638
300.000000 606.225098 83.258820 24.804565 60.322723 0.050931
330.000000 272.188751 142.552368 14.064331 31.876312 0.185874
330.000000 305.659607 155.583633 14.376343 36.673645 0.114801
360.000000 582.399231 111.928307 17.431885 39.144630 0.107000
360.000000 558.880493 174.322128 22.570923 50.738770 0.057211
390.000000 249.876266 175.030853 13.770889 33.475739 0.105830
390.000000 604.643616 245.809464 16.834839 39.379684 0.051365
390.000000 391.089355 187.779526 15.182739 37.818542 0.051221
420.000000 26.964668 94.734688 13.562012 34.769432 0.364810
420.000000 20.368690 91.816338 21.889862 54.299065 0.221051
420.000000 501.564880 188.821320 11.973511 29.699310 0.214054
420.000000 1.924995 91.984352 15.153498 40.286812 0.192578
420.000000 22.176544 96.541771 14.126705 36.446510 0.166419
420.000000 172.638031 53.186119 16.134705 35.241257 0.145467
420.000000 54.373116 39.811005 15.574142 36.903061 0.122501
420.000000 508.431915 179.066025 13.732086 36.422211 0.089720
420.000000 392.243317 187.654419 14.567871 36.780212 0.084263
420.000000 256.742035 171.986008 14.495178 34.611267 0.080667
420.000000 34.142746 108.434143 18.059708 41.055664 0.072492
420.000000 85.296898 94.986702 15.070923 32.975388 0.069437
420.000000 208.046616 180.599716 12.952667 33.279907 0.064838
420.000000 12.338490 153.161041 13.606010 33.004303 0.056992
420.000000 520.901855 182.801376 14.894775 32.692413 0.053325
450.000000 419.557739 192.471451 9.968079 25.504547 0.094063
450.000000 402.456024 188.462418 11.876038 28.957336 0.092584
480.000000 547.372864 177.043228 16.474487 39.784119 0.618451
480.000000 564.059753 176.877884 16.316040 43.168182 0.231379
480.000000 557.351318 184.510986 15.105713 35.366638 0.189642
480.000000 273.080536 146.151978 15.767883 36.120575 0.161826
480.000000 565.243225 177.696747 11.380005 29.801147 0.155942
480.000000 329.974060 137.823792 14.048523 33.151398 0.123607
480.000000 159.430908 41.122971 17.825958 41.399139 0.117499
480.000000 251.857513 174.647110 18.258728 42.518829 0.086522
480.000000 550.215393 176.205002 11.516602 26.998230 0.082910
480.000000 415.626740 192.775864 11.890564 28.531311 0.076776
480.000000 424.935364 186.624146 13.187744 33.385681 0.074373
480.000000 269.782318 145.936829 21.554749 54.350555 0.055239
480.000000 562.487000 172.362030 24.654419 62.111237 0.050785
510.000000 292.949341 154.562805 27.079102 70.279907 0.603008
510.000000 241.596100 176.962845 13.244751 33.027405 0.216058
510.000000 579.791382 164.275177 20.090088 53.101318 0.202924
510.000000 577.138062 162.666580 29.049438 74.597229 0.183074
510.000000 574.887207 152.910370 22.562866 54.340485 0.169230
510.000000 434.148712 189.086853 12.845520 32.424011 0.129511
510.000000 427.477539 186.453354 12.773315 32.276428 0.116446
510.000000 251.140472 176.702576 14.753113 34.439972 0.108112
510.000000 331.981598 135.496048 11.822571 29.853302 0.095718
510.000000 273.855560 144.699554 14.216064 33.083618 0.093475
510.000000 582.957397 160.452454 16.207275 38.170441 0.091231
510.000000 285.890533 152.916748 39.839294 107.438751 0.064207
510.000000 296.845062 154.606628 19.657654 46.358826 0.059715
510.000000 578.379578 167.137543 13.783813 36.083313 0.050271
540.000000 449.756012 186.887680 13.567810 35.925079 0.372969
540.000000 144.743469 24.752018 19.120911 42.465984 0.179893
540.000000 331.960602 134.183960 13.568726 30.967834 0.162365
540.000000 442.314331 190.804550 14.944153 35.732971 0.126419
540.000000 443.605011 185.583679 19.342468 48.464386 0.081975
540.000000 140.025986 24.548801 27.547241 65.216553 0.078742
540.000000 340.985413 138.182022 13.211365 28.678467 0.074441
570.000000 603.146729 117.838036 36.583008 129.669983 0.445926
570.000000 609.542847 121.934082 23.241089 56.056641 0.281935
570.000000 604.198853 162.950012 28.165283 81.756042 0.275284
570.000000 614.599548 108.834564 25.169312 75.174530 0.210943
570.000000 445.356873 191.811615 14.385376 34.289734 0.183730
570.000000 459.608887 185.024033 12.781433 30.464966 0.181100
570.000000 611.114197 126.652672 13.259155 33.492943 0.167275
570.000000 453.031982 192.949844 12.169617 31.372131 0.121754
570.000000 580.504944 161.749069 12.852295 30.247528 0.109478
570.000000 447.647369 191.733383 17.367859 45.062378 0.106748
570.000000 580.263489 184.402695 15.359863 36.433380 0.081144
570.000000 469.885010 183.012146 11.700928 29.738678 0.069942
570.000000 476.730988 192.255676 11.903748 28.379486 0.064146
570.000000 440.433502 189.944702 14.435059 35.458374 0.063733
570.000000 542.933105 192.336502 13.000732 36.283386 0.055675
570.000000 621.427124 123.877449 18.216675 46.027718 0.053097
600.000000 609.673828 160.879196 27.278198 88.373047 0.270116
600.000000 599.585266 195.066315 11.705811 27.654480 0.265048
600.000000 620.863342 122.164017 18.461548 54.693848 0.211054
600.000000 575.963440 197.572922 12.370483 30.364777 0.188314
600.000000 453.039368 194.097809 13.312805 33.020050 0.132006
600.000000 474.821075 189.489990 13.167114 32.131012 0.123728
600.000000 343.756042 154.252625 17.104919 42.294281 0.109446
600.000000 291.204193 157.394394 27.853577 71.822998 0.109334
600.000000 610.532532 121.369225 23.612915 56.919060 0.104276
600.000000 582.553345 184.122360 14.500488 35.094940 0.088764
600.000000 461.253082 188.682983 11.937134 28.638397 0.057459
600.000000 140.602783 22.289351 17.116791 36.728607 0.056914
600.000000 297.228943 156.905685 20.430115 47.548126 0.052828
600.000000 613.872437 123.160080 16.195801 36.687042 0.052630
630.000000 613.867371 171.594574 24.919800 80.991669 0.378828
630.000000 555.018677 179.452850 16.641724 38.639893 0.337703
630.000000 441.930389 191.236328 15.239441 35.958679 0.289794
630.000000 550.382385 176.302139 24.117310 53.869232 0.240127
630.000000 461.240326 190.054596 11.900513 29.536621 0.228303
630.000000 570.394653 173.875473 16.519897 40.304382 0.212038
630.000000 595.549622 167.900375 11.739746 27.550049 0.202930
630.000000 571.818726 157.291428 13.477295 32.268341 0.182102
630.000000 614.039185 124.125572 15.294922 36.158089 0.178014
630.000000 624.439941 144.555603 15.288452 37.628571 0.177532
630.000000 616.461487 174.091110 18.807983 51.660614 0.174436
630.000000 473.710205 190.616821 13.891296 33.389923 0.172754
630.000000 591.097412 165.814117 13.403931 31.590302 0.168160
630.000000 356.376862 149.888901 15.132690 34.613220 0.163198
630.000000 544.849060 183.071259 15.692749 36.939880 0.153956
630.000000 564.599915 186.419189 16.275146 39.664246 0.118875
630.000000 329.035461 150.725952 19.155701 46.572174 0.110604
630.000000 526.272156 183.712387 11.826660 28.789978 0.104467
630.000000 625.226990 126.240822 14.269897 35.834694 0.081921
630.000000 341.199829 143.690445 20.820557 57.825073 0.079621
630.000000 156.073822 197.528778 17.627472 43.914642 0.079389
630.000000 298.120575 158.381439 21.817688 52.823578 0.069439
630.000000 291.825317 159.545410 36.935852 91.011658 0.067173
630.000000 166.906021 199.048676 16.608490 39.463715 0.064462
630.000000 345.698517 144.502609 15.438843 34.125793 0.059302
630.000000 565.765076 154.484360 23.583008 59.748138 0.056992
630.000000 616.206055 174.842529 12.785034 28.696808 0.053416
630.000000 530.385620 174.613495 21.989014 58.800812 0.051246
660.000000 613.245056 164.147949 25.880737 86.475525 0.850720
660.000000 509.827087 185.874649 12.583130 29.926117 0.368499
660.000000 442.748566 189.722168 14.819458 35.405548 0.333444
660.000000 478.655365 187.243195 13.609680 33.509644 0.294966
660.000000 555.882874 177.934143 16.856812 39.640137 0.268170
660.000000 460.752716 190.684891 10.993408 27.881836 0.248315
660.000000 545.423157 179.027893 15.602051 39.024658 0.247430
660.000000 535.214355 171.079071 13.883911 35.883118 0.214721
660.000000 593.010132 165.403137 15.225464 35.768005 0.183811
660.000000 563.391663 178.375183 15.164673 36.495087 0.177632
660.000000 455.785950 191.928329 13.685120 34.752899 0.111654
660.000000 573.634521 170.238083 14.065796 34.850281 0.109659
660.000000 567.821594 182.962463 16.491333 39.922699 0.103091
660.000000 571.841614 166.216263 24.936523 61.892273 0.098728
660.000000 579.345703 170.482086 14.474731 34.894531 0.094031
660.000000 475.745117 188.939804 10.404480 29.159912 0.087939
660.000000 614.250916 123.681572 16.654297 39.731697 0.079570
660.000000 611.627136 122.476822 23.043945 64.708160 0.078485
660.000000 603.223755 140.634247 12.013916 30.331238 0.077520
660.000000 457.043915 162.970993 21.642395 55.985352 0.071119
660.000000 460.564758 164.518127 14.716736 33.649139 0.071095
660.000000 531.651733 172.226364 20.092529 58.122650 0.066056
660.000000 450.576965 198.691040 12.128479 29.442139 0.062865
660.000000 573.282532 183.758331 12.527100 31.568512 0.053571
660.000000 234.684860 183.371445 17.145355 42.683136 0.053183
660.000000 136.209656 22.260832 19.396057 42.593758 0.053105
690.000000 614.290466 166.466629 24.661987 84.082703 0.626708
690.000000 506.851807 185.636230 13.221802 32.968384 0.619290
690.000000 544.068604 184.312363 19.068848 47.787567 0.608866
690.000000 452.359833 197.518555 11.782043 30.351135 0.489573
690.000000 555.361511 177.912537 17.643921 41.596008 0.418441
690.000000 547.637329 186.007675 12.967773 31.906219 0.339852
690.000000 563.648071 177.160049 15.917603 38.599396 0.326211
690.000000 495.588501 182.612305 15.762024 38.414551 0.323752
690.000000 530.291260 172.495407 21.638184 59.268982 0.316421
690.000000 475.096252 193.276688 12.490967 29.931610 0.296755
690.000000 61.114029 166.605728 26.481934 62.637421 0.275276
690.000000 442.845917 191.837280 13.593811 33.363159 0.268999
690.000000 570.800354 170.233566 18.582275 45.367462 0.249641
690.000000 594.452637 166.245041 14.781250 33.894470 0.245470
690.000000 457.782318 193.126419 12.298706 32.547455 0.227198
690.000000 557.295776 175.665390 22.854614 54.777710 0.223158
690.000000 460.836609 189.703064 12.110352 29.843323 0.170866
690.000000 526.132874 183.756195 12.592163 28.247711 0.166544
690.000000 449.488647 197.854614 10.552307 27.298431 0.162845
690.000000 535.418823 172.792908 13.444946 32.987488 0.159254
690.000000 151.714264 187.828247 15.910522 39.311279 0.129942
690.000000 11.029944 172.796753 21.359974 50.585175 0.129160
690.000000 614.167358 124.457489 16.006348 36.834991 0.111807
690.000000 624.921448 129.552017 12.776001 31.216064 0.107376
690.000000 542.901672 179.097076 15.608398 37.453491 0.104696
690.000000 615.903015 173.146103 18.402222 54.189606 0.095471
690.000000 472.491119 189.041809 11.931641 28.054169 0.093416
690.000000 619.054260 162.266922 13.721313 28.114777 0.092415
690.000000 488.213593 176.318115 20.419067 45.964417 0.088147
690.000000 167.983871 183.850418 13.642090 33.539734 0.085572
690.000000 569.702637 182.653778 13.770874 35.172424 0.084982
690.000000 147.662460 187.427582 23.367737 55.574066 0.079061
690.000000 7.020185 171.401749 31.600779 71.396576 0.076955
690.000000 574.182922 170.429733 12.972656 31.355682 0.065178
690.000000 343.467133 144.711227 16.563171 38.032440 0.064965
690.000000 624.326782 131.681580 15.673218 46.820709 0.063784
690.000000 612.782959 122.960686 21.933105 58.894798 0.058106
690.000000 330.010223 146.898117 19.644409 49.619568 0.052022
690.000000 579.657288 180.445786 13.156250 30.141815 0.051656
690.000000 544.227295 176.475204 11.094849 28.431671 0.051572
720.000000 530.025818 172.767090 21.825928 60.803284 0.499278
720.000000 615.540649 164.573639 24.459351 85.863037 0.473136
720.000000 478.469513 187.662292 14.310791 33.759125 0.431664
720.000000 325.888153 151.967850 20.077637 48.113861 0.419215
720.000000 556.835205 179.351135 14.909546 35.999847 0.404460
720.000000 567.951538 174.713165 20.476440 50.294952 0.355739
720.000000 592.469421 164.974792 15.810425 37.628937 0.306376
720.000000 545.906616 184.459839 18.122192 44.820526 0.298913
720.000000 562.674255 179.117920 19.027954 46.861084 0.259836
720.000000 452.765198 198.235107 11.250916 28.463135 0.193986
720.000000 535.009094 171.531815 14.769409 38.220703 0.181153
720.000000 462.485657 190.169830 10.905579 28.985840 0.179139
720.000000 15.596153 167.227722 16.153324 38.565216 0.167847
720.000000 545.623535 176.089844 12.586304 31.601013 0.159251
720.000000 508.180176 187.012192 13.139160 33.084442 0.158567
720.000000 442.644714 189.655243 13.500549 32.254730 0.152085
720.000000 10.314632 168.377884 31.934559 74.080872 0.121929
720.000000 573.213501 172.443222 14.248657 35.098541 0.117489
720.000000 239.575455 180.962494 13.499725 35.596588 0.114672
720.000000 590.500671 165.119781 12.856689 26.956085 0.112195
720.000000 457.005707 195.804871 11.707458 31.451813 0.107180
720.000000 548.776550 186.797928 11.034058 30.669464 0.104459
720.000000 321.645508 151.269424 27.806702 70.131012 0.102324
720.000000 291.992004 158.181778 27.837952 73.106323 0.102156
720.000000 626.474365 128.135010 13.100708 34.218567 0.100388
720.000000 383.508789 149.108459 15.095459 37.134125 0.098330
720.000000 585.839050 163.138702 21.386108 50.590637 0.097284
720.000000 542.470520 187.236954 12.472412 31.537750 0.096696
720.000000 526.420471 184.976746 12.620361 28.849640 0.095568
720.000000 564.182678 176.898834 13.289551 31.663849 0.090570
720.000000 596.236694 163.479218 11.920288 25.457886 0.079389
720.000000 129.461136 144.264191 32.870911 80.787445 0.078775
720.000000 551.614929 178.948853 21.272583 52.507141 0.077134
720.000000 612.916443 175.193161 17.469238 44.951294 0.062755
720.000000 578.526428 175.141312 13.983643 32.088623 0.057575
720.000000 598.496521 171.186005 11.364746 30.986298 0.057094
720.000000 569.219299 180.180969 14.043579 35.025818 0.056617
720.000000 12.924238 170.363037 21.945253 52.425079 0.054950
720.000000 474.658875 198.239731 11.709106 27.596222 0.050618
720.000000 367.499390 146.485092 17.570679 38.998901 0.050455
720.000000 619.514099 162.166183 13.901001 28.411804 0.050274
750.000000 613.650208 154.339676 26.322754 97.832092 0.640493
750.000000 475.214844 192.065872 13.155701 32.993988 0.422314
750.000000 62.037876 167.871124 24.473133 63.228333 0.405383
750.000000 568.332458 181.742477 15.853149 37.359833 0.333441
750.000000 454.174561 196.818878 11.542419 31.448303 0.280416
750.000000 546.180664 183.050400 15.778442 36.783447 0.258471
750.000000 558.021606 179.327240 13.833130 35.461945 0.254043
750.000000 510.890564 188.851425 10.140137 27.667084 0.245520
750.000000 563.105774 177.562759 24.659302 50.132294 0.188764
750.000000 594.356201 166.210800 14.689697 34.592651 0.185887
750.000000 564.532532 179.705902 14.621338 35.788300 0.178077
750.000000 449.875977 197.250961 11.775146 31.304535 0.162316
750.000000 609.875183 174.177612 13.878540 32.705811 0.151748
750.000000 445.840546 193.817795 11.699524 29.975494 0.141985
750.000000 55.151878 173.107498 34.255478 79.699066 0.136542
750.000000 66.794754 169.400589 16.387192 40.284119 0.127045
750.000000 617.710938 157.519135 16.686157 44.552338 0.120024
750.000000 625.928467 127.364975 13.685181 35.067352 0.116191
750.000000 578.330322 194.217072 11.900757 28.299469 0.113513
750.000000 180.199661 181.522675 23.548523 62.120636 0.095924
750.000000 571.814941 172.405121 14.699707 38.036774 0.084674
750.000000 587.101257 168.018768 14.615845 33.791290 0.084304
750.000000 622.730957 153.953201 17.130005 67.085266 0.080877
750.000000 247.186234 185.539780 13.464462 33.194458 0.078235
750.000000 441.224213 194.146591 13.190918 33.190155 0.071174
750.000000 595.460266 186.396164 14.557007 35.658081 0.068059
750.000000 236.897278 182.381714 16.996796 43.478058 0.066086
750.000000 177.947449 199.590714 15.760925 37.077393 0.064489
750.000000 587.995605 164.352203 23.912964 59.425720 0.060572
750.000000 170.563919 200.073517 17.704010 40.072540 0.058931
750.000000 531.512695 171.916107 21.480591 58.989899 0.055218
750.000000 556.133911 176.643021 21.934326 49.161957 0.054748
750.000000 609.696228 184.574051 15.329102 35.906738 0.054400
780.000000 612.764954 163.624176 27.193970 88.039825 0.865163
780.000000 454.344818 196.726990 11.800476 31.076843 0.473400
780.000000 578.651062 194.108749 12.059448 30.543732 0.262637
780.000000 62.829857 168.216797 22.381302 51.992126 0.211850
780.000000 568.285889 181.879654 16.689575 40.771240 0.209177
780.000000 450.093140 197.654449 11.820557 29.720215 0.204630
780.000000 608.720032 192.566467 13.683228 34.608551 0.170563
780.000000 596.646301 188.509445 13.355957 32.955811 0.162737
780.000000 558.437744 179.851471 11.612915 29.050110 0.159311
780.000000 591.355225 187.167191 12.001343 29.255646 0.137166
780.000000 164.530487 182.702576 16.495789 41.904694 0.128895
780.000000 615.992065 162.481934 16.551270 33.808228 0.122512
780.000000 442.550629 191.305511 13.487366 32.529510 0.095125
780.000000 460.869843 201.241211 12.200745 32.831238 0.088152
780.000000 152.284546 188.938095 16.350616 41.789337 0.081929
780.000000 611.579651 176.784744 14.641357 38.458710 0.066252
780.000000 247.613876 181.816910 13.721237 33.544434 0.063322
780.000000 34.687843 166.051605 22.356339 52.736267 0.058938
780.000000 614.172363 191.164444 18.934570 51.941864 0.055688
780.000000 240.317200 180.988754 14.238220 33.464111 0.054419
780.000000 71.721687 177.035339 18.492081 43.056488 0.053764
780.000000 569.836365 170.597214 23.083862 57.260864 0.052490
780.000000 582.142273 194.423492 13.412231 34.014587 0.052053
780.000000 136.483353 22.416183 19.445312 42.517281 0.051815
780.000000 563.456604 187.573563 9.554199 27.053040 0.051405
810.000000 608.095398 168.763351 26.236206 82.383301 0.903362
810.000000 555.585144 177.531281 16.810425 40.997009 0.432011
810.000000 544.458679 183.614151 18.393066 44.514130 0.419764
810.000000 567.591064 181.841858 18.454224 43.828735 0.337647
810.000000 62.108200 167.782700 24.752457 63.586975 0.286764
810.000000 613.052490 170.757202 19.674072 47.382690 0.227306
810.000000 563.830322 179.230515 15.824097 40.444275 0.205850
810.000000 452.026062 197.965012 11.687317 30.189545 0.182053
810.000000 546.537842 184.774002 12.872314 31.679932 0.175176
810.000000 442.351776 186.954224 14.676025 38.381592 0.155391
810.000000 610.614441 200.328659 19.090698 49.388397 0.151860
810.000000 465.156708 190.476242 11.583862 28.542358 0.150966
810.000000 137.410538 22.205183 18.477875 42.062340 0.146634
810.000000 578.141052 182.656342 16.886963 40.876709 0.141419
810.000000 570.379517 182.636856 11.969971 31.463104 0.135941
810.000000 529.293884 173.600433 22.420532 59.902863 0.114516
810.000000 581.271179 182.734833 11.818237 28.226440 0.107930
810.000000 593.467285 163.924713 13.886475 33.225464 0.102893
810.000000 615.004150 165.236252 15.435425 33.940399 0.096612
810.000000 625.430664 131.770737 14.569336 43.623749 0.075314
810.000000 508.050415 193.678986 11.494629 28.238556 0.074578
810.000000 615.210022 192.739319 14.154907 26.642853 0.073775
810.000000 618.886108 177.453522 14.552856 31.950409 0.073329
810.000000 53.858540 168.240875 37.275951 88.967957 0.068035
810.000000 452.639984 184.114395 11.672119 27.984619 0.067119
810.000000 545.842285 175.890335 10.300781 26.296173 0.066154
810.000000 588.966614 187.672867 15.481812 35.052094 0.058021
810.000000 343.593811 142.084869 13.236572 30.375641 0.056329
810.000000 475.748047 191.054153 13.605347 32.600952 0.055656
810.000000 496.347992 184.683624 13.833862 33.626862 0.051172
810.000000 570.199097 167.880737 23.796143 58.554443 0.050282
840.000000 602.713501 171.624054 30.894531 79.989227 0.953864
840.000000 59.200672 168.495926 27.518627 65.870148 0.385546
840.000000 593.503113 165.155289 13.746826 33.234955 0.171582
840.000000 50.597229 170.387054 38.117950 91.902740 0.150831
840.000000 570.225525 183.995346 13.605591 32.254700 0.136360
840.000000 52.252350 184.343948 17.859138 42.125977 0.135436
840.000000 564.361694 177.736588 14.506226 35.808716 0.131613
840.000000 557.835266 180.003571 14.267090 35.959961 0.127260
840.000000 572.249390 174.991821 13.773926 34.603180 0.114974
840.000000 546.844849 184.471954 14.676758 33.796967 0.110069
840.000000 442.752167 188.767517 12.752686 31.066254 0.097765
840.000000 609.399963 173.307327 19.485962 45.850922 0.097072
840.000000 64.936272 168.548798 18.655289 45.617188 0.085093
840.000000 150.475327 172.646652 21.883759 54.049683 0.076847
840.000000 240.366470 180.857971 13.122894 32.891937 0.070779
840.000000 460.671967 183.909561 14.384888 35.001251 0.068894
840.000000 100.920059 178.913391 20.664429 50.922638 0.067718
840.000000 615.240601 177.898773 14.639771 30.465027 0.062523
870.000000 598.507446 174.255753 32.394653 81.043549 0.973480
870.000000 555.479492 181.204056 13.900513 33.132477 0.251901
870.000000 619.761047 189.787659 20.057861 63.413513 0.216888
870.000000 626.251648 134.852859 13.719727 48.883759 0.153316
870.000000 54.543701 194.978653 17.612091 43.328796 0.146170
870.000000 474.786835 193.312317 13.071777 30.990723 0.132499
870.000000 613.725342 124.325493 16.491577 38.594337 0.090651
870.000000 571.621155 172.451843 16.886230 42.469177 0.088255
870.000000 595.083557 166.957123 13.963135 31.680450 0.083140
870.000000 564.585083 179.786530 14.207642 33.928986 0.081402
870.000000 588.085144 166.065018 24.836792 56.174988 0.079265
870.000000 610.408936 125.890869 22.262451 56.180450 0.076377
870.000000 574.992615 173.579483 10.830811 29.640137 0.062825
870.000000 567.988647 182.821045 15.703857 41.883881 0.059167
870.000000 451.911652 197.741959 12.695801 32.062347 0.059005
870.000000 545.443787 182.546539 17.046021 49.170471 0.052824
870.000000 240.673126 182.445847 12.603516 31.171082 0.050716
870.000000 437.306763 192.741547 14.894653 35.497559 0.050670
870.000000 625.255554 194.901535 11.834717 31.510315 0.050361
900.000000 603.228516 169.387161 30.432617 87.518723 0.680071
900.000000 238.622391 183.517151 13.488312 33.643616 0.236224
900.000000 476.436798 200.053452 11.441040 26.765808 0.182925
900.000000 435.694702 196.858994 12.934631 32.448395 0.164655
900.000000 461.837250 189.848114 13.298462 31.766327 0.161867
900.000000 247.449783 181.472656 14.196640 35.739594 0.160287
900.000000 597.100647 171.161392 14.366699 33.506744 0.151564
900.000000 613.581909 125.767387 20.363037 56.626060 0.131357
900.000000 587.583252 161.501770 13.432983 30.553131 0.110397
900.000000 508.932404 189.040161 12.287872 30.295502 0.095575
900.000000 607.899963 172.086441 22.463135 52.702301 0.093261
900.000000 617.253967 126.197678 13.803589 33.179779 0.090074
900.000000 135.432266 24.809038 19.452545 40.983513 0.078462
900.000000 607.159607 126.795837 29.601685 105.821594 0.065498
900.000000 440.746368 197.413895 12.580627 31.679138 0.065452
900.000000 614.296387 173.421753 15.634155 32.875153 0.059345
900.000000 627.122986 125.570953 12.704956 35.329010 0.057116
930.000000 607.644043 171.845703 29.704102 86.790375 0.909667
930.000000 579.194885 185.679031 17.558960 44.884247 0.698237
930.000000 246.172836 183.490204 14.696274 36.159790 0.288983
930.000000 561.436523 179.113174 21.920532 55.358734 0.247128
930.000000 612.201843 173.753387 22.234131 55.797607 0.241754
930.000000 567.461731 185.085251 15.049805 36.726929 0.221279
930.000000 331.794678 143.709015 14.712219 34.790375 0.218408
930.000000 275.623779 151.952728 10.617493 26.205383 0.216152
930.000000 574.436157 197.049698 14.213989 33.069611 0.197582
930.000000 343.055878 145.673859 13.631592 32.273529 0.126754
930.000000 617.863525 126.199127 13.915283 32.658417 0.126484
930.000000 237.303680 184.690186 13.309509 32.481842 0.124586
930.000000 436.430939 192.651917 13.292419 32.607849 0.107343
930.000000 609.057129 178.612976 17.220947 42.836945 0.100331
930.000000 618.754944 176.771957 14.548584 36.009521 0.092796
930.000000 443.658081 192.483734 12.668152 29.592346 0.088966
930.000000 241.278336 182.732864 12.488831 30.096283 0.087876
930.000000 591.921570 187.580368 14.578735 34.801422 0.071489
930.000000 330.898956 142.278458 20.959473 49.882690 0.069618
930.000000 270.142029 198.525330 15.745483 35.941772 0.067819
930.000000 582.340881 162.070251 23.334717 60.166595 0.062474
930.000000 242.705109 182.055710 22.741089 49.844147 0.060019
930.000000 557.748352 203.521576 12.981934 30.991333 0.057708
960.000000 509.452972 187.832260 12.843536 32.371033 0.450289
960.000000 559.159058 181.604431 15.919678 36.513000 0.297986
960.000000 557.083923 178.938171 22.763062 55.977631 0.192137
960.000000 578.310425 185.804413 16.887329 44.030670 0.151751
960.000000 617.030945 167.648941 22.969055 92.712112 0.146834
960.000000 594.625549 194.615814 13.170044 30.925690 0.128166
960.000000 568.924927 186.639267 13.865234 32.950714 0.119734
960.000000 126.859947 18.578310 21.784935 46.085587 0.103094
960.000000 565.320496 182.619278 13.229980 34.632660 0.095688
960.000000 519.727478 187.771301 10.926758 24.777222 0.085331
960.000000 579.346191 202.073792 11.957764 29.297577 0.070813
960.000000 238.729630 184.958511 12.814911 30.768646 0.068403
960.000000 437.603302 196.808258 14.497498 33.581848 0.063863
960.000000 475.001678 189.792999 13.284668 31.956329 0.059126
960.000000 605.104675 142.326019 12.794556 29.288788 0.055517
960.000000 246.898727 188.258820 13.495773 33.610016 0.053166
960.000000 554.656311 191.297943 11.756836 28.036316 0.052874
990.000000 49.846294 15.395575 20.573811 46.500153 0.477589
990.000000 582.761230 197.249771 12.006226 30.956573 0.407218
990.000000 455.011322 197.812592 12.557434 30.416107 0.404675
990.000000 590.185913 163.686966 10.725830 26.021637 0.135442
990.000000 616.906738 181.218628 13.306641 32.862946 0.134637
990.000000 558.884827 181.516525 13.301880 35.327026 0.130992
990.000000 623.703857 189.203506 16.057495 33.103546 0.124169
990.000000 565.980286 195.266663 15.401489 38.980103 0.103302
990.000000 242.064240 184.175034 15.270325 37.888489 0.097600
990.000000 477.754486 200.135330 10.832764 27.159210 0.084679
990.000000 44.356552 15.584110 30.304840 64.596619 0.077480
990.000000 563.391235 182.546326 23.322754 51.737366 0.077182
990.000000 474.254852 189.404053 12.225525 31.682373 0.075246
990.000000 585.388428 159.871552 11.532227 28.883820 0.072978
990.000000 324.938416 138.209122 23.718323 59.266144 0.069194
990.000000 597.770081 155.138794 13.091431 30.562561 0.062428
990.000000 121.212509 12.079590 19.647003 43.576340 0.061674
990.000000 532.587402 190.841278 10.390991 26.446625 0.060209
990.000000 113.357376 29.330803 15.076050 34.642830 0.057029
990.000000 566.322510 189.363464 10.972290 28.317932 0.054804
990.000000 553.994507 189.144775 11.551758 28.839020 0.054136
990.000000 470.896362 187.912491 12.016418 29.319031 0.052288
990.000000 233.074600 179.956024 16.116608 39.965820 0.051873
990.000000 572.655396 159.475082 11.923340 28.897766 0.050621
990.000000 616.382874 120.648804 22.635986 67.574432 0.050067
1020.000000 231.350143 178.051163 13.076385 34.926666 0.281307
1020.000000 327.686401 135.307159 15.116699 35.014435 0.193784
1020.000000 321.865784 134.277390 23.438232 60.873566 0.116602
1020.000000 510.741455 187.932220 12.679443 31.426880 0.102217
1020.000000 594.744873 146.370911 15.845093 38.083038 0.094157
1020.000000 561.392029 175.061142 16.235107 40.178833 0.091405
1020.000000 605.611389 134.136841 13.976562 34.238037 0.063896
1020.000000 585.062561 150.511841 12.489624 33.411835 0.058601
1020.000000 458.387878 187.619308 16.312195 40.560944 0.052722
1050.000000 152.243454 177.857086 16.020355 40.164337 0.375917
1050.000000 348.681519 144.553314 15.603760 35.307037 0.204013
1050.000000 90.993225 128.234451 17.656082 41.844879 0.202424
1050.000000 569.766235 191.604965 15.239014 39.705780 0.189130
1050.000000 581.726135 202.138474 12.480225 28.426270 0.154036
1050.000000 165.591751 180.537033 17.013428 39.280975 0.139150
1050.000000 574.762573 197.106674 13.362671 32.785461 0.105194
1050.000000 229.541016 177.110901 13.244965 31.801086 0.092188
1050.000000 346.547577 143.060989 21.078735 54.588165 0.089031
1050.000000 161.661972 177.780579 26.127441 59.915039 0.077129
1050.000000 285.866577 153.436493 25.653809 66.082764 0.076154
1050.000000 467.760071 189.508087 15.285706 35.684662 0.069518
1050.000000 134.526154 169.826996 19.563324 46.240143 0.050218
1080.000000 586.851135 189.573486 14.852539 38.662018 0.516805
1080.000000 581.026794 195.038361 15.025024 35.234497 0.330496
1080.000000 90.422783 120.912369 15.624588 36.331451 0.308015
1080.000000 534.312805 111.938171 22.001587 53.500336 0.181643
1080.000000 266.119385 142.853455 13.184021 31.107330 0.175855
1080.000000 578.018066 145.650818 14.126465 34.164734 0.172246
1080.000000 573.221191 190.607391 15.169556 38.690613 0.156483
1080.000000 334.965454 134.724762 14.302429 35.018860 0.155196
1080.000000 592.597656 191.840805 10.911743 27.942444 0.120708
1080.000000 86.315208 120.026123 21.905273 52.868958 0.087661
1080.000000 573.428467 148.419464 12.778931 32.655304 0.074411
1080.000000 582.845520 144.696487 13.637817 33.214966 0.073513
1080.000000 574.852722 190.574005 10.263306 27.268799 0.070888
1080.000000 318.334534 134.542358 23.884277 63.893066 0.069341
1080.000000 321.824554 141.546631 15.523682 36.511292 0.063723
1110.000000 572.731079 191.242233 15.941772 40.830261 0.775223
1110.000000 585.755859 191.011337 16.458618 39.615387 0.469478
1110.000000 280.003876 151.740143 33.247864 68.199097 0.240415
1110.000000 589.118774 190.666885 11.064697 28.135040 0.176176
1110.000000 265.818787 142.654495 13.031860 30.536316 0.132616
1110.000000 575.820251 190.472275 11.087036 29.308838 0.111444
1110.000000 346.237946 141.487534 18.044067 46.647614 0.090875
1110.000000 460.408112 155.248260 14.485840 34.221130 0.084038
1110.000000 623.061890 115.134102 14.582886 36.950386 0.071331
1110.000000 582.120911 200.410934 12.976929 32.576019 0.066629
1110.000000 286.712006 152.336868 21.695496 51.380920 0.064025
1110.000000 316.281830 135.691772 25.782654 65.676117 0.060530
1110.000000 333.920532 136.459030 18.023254 41.898865 0.059575
1110.000000 609.286438 190.554688 11.682495 29.048004 0.056488
1110.000000 515.513428 189.890900 11.181152 26.997406 0.053817
1140.000000 281.741394 153.020706 30.363586 67.136383 0.114720
1140.000000 242.525818 201.188049 20.002502 51.266357 0.113531
1140.000000 323.312866 135.057678 17.449524 40.534698 0.107968
1140.000000 316.898010 135.191162 25.822632 64.922699 0.071849
1140.000000 514.909546 189.525803 11.986328 28.793396 0.071750
1140.000000 568.602539 155.397842 10.577026 27.063934 0.057843
1170.000000 585.330627 149.764908 13.134399 34.778076 0.269721
1170.000000 523.168335 182.800537 12.363525 29.521606 0.161262
1170.000000 572.235046 168.837585 14.172485 33.903534 0.067504
1170.000000 529.401306 65.429611 16.848022 38.681412 0.066443
1170.000000 281.217773 153.793304 30.434082 67.893463 0.051597
1200.000000 584.359802 149.979218 12.973877 33.504395 0.244827
1200.000000 541.175659 185.396408 14.766235 36.984161 0.214412
1200.000000 333.648438 137.097397 16.742615 39.346497 0.064532
1200.000000 322.391571 135.110016 26.959839 66.169617 0.064165
1200.000000 325.452911 135.329056 17.653625 41.505310 0.061281
1230.000000 575.165649 194.423325 12.267700 31.457367 0.174189
1230.000000 586.161865 151.090378 13.172852 33.393707 0.164259
1230.000000 281.739624 154.445908 30.124084 65.384003 0.155819
1230.000000 588.249939 193.511932 14.791748 36.985168 0.150056
1230.000000 225.968262 180.075394 15.288971 39.104523 0.139744
1230.000000 347.374756 145.422897 17.534363 44.760284 0.135916
1230.000000 590.545837 193.306808 10.058716 23.982208 0.104415
1230.000000 321.125916 136.631195 24.048279 58.422791 0.102405
1230.000000 540.492554 185.680984 11.863403 27.957031 0.101824
1230.000000 623.954712 117.611313 14.495483 33.837677 0.090331
1230.000000 523.186096 185.631668 11.440063 27.480713 0.064244
1230.000000 324.709015 136.612076 16.613586 38.637329 0.060427
1230.000000 594.281494 143.536819 13.640747 33.703522 0.052273
1230.000000 160.385437 199.506760 14.910919 36.333038 0.050959
1260.000000 585.359863 151.013824 13.035156 34.043488 0.432808
1260.000000 281.300354 155.587280 30.158020 62.809418 0.325063
1260.000000 596.109985 149.359299 14.230591 34.422577 0.192163
1260.000000 539.515686 180.465500 12.195801 28.012054 0.188086
1260.000000 316.863831 137.823578 28.279968 68.817230 0.149358
1260.000000 623.608521 118.104477 13.113159 31.299896 0.092235
1260.000000 571.044128 169.166397 16.909180 42.324768 0.077613
1260.000000 288.398376 155.939941 19.466797 46.517944 0.054291
1260.000000 621.088196 117.050865 18.836182 68.953560 0.054237
1260.000000 579.103882 158.279251 11.041260 27.408844 0.050418
1290.000000 483.370667 206.333740 12.982300 28.067230 0.335692
1290.000000 623.527954 118.061401 14.436401 34.563873 0.236232
1290.000000 596.123840 159.675964 11.840454 25.769897 0.109533
1290.000000 586.089355 193.051224 16.715332 40.640167 0.082440
1290.000000 578.526306 160.304184 10.090088 24.456482 0.077480
1290.000000 282.847015 154.689072 27.790894 70.545319 0.066370
1290.000000 543.179260 186.402100 11.814941 27.585144 0.052407
1290.000000 478.302246 208.087616 17.253845 45.979523 0.050028
1320.000000 246.974701 180.035873 19.401123 47.650757 0.325035
1320.000000 225.716095 179.208786 14.421021 35.434174 0.152627
1320.000000 324.026703 138.942154 14.162354 33.628571 0.106515
1320.000000 232.818939 179.788147 14.708923 35.187622 0.100399
1320.000000 588.030457 156.566620 12.520874 31.381500 0.089509
1320.000000 591.064941 208.922058 11.979492 29.935822 0.087731
1320.000000 480.443787 185.161591 14.292358 33.377563 0.055499
1350.000000 110.172394 180.273346 18.381546 43.341278 0.208000
1350.000000 588.873047 159.026764 14.648804 35.947327 0.193726
1350.000000 627.191101 127.260223 12.805176 38.283783 0.192495
1350.000000 247.701355 187.190292 14.344421 33.320526 0.125163
1350.000000 599.603271 155.016037 16.322998 39.232727 0.113867
1350.000000 105.365883 170.688843 18.666809 37.862305 0.103865
1350.000000 614.302002 141.468521 12.317627 33.617188 0.096817
1350.000000 472.499329 203.115967 11.917480 26.805145 0.094516
1350.000000 105.429192 178.808823 27.867867 63.950745 0.092541
1350.000000 100.719795 167.425781 26.412552 62.490173 0.082943
1350.000000 623.046570 125.195694 16.953430 63.417084 0.080873
1350.000000 64.501984 178.278336 22.601761 61.026337 0.074701
1350.000000 68.121170 177.169464 16.266235 41.090881 0.060300
1380.000000 577.440491 173.697968 14.818237 35.885406 0.333039
1380.000000 313.029175 208.536301 13.519104 31.127625 0.238714
1380.000000 85.634727 200.652603 17.732101 43.405243 0.212045
1380.000000 296.992157 211.616013 13.106750 33.965149 0.129394
1380.000000 130.269897 194.707596 19.194305 46.366730 0.116191
1380.000000 577.013306 167.545883 21.326172 52.657562 0.070657
1410.000000 431.932892 208.587570 21.373047 49.189896 0.181446
1410.000000 262.695251 200.435501 14.662903 34.736420 0.170307
1410.000000 37.582870 139.100586 12.213882 31.536530 0.134638
1410.000000 540.515381 205.802643 13.090088 35.411163 0.112386
1410.000000 549.395081 200.679840 10.403198 25.242920 0.109266
1410.000000 110.955124 194.415833 15.336243 36.823151 0.099454
1410.000000 312.355591 155.109192 14.815613 34.388794 0.069311
1410.000000 303.373688 149.672318 12.819824 27.016632 0.068458
1410.000000 303.518188 198.148987 14.146118 33.038239 0.056599
1440.000000 187.145874 187.098083 15.923401 37.692139 0.199714
1440.000000 564.485107 215.684540 9.007080 26.192505 0.198706
1440.000000 82.420181 197.328293 16.213425 40.380951 0.190152
1440.000000 168.623566 188.141571 20.626434 52.213837 0.167407
1440.000000 430.451080 208.278778 19.132507 47.311066 0.151804
1440.000000 434.717743 209.735382 12.605103 31.661163 0.143463
1440.000000 427.869934 203.183975 16.348999 38.672729 0.112800
1440.000000 124.028107 192.897568 20.641724 48.306824 0.109678
1440.000000 331.825043 210.267670 14.028320 34.126709 0.103033
1440.000000 578.622803 142.869202 18.141602 43.804535 0.089996
1440.000000 420.388123 195.656921 17.297607 43.815887 0.061662
1440.000000 415.412598 195.893631 26.555054 59.128662 0.056818
1440.000000 565.381226 152.204559 14.841553 35.291351 0.056798
1440.000000 161.548187 187.510803 13.370331 33.176605 0.056356
1440.000000 182.635834 185.661667 24.734711 59.519440 0.053673
1470.000000 98.777336 177.275803 26.191376 59.872284 0.223004
1470.000000 414.656677 192.196442 19.578003 46.610413 0.170941
1470.000000 575.655029 206.740112 10.538086 28.854095 0.130347
1470.000000 567.576782 206.295685 23.016357 52.278717 0.129442
1470.000000 117.403900 175.308395 26.702393 60.619141 0.117198
1470.000000 103.800362 178.501953 17.451614 41.415588 0.092462
1470.000000 110.088913 178.756485 23.942169 54.404510 0.058904
1470.000000 495.333160 196.408722 12.638733 32.940369 0.053770
1470.000000 90.772896 178.268860 38.498711 84.431396 0.052891
1500.000000 309.910431 193.326935 15.971069 35.778503 0.142530
1500.000000 63.084892 191.966248 14.284149 34.343292 0.111806
1500.000000 601.339417 229.490784 14.650269 36.454742 0.110038
1500.000000 31.042997 196.865768 15.017057 29.563202 0.105783
1500.000000 443.484558 185.000168 16.737915 37.707458 0.105428
1500.000000 125.176689 187.585724 13.519890 33.239441 0.090714
1500.000000 27.946480 198.732330 11.987541 29.382263 0.077610
1500.000000 569.761902 233.857071 11.904053 31.761520 0.071745
1500.000000 453.550018 183.430511 14.769775 34.146454 0.066856
1500.000000 393.733215 182.486023 19.022644 44.065887 0.060665
1500.000000 478.955872 182.299225 15.662231 32.596802 0.060086
1500.000000 78.138252 188.918716 17.949478 43.093781 0.059220
1530.000000 459.378815 179.344208 13.615845 33.834717 0.217133
1530.000000 128.249069 185.440918 14.417358 36.008484 0.189108
1530.000000 454.089661 172.926208 13.936401 34.975067 0.163273
1530.000000 451.525970 175.948990 18.749268 47.059845 0.120845
1530.000000 474.827332 192.184326 15.762634 36.905151 0.099523
1530.000000 427.506165 174.430405 16.253967 37.876801 0.093929
1530.000000 514.940918 148.409470 15.535522 34.845551 0.070381
1530.000000 509.647614 188.041885 12.764130 29.641693 0.065464
1530.000000 615.002502 160.294495 24.648926 82.782379 0.059658
1530.000000 144.747681 132.032059 12.581604 28.953491 0.057660
1530.000000 439.804779 176.160400 15.689209 39.336578 0.056393
1530.000000 617.658508 163.345062 16.455078 47.988647 0.053914
1560.000000 74.865326 160.574448 13.501556 32.236542 0.391237
1560.000000 112.287041 134.700745 13.598831 31.395264 0.276711
1560.000000 302.132294 190.663849 11.750305 25.666382 0.135157
1560.000000 104.593445 133.455139 15.074997 33.931793 0.109559
1560.000000 164.762619 186.850708 15.466400 34.975006 0.101073
1560.000000 392.163269 177.678894 25.521301 58.560760 0.094975
1560.000000 534.530884 166.820221 23.105713 54.694061 0.088951
1560.000000 158.960648 187.667450 16.736786 38.208466 0.075140
1590.000000 197.321335 192.860458 20.053467 46.248413 0.473669
1590.000000 193.609634 195.561920 11.054657 26.523865 0.249520
1590.000000 350.992401 185.447693 13.123291 31.662262 0.241337
1590.000000 395.555786 174.092499 17.728210 46.315552 0.207464
1590.000000 200.265427 193.400009 13.252625 31.510284 0.151434
1590.000000 204.109711 193.410065 16.712341 38.009186 0.098865
1590.000000 227.711929 191.732269 15.616333 38.316223 0.098122
1590.000000 398.802643 176.034500 12.709229 29.887451 0.063882
1590.000000 530.385376 209.028992 16.972778 39.955994 0.052927
1620.000000 243.953430 188.597229 14.023285 32.854980 0.095400
1620.000000 574.470093 132.439606 27.310303 81.637146 0.078157
1620.000000 215.152893 196.285492 20.227539 44.334900 0.059445
1620.000000 37.100933 133.801437 14.898872 34.446228 0.054413
1650.000000 31.000978 191.753235 12.800062 26.691742 0.323327
1650.000000 46.030624 186.159058 13.849602 35.143585 0.286756
1650.000000 51.993149 192.165222 15.547546 39.756531 0.256197
1650.000000 31.154274 192.534744 18.417870 40.730652 0.208142
1650.000000 36.440853 189.785675 13.776024 32.525146 0.134918
1650.000000 179.961441 189.098129 13.121552 29.277008 0.087977
1650.000000 42.921547 184.656815 20.717712 48.082336 0.085251
1650.000000 249.445282 73.969467 22.226013 44.847931 0.055536
1680.000000 99.763809 185.513245 15.099747 36.308929 0.072469
1710.000000 536.894836 198.696198 19.286377 49.240814 0.276037
1710.000000 513.784424 197.614655 11.368042 28.259674 0.214716
1710.000000 539.743835 197.922333 14.030151 32.606110 0.213466
1710.000000 566.491028 202.472382 13.439331 31.911896 0.193580
1710.000000 67.866867 196.931091 16.031052 39.211273 0.164836
1710.000000 74.589462 197.314026 18.013885 43.341278 0.109097
1710.000000 66.315338 192.273682 25.356613 60.575897 0.093852
1710.000000 76.861557 196.691528 13.210846 30.469330 0.059861
1710.000000 516.748291 198.546829 12.537109 30.359314 0.053425
1740.000000 553.252808 194.754181 17.839722 43.052185 0.106479
1740.000000 581.286438 228.940994 18.428345 39.550827 0.101220
1770.000000 117.151932 185.641510 11.476257 28.689667 0.336088
1770.000000 52.392662 184.560745 16.351807 40.826050 0.090653
1770.000000 83.391914 206.771744 17.725891 43.289490 0.062884
1770.000000 20.406391 175.235077 14.802486 38.420288 0.056747
1770.000000 17.016373 173.869034 26.307945 63.633179 0.050058
1800.000000 85.332848 191.700470 12.642181 32.961884 0.345518
1800.000000 81.084366 192.631332 12.775085 31.591827 0.062083
1830.000000 612.421997 187.256760 16.303711 42.334137 0.620560
1830.000000 50.403214 188.909988 13.776169 33.812500 0.198338
1830.000000 382.694885 190.570694 10.816650 27.839539 0.085157
1830.000000 31.103867 184.957626 19.998840 46.192505 0.063847
1830.000000 534.068665 162.379578 11.875977 27.007080 0.052619
1830.000000 36.893040 183.099060 13.902016 33.746246 0.050867
