30.000000 174.225616 189.307053 17.386627 41.807678 0.346930
30.000000 127.993362 180.228775 11.241119 27.589386 0.311888
30.000000 176.298019 188.443741 12.923676 28.955719 0.125623
30.000000 125.532333 180.626282 16.280243 38.637390 0.098000
30.000000 220.140625 169.630966 12.806915 31.495575 0.097687
30.000000 96.406242 177.579849 10.491364 25.156677 0.088406
30.000000 46.531483 159.668640 12.421074 28.743164 0.087996
30.000000 215.093048 168.358551 19.105316 49.282166 0.084701
30.000000 121.513626 181.405502 25.196625 61.700989 0.074802
30.000000 80.600235 189.906799 15.755707 39.716461 0.058030
60.000000 166.481537 181.189575 13.759491 34.115509 0.287215
60.000000 141.375931 179.062454 16.696960 37.011444 0.244244
60.000000 619.026367 203.358444 17.145996 40.030670 0.169644
60.000000 123.758316 181.327286 13.198120 31.341888 0.164941
60.000000 177.142288 187.232391 12.910217 31.674438 0.160450
60.000000 101.063805 181.603516 13.854218 33.558960 0.154537
60.000000 93.694862 181.381561 10.975906 26.047607 0.135897
60.000000 188.041962 179.446381 11.767303 28.650879 0.096744
60.000000 184.568710 182.447845 19.300537 46.170319 0.076331
60.000000 117.338394 180.800171 16.572983 38.963623 0.054253
60.000000 122.048950 183.196625 17.661713 42.967010 0.051365
90.000000 92.736740 181.072144 10.797134 27.486877 0.472608
90.000000 89.563171 181.805634 16.797867 42.806854 0.287902
90.000000 19.239368 191.872833 12.465866 30.516449 0.269859
90.000000 165.929657 180.784134 14.731354 35.101746 0.269696
90.000000 618.424683 209.642258 14.412231 34.848206 0.186408
90.000000 122.302452 187.218063 17.642097 46.149658 0.103164
90.000000 476.801208 99.720490 14.601746 36.032333 0.096026
90.000000 467.756622 117.211357 12.236206 31.327171 0.095007
90.000000 140.473129 183.612946 14.101807 33.854706 0.090621
90.000000 8.259452 191.105515 13.224366 32.242279 0.088992
90.000000 81.627052 191.172470 13.395386 32.727570 0.084067
90.000000 163.838272 177.023010 21.226044 54.784760 0.080458
90.000000 481.451080 97.793762 13.654602 32.954102 0.078155
90.000000 86.371391 182.056396 25.304886 63.753235 0.077385
90.000000 555.841736 182.642532 13.750366 32.994354 0.056159
90.000000 217.239594 175.760437 12.893311 32.364502 0.050426
90.000000 186.039047 183.815033 18.999329 45.957672 0.050152
120.000000 93.091576 181.370316 10.847702 26.586395 0.447337
120.000000 101.175171 182.723404 13.651337 32.683990 0.266186
120.000000 141.962173 178.626129 16.454712 37.952972 0.194012
120.000000 91.629951 182.400909 15.402298 35.830109 0.192655
120.000000 215.332748 175.003220 13.314209 32.835785 0.185624
120.000000 124.074371 185.381821 14.826202 37.849792 0.133932
120.000000 19.359650 191.780930 12.217598 31.813507 0.106312
120.000000 87.824379 182.444794 22.222946 53.224060 0.067089
120.000000 124.188446 183.108383 11.055328 26.635529 0.054763
120.000000 521.592102 144.640198 14.794067 33.727631 0.054515
150.000000 92.013046 182.200394 17.564529 41.785706 0.528754
150.000000 166.121780 181.232361 13.821564 33.834137 0.351027
150.000000 95.244263 180.401642 12.705215 30.647400 0.305284
150.000000 139.809158 178.519913 17.209259 41.449829 0.195084
150.000000 91.364899 181.576294 25.477051 57.775696 0.173059
150.000000 214.000290 175.985458 12.670807 32.148529 0.169074
150.000000 19.492537 190.414276 11.611179 28.934814 0.168761
150.000000 98.980888 181.893921 17.363174 40.208923 0.156552
150.000000 122.394356 186.105835 19.428627 50.601349 0.154777
150.000000 123.060020 184.076950 14.636833 35.479736 0.092508
150.000000 229.211029 177.221252 15.894531 37.660919 0.087514
150.000000 174.125183 175.787766 14.632874 35.466614 0.069009
150.000000 184.680374 177.914642 14.567719 34.943481 0.061223
150.000000 210.744492 174.840256 18.579987 45.506500 0.059833
180.000000 125.992966 181.438446 11.999969 29.527893 0.278344
180.000000 81.644699 191.227676 13.226669 33.283234 0.173905
180.000000 94.937233 183.356293 12.687897 30.289673 0.167753
180.000000 100.098740 182.372131 15.799316 38.365387 0.134404
180.000000 18.593662 190.880020 12.789585 32.779175 0.115688
180.000000 164.905212 181.811356 13.660645 32.536224 0.086275
180.000000 404.613953 102.318680 13.475830 31.434158 0.081941
180.000000 144.164429 176.554077 12.085480 29.661072 0.071076
180.000000 183.434525 178.549805 17.543091 41.441437 0.069496
180.000000 121.835213 183.182785 18.906792 47.201385 0.057107
180.000000 409.874390 105.469894 12.123291 27.925339 0.052691
210.000000 182.562042 176.951660 15.762085 38.011261 0.219918
210.000000 38.747322 158.393890 18.512032 45.733368 0.149831
210.000000 91.322517 178.133652 12.497543 31.449127 0.143974
210.000000 465.602631 114.814163 11.118103 28.761475 0.136616
210.000000 75.867256 189.621643 16.395981 40.660095 0.130244
210.000000 467.905853 113.980621 13.933228 33.642365 0.119702
210.000000 87.620209 180.707809 20.488281 48.177094 0.093793
210.000000 93.832565 178.561005 18.263840 42.670837 0.080292
210.000000 115.531982 183.999359 17.930511 44.257263 0.074096
210.000000 179.238983 174.328247 22.066284 58.206940 0.069551
210.000000 166.512711 178.810822 12.960358 31.373718 0.063637
210.000000 480.791748 95.260345 17.156494 40.104935 0.053395
210.000000 400.305878 91.597366 13.675598 32.497604 0.050775
240.000000 160.739761 181.295746 20.740967 48.639923 0.307903
240.000000 468.822205 109.524002 14.075317 34.731903 0.264702
240.000000 6.762687 187.405212 13.923600 34.437469 0.172623
240.000000 91.796158 178.239243 15.777313 32.839539 0.148413
240.000000 161.948868 181.012909 14.324463 34.960571 0.135986
240.000000 111.281433 181.124313 13.613678 33.070251 0.135246
240.000000 103.242180 184.247833 16.939423 38.246033 0.116400
240.000000 411.644318 97.321877 12.205383 30.272629 0.101287
240.000000 404.695679 100.726845 11.664856 28.000938 0.099482
240.000000 127.397408 181.650116 12.778175 32.750488 0.090930
240.000000 141.059402 177.332230 13.858795 34.798523 0.078624
240.000000 181.951691 176.717651 16.470825 39.856232 0.064005
240.000000 85.726135 176.696640 23.385818 53.702454 0.062973
240.000000 119.428764 184.270844 14.835732 35.595856 0.061364
240.000000 106.241257 180.794464 11.945328 29.479340 0.052122
240.000000 166.756927 180.712646 12.580109 29.899139 0.051996
270.000000 74.396240 195.805054 17.070572 45.606659 0.141761
270.000000 78.803223 189.644958 14.213837 34.940002 0.133380
270.000000 216.503433 179.578644 11.790375 29.852386 0.085565
270.000000 212.724762 181.781067 20.588623 49.309998 0.059505
300.000000 516.546875 141.501266 11.535034 30.191772 0.385695
300.000000 338.313690 199.720810 19.342957 43.468079 0.298467
300.000000 68.217445 196.504898 13.424850 33.838837 0.265965
300.000000 495.479584 131.109039 13.052185 30.970795 0.150753
300.000000 64.263687 195.350601 20.280426 49.317902 0.130061
300.000000 332.616425 197.059113 31.145142 70.353333 0.066085
300.000000 187.438324 200.892532 16.671600 38.992554 0.061873
300.000000 330.718506 195.553818 18.417786 42.965637 0.051837
330.000000 88.001671 192.667969 15.590607 37.811493 0.236726
330.000000 107.922096 191.707626 15.061096 33.431305 0.217576
330.000000 15.336969 198.668488 13.853226 33.607422 0.197129
330.000000 97.969673 192.340714 14.489761 32.933502 0.065184
330.000000 60.195900 204.722763 13.536636 35.080170 0.064955
360.000000 0.225838 227.456451 24.759386 86.783447 0.580883
360.000000 66.085754 183.780045 14.951675 34.243011 0.320743
360.000000 82.116409 189.294052 12.083664 30.867981 0.131579
360.000000 42.582180 190.291443 12.944641 32.007690 0.092541
360.000000 94.162804 191.158829 11.459808 27.537720 0.084825
360.000000 533.996216 67.650162 16.436157 37.618805 0.064881
390.000000 17.691881 174.070404 13.103813 33.990662 0.552936
390.000000 62.384983 178.486755 13.717594 34.100281 0.187572
390.000000 344.010376 175.704254 17.201782 40.448425 0.153259
390.000000 107.990906 182.053619 11.496719 28.700714 0.126493
390.000000 13.342443 179.252838 17.758121 42.939697 0.125943
390.000000 112.395561 182.215668 11.100525 28.012238 0.101840
390.000000 338.661407 173.880753 26.212097 61.294830 0.098820
390.000000 75.673889 179.166641 12.495636 31.826263 0.096308
390.000000 538.737244 147.993607 11.867920 28.520660 0.076338
390.000000 565.863586 136.786728 13.373169 29.891571 0.074940
420.000000 596.944458 13.903413 12.522095 29.139668 0.209012
420.000000 44.076733 177.255157 12.000916 31.660614 0.158396
420.000000 589.329773 13.618725 12.805786 32.394238 0.140071
420.000000 56.262760 179.009262 12.370502 29.648804 0.105873
420.000000 602.299072 10.746918 13.056274 30.785709 0.100686
420.000000 103.175163 176.937531 10.799927 28.147522 0.100190
420.000000 622.705933 91.668221 12.811035 27.494110 0.077784
420.000000 592.736938 159.838226 11.110718 27.536011 0.052597
420.000000 623.174622 88.933784 16.144043 52.477318 0.052589
480.000000 43.165146 213.709106 13.931541 31.651428 0.626931
480.000000 477.568756 222.164658 14.731506 35.171127 0.140183
480.000000 221.738052 209.170547 10.440491 28.113373 0.124408
480.000000 494.110504 219.519867 12.044678 29.757996 0.100388
480.000000 475.693115 224.741699 21.459473 51.875061 0.090896
480.000000 279.387360 212.621231 15.086975 37.449310 0.087456
480.000000 268.763123 214.841415 12.715637 30.413635 0.076833
480.000000 70.487892 214.759811 11.548767 29.303406 0.069768
480.000000 9.601274 215.163864 10.166353 24.892059 0.069440
480.000000 51.438038 214.861191 12.824665 30.658569 0.056435
480.000000 424.560455 223.946335 13.714111 32.684647 0.052697
510.000000 66.820030 185.597305 12.261353 29.651337 0.439286
510.000000 207.090469 175.922363 13.846710 36.247375 0.281179
510.000000 49.834492 187.830734 12.842537 32.102631 0.247979
510.000000 124.125298 176.082932 13.808159 33.635071 0.119633
510.000000 586.497192 206.538040 13.300293 29.063324 0.114173
510.000000 101.899872 184.713135 10.473663 25.885284 0.086189
510.000000 56.774643 187.540695 11.714806 27.131012 0.085704
510.000000 525.255615 176.177338 14.926758 38.959595 0.081496
510.000000 583.829590 206.296021 18.609497 46.949921 0.064614
510.000000 64.525826 184.079483 10.517258 25.602051 0.055536
510.000000 98.197937 186.688446 11.606583 28.395233 0.052411
540.000000 76.586143 239.218750 13.064819 29.280731 0.227279
540.000000 22.787975 240.303024 12.460011 30.380234 0.219032
540.000000 17.830879 240.713242 13.910583 32.581284 0.125087
540.000000 86.220642 231.127472 15.893173 37.947144 0.087783
540.000000 374.854675 238.895096 18.173340 43.126816 0.061387
540.000000 395.736694 221.833588 12.310669 30.570557 0.057549
540.000000 227.608551 209.182037 16.266754 38.942169 0.053666
540.000000 13.503173 241.248993 13.549443 31.063049 0.053329
570.000000 538.228210 213.990540 14.140381 33.361023 0.357283
570.000000 44.132202 225.297424 13.825218 34.106628 0.323283
570.000000 22.121386 221.797134 12.377573 27.719269 0.262294
570.000000 37.243206 226.465027 15.953232 32.331635 0.247502
570.000000 372.375488 202.230560 13.325378 32.841064 0.207547
570.000000 0.048849 207.363159 24.263973 72.003143 0.143335
570.000000 1.463409 206.859344 16.656548 43.540741 0.125839
570.000000 410.356720 210.511658 18.441162 46.511536 0.120918
570.000000 379.945038 209.551102 10.419067 26.482971 0.083514
570.000000 149.472321 215.273529 12.448364 31.419952 0.074748
570.000000 59.399128 210.645172 13.920315 32.982330 0.061910
570.000000 0.000000 203.511856 8.955729 46.223633 0.060445
600.000000 369.918518 213.131180 10.642273 24.921600 0.199327
600.000000 366.135437 210.494171 11.153442 26.436951 0.135894
600.000000 105.316711 149.137756 13.514481 31.944092 0.070324
600.000000 567.235046 174.476807 16.453003 38.366486 0.070070
600.000000 566.921570 210.263550 17.658936 41.881897 0.067219
600.000000 0.067706 199.194992 9.436518 43.425232 0.060580
600.000000 364.395935 210.550140 16.294983 39.871368 0.058086
630.000000 558.822632 143.883530 22.324951 49.693878 0.607859
630.000000 60.379684 200.870712 14.556961 34.030151 0.399706
630.000000 563.170166 144.221603 15.704956 35.172699 0.190792
630.000000 577.571838 138.892319 16.287354 39.686829 0.117195
630.000000 552.633362 142.311386 32.336792 70.649506 0.109676
630.000000 66.736244 199.009109 12.852844 31.091553 0.089264
630.000000 611.660400 132.605545 26.961914 76.766052 0.071758
630.000000 75.518837 203.977951 12.417343 30.030212 0.064633
630.000000 54.285282 201.019684 13.498913 33.122711 0.056130
660.000000 364.847137 188.914261 16.680237 39.339600 0.141355
660.000000 258.372864 209.234375 11.718018 27.191437 0.100998
660.000000 38.393219 181.992935 14.735199 36.104004 0.062122
660.000000 173.425201 207.981308 10.145508 24.750824 0.052099
690.000000 32.531479 203.598709 13.270683 31.335541 0.159282
690.000000 38.126526 117.608025 13.910973 35.106651 0.105943
690.000000 554.263062 118.501686 13.788330 32.363304 0.092516
690.000000 0.953016 202.216003 15.526398 40.418579 0.091640
690.000000 341.422241 177.068100 25.130798 62.113983 0.081356
690.000000 9.664933 200.513458 17.863968 41.342896 0.080708
690.000000 563.916809 120.116806 14.589844 33.403656 0.069114
690.000000 601.698608 157.715393 15.931030 38.671967 0.054255
720.000000 590.446899 167.535843 16.069214 37.573761 0.301417
720.000000 563.228577 156.372223 17.597046 41.550507 0.282496
720.000000 572.471313 160.337570 16.747803 38.244751 0.239759
720.000000 579.515564 92.822754 16.251587 36.590546 0.231778
720.000000 563.531494 157.950027 11.816772 29.656769 0.192857
720.000000 366.206787 183.470581 11.756653 28.586212 0.155620
720.000000 593.872559 161.460892 28.171265 60.723633 0.154765
720.000000 587.449402 165.838379 23.363037 52.449066 0.128447
720.000000 602.346863 160.964294 17.084106 40.765015 0.121015
720.000000 595.684814 168.139893 15.035156 32.918945 0.099770
720.000000 610.431580 102.354507 14.750732 35.652649 0.084599
720.000000 613.152222 113.337242 14.057983 28.271477 0.082336
720.000000 578.070862 163.921036 12.681885 29.671906 0.079385
720.000000 555.345947 88.082916 14.591431 34.638947 0.073295
720.000000 587.300964 176.425537 14.578735 32.211761 0.058492
720.000000 569.210815 157.289291 12.948242 31.446381 0.057525
720.000000 600.847473 98.960014 14.580566 35.539116 0.055749
750.000000 114.315445 205.915558 11.694977 28.874939 0.412277
750.000000 539.880737 161.078842 16.654053 41.463501 0.208924
750.000000 536.175598 164.119202 23.243042 57.670380 0.114784
750.000000 489.737091 148.349396 21.643982 49.902985 0.106363
750.000000 134.683029 201.306534 12.104431 29.877228 0.062285
750.000000 61.780128 206.188324 15.925995 35.772827 0.057255
780.000000 95.470726 202.094482 13.236969 33.020752 0.671874
780.000000 38.726990 200.077988 14.122742 36.328918 0.281692
780.000000 299.415863 194.220978 16.492249 40.090485 0.224366
780.000000 120.776482 197.772110 12.362846 29.408813 0.197461
780.000000 22.235767 200.182663 13.640381 31.307678 0.134468
780.000000 174.939972 198.329727 10.381287 28.045166 0.074335
780.000000 104.716484 205.605148 9.354004 21.240234 0.068625
780.000000 18.109783 205.394455 15.734035 38.718689 0.059102
810.000000 52.914749 198.620712 16.448967 39.438721 0.921447
810.000000 87.241501 196.981644 12.877060 29.323151 0.661549
810.000000 0.224791 197.973602 12.538248 37.328583 0.261096
810.000000 18.726345 201.549042 10.365231 26.020630 0.189371
810.000000 4.125827 198.836639 13.457791 35.150024 0.127886
810.000000 379.816071 180.789673 14.312256 34.524658 0.101940
810.000000 94.203705 202.165619 13.782822 29.921997 0.066854
810.000000 62.082680 199.695129 10.014191 23.711731 0.056741
840.000000 30.724577 196.627762 11.851236 30.792847 0.550413
840.000000 544.184021 143.074219 24.904663 59.516632 0.374187
840.000000 534.942566 159.701828 21.077881 46.910492 0.287222
840.000000 539.476990 158.609528 14.319214 32.361115 0.142785
840.000000 603.087769 126.672478 14.514526 35.106972 0.138685
840.000000 553.347046 144.885437 16.667603 40.108276 0.103987
840.000000 287.856720 191.072632 15.659119 37.350494 0.100575
840.000000 494.347382 177.476120 19.720123 46.733704 0.077306
840.000000 223.549789 169.081863 13.179504 31.241608 0.063499
840.000000 71.300438 191.468933 13.006714 30.715698 0.054286
840.000000 18.729149 197.736694 9.337353 27.376862 0.053170
870.000000 539.361267 181.001694 10.499634 23.593384 0.249670
870.000000 436.968536 190.107925 14.021362 34.136627 0.232502
870.000000 536.559937 182.414871 15.225586 36.318817 0.096665
870.000000 445.194885 187.585022 15.947693 42.254547 0.062191
870.000000 25.963022 184.498001 13.955973 32.911560 0.061724
870.000000 0.224779 189.570923 13.913924 39.781708 0.061514
900.000000 279.772217 178.877289 14.587280 36.299194 0.417403
900.000000 444.921783 188.612640 14.352234 30.260345 0.239120
900.000000 429.147766 188.679718 13.687561 32.008514 0.174849
900.000000 275.736969 178.085968 22.886353 54.101105 0.097032
900.000000 123.370270 194.759521 11.801605 27.158508 0.081112
930.000000 518.700500 182.570938 21.883301 50.545593 0.391017
930.000000 483.231293 184.251434 18.385925 42.837585 0.329948
930.000000 100.650490 195.194885 12.780334 32.928680 0.265795
930.000000 191.465973 182.939087 12.487762 29.944183 0.237248
930.000000 459.031647 186.343750 14.901733 32.849640 0.176597
930.000000 111.668716 193.493805 12.562180 29.591339 0.101842
930.000000 287.113525 177.970444 13.775879 35.392456 0.096813
930.000000 396.539795 191.298065 12.164490 29.134155 0.092136
930.000000 512.576538 182.014221 34.005005 70.623505 0.083497
930.000000 462.103699 196.614365 18.212036 42.758728 0.082264
930.000000 121.264252 194.748535 12.146118 30.379028 0.067500
930.000000 521.924438 181.552002 15.587769 34.799164 0.054259
930.000000 539.534851 197.773682 17.224609 40.336334 0.052301
960.000000 499.253418 185.408676 22.154114 51.817139 0.761808
960.000000 544.451538 181.055786 19.859497 44.757446 0.425079
960.000000 66.159683 192.643173 13.322983 32.011749 0.364248
960.000000 468.820343 184.185471 13.938538 31.516998 0.307439
960.000000 503.765076 185.471466 16.029480 35.620667 0.234220
960.000000 547.871765 180.379227 12.078857 31.586945 0.192590
960.000000 20.880249 192.697220 13.461189 34.858124 0.168700
960.000000 434.407501 190.838867 16.288086 39.407013 0.131214
960.000000 140.406021 91.143013 13.066620 30.572556 0.079605
960.000000 534.007141 179.878769 28.676514 63.779388 0.078650
960.000000 610.765930 175.684402 29.180420 99.125870 0.070028
960.000000 540.876160 181.009506 14.506470 32.386932 0.053803
960.000000 50.105457 201.242294 13.181381 33.625854 0.051519
990.000000 566.017334 183.057648 24.769531 56.978790 0.378623
990.000000 17.238899 192.933441 14.532951 35.593475 0.266043
990.000000 571.256042 178.955093 18.001587 40.470551 0.209235
990.000000 510.704681 183.758896 13.547211 32.715546 0.154644
990.000000 505.699371 181.388550 23.141998 57.339447 0.142708
990.000000 30.310764 198.028992 12.841415 31.398071 0.117668
990.000000 76.261467 192.712006 12.806931 30.846649 0.109101
990.000000 596.073975 190.227661 19.929810 48.868744 0.088885
990.000000 559.101074 181.164749 36.333740 81.504684 0.081782
990.000000 20.830479 190.694641 12.175453 28.195374 0.078113
990.000000 7.521295 195.619019 14.119082 31.878937 0.063761
990.000000 420.657257 153.687180 16.696838 37.200226 0.056984
990.000000 120.926651 193.130539 10.279388 23.896088 0.056344
1020.000000 71.240967 189.409012 13.129868 28.779694 0.698706
1020.000000 19.134617 189.079681 11.862080 27.841095 0.642916
1020.000000 506.243958 184.101959 18.706665 43.906342 0.395203
1020.000000 502.611511 183.467773 26.646851 61.749054 0.170282
1020.000000 507.881073 183.549850 12.430573 30.332947 0.167762
1020.000000 60.379654 189.972229 16.598083 39.855255 0.153518
1020.000000 66.197990 189.690887 13.374802 30.227753 0.123017
1020.000000 51.210358 185.162643 12.653076 31.716827 0.103639
1020.000000 548.256714 177.949951 17.351196 40.975952 0.084393
1020.000000 42.971657 194.353012 13.985313 35.726166 0.083471
1020.000000 467.449463 171.674225 15.729797 37.161102 0.076986
1020.000000 15.518204 187.602722 18.011765 43.098389 0.067801
1020.000000 61.548653 189.846634 11.901718 27.015320 0.061155
1020.000000 53.668522 186.471146 14.901539 38.818146 0.051953
1020.000000 332.462036 170.590912 15.728638 38.792419 0.050145
1050.000000 54.545280 186.851624 13.857536 29.176361 0.915574
1050.000000 44.236794 185.565704 11.875870 28.946564 0.680544
1050.000000 558.210449 177.511520 19.912720 46.172272 0.520845
1050.000000 14.910573 180.002716 16.192451 38.613037 0.436433
1050.000000 28.075041 182.503876 13.875883 33.494171 0.431058
1050.000000 20.664137 181.778015 12.751833 32.472107 0.392752
1050.000000 419.287506 171.160263 17.511475 43.991791 0.378954
1050.000000 434.985565 167.549530 18.120972 42.889099 0.234272
1050.000000 37.782562 186.713379 10.890060 26.171356 0.225013
1050.000000 33.075123 184.499283 12.930946 29.294403 0.107562
1050.000000 51.061646 186.916412 12.544464 27.365601 0.104349
1050.000000 22.366600 180.349335 22.107231 49.779388 0.104082
1050.000000 551.076050 177.251984 31.614990 75.865173 0.102875
1050.000000 559.756592 177.548737 13.980347 31.178497 0.098883
1050.000000 496.526398 142.551315 16.909760 39.155518 0.088394
1050.000000 342.381989 174.767944 12.608704 30.706635 0.064708
1050.000000 17.221935 179.290634 11.475086 25.353516 0.060582
1050.000000 428.760925 166.330841 23.059143 60.232330 0.055264
1050.000000 429.530548 168.294281 14.526733 36.403076 0.050609
1080.000000 36.216469 188.854874 12.120529 26.448578 0.319145
1080.000000 22.195154 189.068405 11.679190 29.358948 0.300485
1080.000000 505.645813 161.049850 20.935181 48.833374 0.092421
1080.000000 331.517761 174.253891 18.484924 45.067688 0.056263
1080.000000 482.069122 4.571871 17.561768 40.628548 0.054608
1080.000000 626.031494 167.464447 13.927612 66.075348 0.050059
1110.000000 20.942156 189.274918 15.036016 32.262939 0.955538
1110.000000 6.847847 187.711136 14.345312 31.777893 0.769955
1110.000000 0.006578 190.880936 9.579199 37.687012 0.170642
1110.000000 3.472954 189.531723 11.840487 28.889313 0.164962
1110.000000 450.971039 142.888245 12.239380 30.329987 0.068853
1110.000000 494.955627 159.070892 20.967896 53.692139 0.068741
1110.000000 14.390648 189.361572 15.086372 31.554779 0.067224
1110.000000 455.102936 142.805008 11.742981 29.303650 0.062811
1110.000000 361.251038 183.575729 14.468872 33.929718 0.053336
1140.000000 26.270041 189.915100 14.850435 35.540863 0.941996
1140.000000 11.700783 190.043320 14.394524 32.203125 0.849408
1140.000000 451.364410 185.524734 14.693604 35.350403 0.240347
1140.000000 459.720245 181.686569 16.719116 40.006256 0.221290
1140.000000 452.143463 184.133423 20.792053 46.721863 0.097679
1140.000000 6.983685 190.579025 11.302787 29.062317 0.075901
1140.000000 493.112274 128.762283 13.473389 31.599609 0.071426
1140.000000 326.311401 85.597969 15.586914 34.402618 0.068763
1140.000000 546.390686 151.861084 14.344727 33.424072 0.065874
1140.000000 464.174011 179.163513 20.430664 47.596558 0.064998
1140.000000 34.729305 192.308243 11.459534 30.245361 0.064189
1140.000000 0.081408 186.055420 9.410724 40.064972 0.063284
1140.000000 525.207886 143.320343 39.598633 91.272522 0.055931
1140.000000 587.195251 64.690613 16.755493 37.766800 0.054111
1170.000000 116.920883 195.204102 18.004959 45.002167 0.585264
1170.000000 620.949158 137.627228 15.626953 49.005249 0.218504
1170.000000 580.667725 136.612000 24.115479 49.345978 0.189176
1170.000000 112.044998 192.957397 26.106537 64.642426 0.186841
1170.000000 589.574646 142.472076 16.001465 37.920258 0.161438
1170.000000 613.104004 139.937119 15.857178 39.291168 0.134165
1170.000000 622.974243 139.116623 12.073730 27.168243 0.121681
1170.000000 604.271606 139.247101 16.729736 40.236176 0.103423
1170.000000 604.399719 136.241928 25.624146 52.495148 0.089575
1170.000000 579.388306 179.885727 15.283203 34.411011 0.089247
1170.000000 574.989258 181.041733 14.525635 34.326324 0.088190
1170.000000 582.464111 139.576767 13.620850 36.467590 0.086250
1170.000000 575.605835 134.870819 34.178955 82.071686 0.086197
1170.000000 67.011375 202.784225 32.283218 77.046921 0.083915
1170.000000 175.699326 193.862671 12.427155 30.768433 0.066815
1170.000000 613.300842 135.080551 12.826538 28.834747 0.063668
1200.000000 78.537567 191.599838 17.128784 42.558594 0.072969
1200.000000 296.424438 144.622910 14.878967 37.946381 0.059637
1200.000000 84.335327 191.764816 13.364273 33.914001 0.053591
1200.000000 198.464859 178.689087 17.098114 41.651123 0.051056
1230.000000 314.384979 196.916336 16.394592 38.571472 0.961141
1230.000000 295.462067 194.770325 16.051514 38.656250 0.941823
1230.000000 482.496277 174.214401 17.693176 43.734222 0.250547
1230.000000 302.886139 197.801178 14.401306 32.032745 0.076418
1260.000000 397.528168 194.671768 18.097717 42.219452 0.985755
1260.000000 416.972748 196.382156 18.650757 42.380890 0.973069
1260.000000 407.058472 198.335983 13.996948 34.166534 0.072872
1260.000000 393.857849 196.400803 14.603394 33.428619 0.067722
1260.000000 424.718201 198.317566 14.682983 35.417755 0.066963
1290.000000 419.785400 193.683029 18.265930 44.087769 0.989550
1290.000000 440.002258 193.911301 19.796631 45.133453 0.975870
1290.000000 427.635162 193.260010 15.978577 37.144958 0.134390
1290.000000 416.360535 196.288757 11.845032 29.571198 0.097439
1320.000000 316.351440 184.117630 21.957825 50.170746 0.992740
1320.000000 293.805603 182.789337 22.169800 51.326324 0.992639
1320.000000 308.154388 182.131683 12.832275 30.774597 0.187940
1320.000000 289.122833 184.752991 17.102173 38.022552 0.135796
1320.000000 307.561279 182.464523 17.584778 44.382843 0.121785
1320.000000 510.798553 200.085297 11.643402 29.907715 0.065778
1350.000000 108.823517 176.453110 23.837082 58.060181 0.996098
1350.000000 137.918137 177.594330 23.916931 58.530243 0.989255
1350.000000 577.383972 173.750580 25.795532 59.245972 0.622174
1350.000000 428.530762 184.396652 13.502319 34.170685 0.239108
1350.000000 146.028351 179.232407 20.485840 49.653595 0.222913
1350.000000 583.703674 177.235504 16.073120 36.973999 0.211316
1350.000000 399.497467 168.761963 20.276062 52.800873 0.191036
1350.000000 571.863037 179.332474 16.345215 38.850952 0.171531
1350.000000 124.740250 170.922241 15.407745 41.684875 0.170804
1350.000000 457.257233 183.640106 10.597290 25.404236 0.146174
1350.000000 396.669708 177.672180 16.341980 37.719086 0.143082
1350.000000 464.719299 183.510864 12.104614 29.253235 0.128290
1350.000000 451.994141 184.879150 12.124817 26.352386 0.125991
1350.000000 562.496643 175.647003 19.166992 47.796112 0.115788
1350.000000 86.160301 178.547302 17.499298 42.966095 0.114882
1350.000000 576.958069 178.123032 17.877930 40.973785 0.107496
1350.000000 578.957581 180.524750 11.927368 29.627258 0.095525
1350.000000 403.390808 168.939819 13.736938 34.416809 0.079384
1350.000000 347.212097 191.780792 11.984924 28.490234 0.074675
1350.000000 568.255310 176.951965 24.422241 55.024048 0.071274
1350.000000 105.830238 183.961777 15.048187 36.653046 0.070336
1350.000000 567.561157 172.119812 40.169922 88.215729 0.061250
1350.000000 93.581741 181.519669 15.738708 39.776306 0.057772
1380.000000 509.326965 192.692078 23.989990 53.822784 0.288346
1380.000000 514.491028 193.795258 16.410889 37.954803 0.258592
1380.000000 420.806488 172.299088 20.662231 51.196014 0.116977
1380.000000 427.849365 176.255386 15.346130 35.253540 0.080005
1380.000000 533.887634 195.415359 18.678345 40.266846 0.078461
1380.000000 434.205688 174.562698 19.002014 44.330688 0.077709
1380.000000 501.547485 161.441010 11.950928 26.323547 0.071844
1380.000000 516.984131 188.756607 11.457520 29.333801 0.071092
1380.000000 202.001617 165.768997 18.303375 44.726715 0.055999
1380.000000 445.985931 175.583633 18.436340 45.793701 0.055181
1380.000000 316.500336 171.186096 13.379333 34.330566 0.051896
1410.000000 365.480133 166.899307 19.963379 48.285339 0.568006
1410.000000 368.463806 166.036026 13.927002 31.469269 0.259156
1410.000000 471.315338 184.770416 13.317017 30.580750 0.127171
1410.000000 359.814148 166.539642 30.611938 68.144470 0.121763
1410.000000 468.533600 185.561447 18.172729 43.558563 0.054634
1440.000000 465.583740 184.436111 13.659180 33.814514 0.381452
1440.000000 459.715118 185.315872 26.251770 63.641418 0.125206
1440.000000 572.838379 34.870445 14.038818 33.558594 0.115852
1440.000000 511.743011 194.772659 17.435516 44.412170 0.076160
1440.000000 514.175903 194.415787 12.025635 30.693390 0.062464
1470.000000 582.724915 38.535282 13.013550 30.982021 0.197697
1470.000000 231.463745 173.170807 14.857117 37.325623 0.188149
1470.000000 602.086182 50.956776 14.204956 33.051678 0.143130
1470.000000 100.282448 191.619965 12.893661 34.066925 0.113860
1470.000000 584.325623 174.318420 21.822998 49.630463 0.111377
1470.000000 5.563548 176.039261 15.963209 41.676575 0.088699
1470.000000 482.874481 174.179825 18.697388 45.499969 0.087970
1470.000000 562.401428 42.446739 11.747559 28.625237 0.086100
1470.000000 576.591675 38.792168 20.317139 53.058472 0.081657
1470.000000 557.346191 36.441204 11.623779 28.417881 0.080604
1470.000000 213.559174 193.057663 14.273865 33.878845 0.071000
1470.000000 423.800568 179.256454 18.802673 47.863037 0.064750
1470.000000 33.539478 189.127899 14.026886 35.001587 0.059731
1500.000000 607.362732 59.271034 13.333374 31.704483 0.290678
1500.000000 620.151001 200.976349 15.092773 42.746857 0.252068
1500.000000 490.991058 194.494171 14.189026 33.390656 0.171285
1500.000000 459.127502 196.834167 12.274231 27.424469 0.117871
1500.000000 577.723511 37.466351 13.465210 31.954205 0.075287
1500.000000 594.341309 137.729675 12.034180 32.206543 0.053776
1530.000000 575.775452 30.703285 10.944702 28.352715 0.140683
1530.000000 261.726288 185.608154 15.353821 36.781677 0.140553
1530.000000 578.944397 32.353226 11.671631 31.148788 0.092857
1530.000000 598.365356 37.269913 17.951172 42.844772 0.084508
1530.000000 579.996033 32.045181 16.894775 39.848923 0.067553
1530.000000 596.283936 29.413382 14.247314 35.299454 0.057340
1530.000000 266.178192 182.551941 14.665344 34.949890 0.054833
1560.000000 11.064857 185.171417 17.875927 46.874176 0.228090
1560.000000 235.212006 195.663849 12.608063 30.831024 0.100458
1560.000000 390.865875 177.112701 30.614380 73.637573 0.074702
1590.000000 318.780151 202.685150 17.599426 39.183044 0.263466
1590.000000 79.639977 192.274017 14.242767 33.325165 0.091432
1590.000000 125.927948 190.562912 16.095276 38.700256 0.057247
1620.000000 28.150677 0.291767 68.619659 116.598328 0.193909
1650.000000 3.577769 173.161301 28.437683 69.607208 0.979553
1680.000000 490.461670 153.628983 24.473022 56.613708 0.692472
1710.000000 480.482697 194.405319 9.806580 24.098846 0.487234
1710.000000 498.928253 186.043777 18.058929 43.313416 0.395251
1710.000000 42.426346 179.574326 18.481422 44.911621 0.324129
1710.000000 511.445953 185.133911 19.117279 50.922394 0.247326
1710.000000 466.929443 189.146729 15.114197 37.732117 0.240465
1710.000000 91.019127 161.679321 19.437256 49.330750 0.228009
1710.000000 37.039967 177.108566 28.486217 70.384521 0.182064
1710.000000 480.439209 193.567383 15.157471 34.661926 0.173866
1710.000000 96.125694 163.918442 13.509552 34.983337 0.164937
1710.000000 487.666595 180.454315 21.257507 49.415253 0.134145
1710.000000 57.071617 172.997421 14.386307 37.115662 0.102355
1710.000000 142.099289 174.131500 16.176086 39.263184 0.100415
1710.000000 598.394104 219.684494 15.700684 38.198715 0.092289
1710.000000 84.773254 160.102631 29.053955 70.410156 0.091254
1710.000000 603.516418 212.936005 19.101318 44.690155 0.091225
1710.000000 79.401192 166.761688 13.007416 32.431366 0.090402
1710.000000 133.557556 180.745285 17.167480 41.713226 0.081698
1710.000000 52.607780 175.357544 22.611519 52.725952 0.062979
1710.000000 136.961166 171.858826 26.372192 67.178589 0.061512
1710.000000 455.533020 181.598022 12.485718 28.933868 0.054982
1710.000000 42.541416 174.968063 35.868328 83.418228 0.053622
1740.000000 515.087280 193.848312 10.846558 25.807861 0.651634
1740.000000 546.968323 192.933380 17.033813 39.809326 0.642625
1740.000000 447.801086 193.080612 11.624207 28.624451 0.394880
1740.000000 502.623352 190.128479 11.075867 26.677338 0.379339
1740.000000 508.305878 186.173538 12.826996 31.025146 0.226867
1740.000000 458.458344 196.191788 11.719849 26.893768 0.222644
1740.000000 57.015636 201.146545 12.523602 31.106903 0.201088
1740.000000 452.446289 193.618927 11.410095 28.144745 0.176428
1740.000000 440.327332 192.417313 9.980530 26.463531 0.171510
1740.000000 503.255646 183.914780 20.525360 47.748932 0.080884
1740.000000 573.947327 180.667358 15.671997 38.539276 0.078984
1740.000000 553.884277 192.592255 13.739136 30.463715 0.065913
1740.000000 548.114563 207.000732 12.329590 27.491669 0.064007
1740.000000 142.725189 189.701752 12.770752 32.735962 0.059809
1770.000000 523.419373 185.114899 14.048340 34.394714 0.771129
1770.000000 535.945190 191.407608 13.543213 30.450684 0.656146
1770.000000 442.261139 191.667419 12.030701 31.036591 0.624029
1770.000000 17.935448 194.869217 12.861202 30.208893 0.529346
1770.000000 567.339111 181.639542 24.949463 61.858795 0.313370
1770.000000 447.291656 194.427933 11.265930 27.029114 0.203564
1770.000000 460.457672 195.267365 12.227844 27.515381 0.193492
1770.000000 120.676117 192.512482 15.779968 37.259949 0.148445
1770.000000 589.383606 176.342041 32.012695 69.525909 0.124242
1770.000000 12.009140 185.766724 15.254742 37.370239 0.121610
1770.000000 532.300903 183.255264 14.213501 36.821442 0.117100
1770.000000 451.408264 195.565796 12.472046 26.831635 0.086190
1770.000000 473.769318 191.945419 14.579468 35.143860 0.084886
1770.000000 606.871826 175.085388 14.037354 35.855164 0.080921
1770.000000 518.752686 162.338867 21.725098 57.373688 0.080663
1770.000000 612.887695 184.171417 16.043579 39.500031 0.068389
1770.000000 578.804199 185.350235 16.583252 40.739319 0.064384
1770.000000 161.628326 198.776031 10.979492 26.799225 0.060519
1770.000000 0.000000 211.461060 12.683365 36.297333 0.059653
1770.000000 192.034836 201.582321 10.155243 24.330231 0.055891
1770.000000 597.106262 29.039902 20.285522 42.682663 0.050091
1800.000000 577.626221 185.046112 17.156372 40.870514 0.988525
1800.000000 562.732300 176.448898 20.615234 47.811829 0.968478
1800.000000 453.079224 184.831711 13.698608 35.825470 0.738164
1800.000000 467.962494 189.569809 12.084961 30.843567 0.177362
1800.000000 73.024841 187.837067 12.951218 32.899414 0.174194
1800.000000 569.973145 177.167191 16.100220 40.737732 0.129943
1800.000000 460.552460 195.024933 11.613342 26.701111 0.123129
1800.000000 208.164047 186.775284 10.991791 26.773315 0.116415
1800.000000 481.814301 185.711807 13.182678 34.776184 0.093656
1800.000000 486.681702 162.391037 22.893372 63.712677 0.068050
1800.000000 125.524101 195.938370 12.240028 31.664368 0.061647
1800.000000 95.068268 195.520874 12.299744 29.909302 0.061620
1800.000000 157.981140 193.656448 11.153595 29.507599 0.054045
1800.000000 337.442566 166.091263 16.223206 38.408569 0.052972
1830.000000 582.487549 182.704544 22.079956 52.745239 0.989242
1830.000000 560.730103 173.007324 23.111206 59.213867 0.985335
1830.000000 409.278320 184.027374 15.960266 40.427734 0.846589
1830.000000 134.422852 181.102615 13.801788 34.670227 0.434655
1830.000000 421.729218 190.000061 13.743958 33.861115 0.352285
1830.000000 568.562561 184.174179 18.559937 49.262360 0.230642
1830.000000 62.123734 194.886505 12.866943 35.484772 0.227363
1830.000000 18.913170 197.219421 13.704597 32.764893 0.159708
1830.000000 401.545532 184.758484 16.395813 39.115936 0.153483
1830.000000 30.372711 190.939819 13.099182 32.282318 0.131570
1830.000000 10.315578 200.824554 14.695347 37.947449 0.113394
1830.000000 72.579704 200.124863 11.377777 30.422791 0.093824
1830.000000 409.040314 178.427872 12.762634 30.180084 0.087457
1830.000000 416.729553 189.263016 14.648132 35.187378 0.082536
1830.000000 406.908539 183.610428 11.312073 29.103760 0.072841
1830.000000 468.169800 169.266113 18.194824 43.315521 0.062086
