90.000000 226.963501 251.218750 89.496582 215.417908 0.050387
210.000000 219.681152 128.945816 14.805237 36.912872 0.056000
240.000000 278.146423 139.008606 18.331421 45.086548 0.166138
240.000000 202.237015 160.816437 13.404755 32.882599 0.055106
270.000000 280.039062 147.736755 27.160889 66.754089 0.155673
270.000000 263.009949 166.748108 12.620972 31.952911 0.060031
270.000000 192.629181 155.916168 15.044006 36.897003 0.055467
300.000000 280.863251 158.154297 25.373352 59.095581 0.227448
300.000000 238.750198 173.564163 16.938263 42.853607 0.135604
300.000000 177.949829 179.059586 19.386505 44.507599 0.050325
360.000000 332.642120 191.722260 25.864929 60.963776 0.390313
360.000000 200.974014 215.263824 13.436829 35.499939 0.296368
360.000000 164.845123 215.355148 17.426056 38.797272 0.069012
360.000000 180.966446 209.318832 16.976685 38.974243 0.065759
390.000000 334.698914 192.689941 27.671631 60.318817 0.093909
660.000000 261.304779 195.749039 62.958618 151.253342 0.994150
660.000000 145.065552 179.757599 77.139984 179.031494 0.990171
810.000000 596.459900 121.353203 34.802124 86.379066 0.202303
810.000000 374.277100 132.768005 20.205444 46.037659 0.159870
810.000000 542.303894 126.057968 23.722900 55.436493 0.144107
810.000000 370.240540 132.063812 26.444519 73.509430 0.062351
840.000000 432.132629 159.260757 18.046936 42.583496 0.170883
840.000000 533.558105 136.511520 18.437622 42.957794 0.145202
840.000000 524.183777 138.871002 15.094482 35.097992 0.126971
840.000000 360.258972 142.183044 13.425232 32.640320 0.071436
840.000000 493.720001 137.441895 20.210663 46.919189 0.059141
870.000000 553.024841 143.485184 29.518677 71.460175 0.107094
900.000000 269.756653 185.719482 13.274414 33.798950 0.190852
900.000000 287.280548 189.454651 14.679443 33.194031 0.066948
900.000000 213.192642 169.444565 17.539978 45.853577 0.052546
930.000000 466.058838 212.273590 13.006775 32.247620 0.284616
930.000000 617.930725 183.014389 22.068726 94.598923 0.148035
930.000000 447.160614 186.588837 19.099182 44.704102 0.125815
930.000000 531.231934 196.231232 18.932739 45.528564 0.077506
930.000000 623.288025 191.582260 16.432861 42.286407 0.076649
930.000000 177.972321 177.267578 20.393280 56.002930 0.060294
960.000000 120.789368 205.634644 20.995544 48.626953 0.194702
960.000000 123.869873 204.993942 14.555756 35.701782 0.123808
960.000000 206.710052 196.450653 16.090729 40.184143 0.054273
960.000000 448.195770 173.049759 24.723328 60.680969 0.053866
960.000000 196.385605 191.244019 14.253662 35.684387 0.052577
960.000000 425.334137 185.298233 16.450745 40.630463 0.051969
990.000000 259.445831 196.408173 13.366455 33.767548 0.420372
990.000000 10.722799 210.468231 19.391987 44.149475 0.143000
990.000000 7.482123 210.260941 27.120049 63.635483 0.091922
990.000000 592.553528 181.681427 17.953979 41.046906 0.069094
990.000000 238.932205 207.850723 11.888184 28.596619 0.055090
1020.000000 587.756226 173.707748 27.447021 56.466736 0.310489
1020.000000 596.480713 176.218384 19.773804 42.387177 0.066368
1050.000000 256.495117 200.274918 12.636963 28.968170 0.481328
1050.000000 248.221481 193.027069 15.215591 43.077545 0.117947
1110.000000 583.914795 150.272293 37.835693 97.815277 0.131219
1110.000000 552.422607 163.613617 22.905029 52.807190 0.055480
1110.000000 550.405518 161.496262 34.335938 83.726074 0.050252
1140.000000 607.069641 152.218216 32.849976 100.537537 0.114877
1230.000000 547.940247 189.653839 54.810791 116.404694 0.530090
1260.000000 186.200989 207.634995 32.714630 80.737930 0.582419
1260.000000 570.592896 180.646225 67.937012 159.112076 0.511637
1260.000000 151.917053 198.614563 33.161926 82.027039 0.126679
1260.000000 110.347969 198.968018 32.570305 70.414276 0.114702
1260.000000 589.742859 181.439392 46.349854 103.327393 0.090174
1410.000000 584.940247 119.337402 54.415161 274.784180 0.158123
1440.000000 584.467468 122.427750 55.340210 270.963562 0.113183
1470.000000 585.256714 122.479187 54.609009 273.894653 0.099158
1500.000000 584.551392 120.592850 55.246826 275.848572 0.088312
1680.000000 13.190512 0.195662 34.473106 45.951988 0.070028
1710.000000 276.159821 180.054016 14.870850 33.754486 0.141053
1740.000000 3.528996 174.192596 22.263733 56.613983 0.646393
1770.000000 315.866974 182.846298 22.715698 49.747620 0.070774
1830.000000 314.956635 183.689590 26.237305 55.452209 0.344466
1830.000000 320.328156 184.614105 17.770203 38.668396 0.078577
