30.000000 515.743835 73.148071 15.537964 38.208984 0.326946
30.000000 62.090431 198.624954 11.511963 31.890808 0.286535
30.000000 487.904724 195.255997 14.596741 33.506744 0.230397
30.000000 370.893646 83.879906 19.758850 48.497078 0.207936
30.000000 467.226746 193.732361 15.801514 35.384644 0.202439
30.000000 416.964386 129.654266 16.429993 38.223053 0.166099
30.000000 484.555725 191.581421 21.230713 54.721313 0.155894
30.000000 573.688416 177.156601 14.976562 37.462158 0.152367
30.000000 430.444580 192.734940 11.813965 28.832275 0.147174
30.000000 571.062683 174.413391 20.370728 56.060028 0.136229
30.000000 503.587097 80.935020 12.821533 30.346664 0.133019
30.000000 467.027405 85.897278 16.271179 38.567169 0.130715
30.000000 532.665649 79.221977 15.255005 34.878616 0.102531
30.000000 15.561708 215.922852 14.546413 33.242279 0.094442
30.000000 513.919983 69.398163 22.009521 56.375595 0.089509
30.000000 463.921814 192.568832 21.612549 51.815277 0.087701
30.000000 489.343567 91.940063 16.118469 38.920273 0.086245
30.000000 372.780090 83.148117 14.440491 33.547058 0.077485
30.000000 467.696228 77.724869 14.529297 31.195282 0.071347
30.000000 544.619812 133.354050 16.450317 36.068787 0.064070
30.000000 70.828224 203.294250 13.550476 36.080750 0.059080
30.000000 511.162109 193.208374 15.486938 36.602020 0.058616
30.000000 485.813293 213.057053 12.517395 31.915222 0.057812
30.000000 473.462402 194.633530 14.844360 33.564270 0.057402
30.000000 455.054016 196.022034 11.194397 28.631317 0.054076
30.000000 116.352264 206.651184 11.875320 24.389771 0.053462
60.000000 491.304199 191.689041 16.012085 37.139923 0.531033
60.000000 555.354431 179.587341 13.436523 32.264679 0.432817
60.000000 471.610748 193.222382 13.450012 32.291229 0.313133
60.000000 461.615936 196.850937 14.092957 32.399506 0.238528
60.000000 487.715240 190.533981 22.551758 58.042480 0.226671
60.000000 552.996277 180.275085 18.608643 46.928253 0.213530
60.000000 577.811401 176.607895 17.881714 43.318329 0.207929
60.000000 131.350922 187.437561 14.237976 36.461823 0.182993
60.000000 430.961700 194.371613 12.564148 30.890045 0.163356
60.000000 436.787811 200.759064 13.844543 32.130585 0.127761
60.000000 239.137726 183.093857 17.786194 42.195801 0.102443
60.000000 453.705200 191.504211 12.254211 30.221008 0.101353
60.000000 500.045135 206.749298 13.677094 32.522247 0.099250
60.000000 115.567162 202.938293 12.588539 30.599335 0.098423
60.000000 49.502312 190.756439 12.922676 31.353668 0.097141
60.000000 569.466858 177.535004 13.744385 31.860809 0.093900
60.000000 570.431946 110.587341 19.353027 42.687042 0.090542
60.000000 480.162933 198.727722 16.641602 40.588623 0.076504
60.000000 513.638733 69.922829 19.855713 46.527863 0.072460
60.000000 466.218811 194.133881 15.897827 40.312958 0.071338
60.000000 559.861267 181.330948 12.122681 27.574585 0.062042
60.000000 494.330597 202.801605 17.770294 42.174591 0.061238
60.000000 141.017807 188.477753 12.052673 30.077972 0.053326
60.000000 458.941772 196.197205 11.168579 27.977722 0.052277
90.000000 336.096161 183.914825 16.226379 37.821442 0.444654
90.000000 372.044647 81.765778 15.893494 35.851822 0.296832
90.000000 411.206451 87.409714 13.210327 31.505920 0.279361
90.000000 112.316963 200.646576 13.865067 34.343292 0.203914
90.000000 475.942413 195.169403 14.426025 33.659790 0.193142
90.000000 204.382858 185.145020 14.711090 36.302216 0.186745
90.000000 501.097565 195.248825 14.945465 34.848511 0.170333
90.000000 524.052185 215.861862 17.421875 41.886856 0.157454
90.000000 431.427612 86.533974 13.006165 28.436172 0.144080
90.000000 130.981003 192.201355 12.480804 30.930115 0.140580
90.000000 547.254944 171.125793 17.808838 43.327393 0.138110
90.000000 147.624725 185.101822 16.171173 40.583374 0.122784
90.000000 238.607803 185.331650 13.502747 32.922058 0.112618
90.000000 578.345703 182.090851 15.197998 34.717224 0.107699
90.000000 89.330223 202.516907 12.412399 30.005646 0.103059
90.000000 542.186218 167.368774 26.737305 69.569580 0.099273
90.000000 303.493073 193.638550 13.213074 33.794189 0.087241
90.000000 345.519714 89.381943 13.410461 31.959351 0.080538
90.000000 22.584368 185.696198 13.784620 35.598480 0.079864
90.000000 451.580322 193.520264 11.480225 29.091034 0.078979
90.000000 479.998749 195.864258 15.566589 36.192780 0.073248
90.000000 436.628784 199.362457 14.606079 36.811035 0.068076
90.000000 471.842896 196.174683 12.812744 30.896729 0.067899
90.000000 166.128952 192.145401 12.659332 28.532806 0.058081
90.000000 461.747650 196.810394 12.464783 30.245972 0.052879
90.000000 573.483826 179.464706 23.792847 61.684509 0.050365
120.000000 487.674805 194.193634 14.421143 34.795197 0.453592
120.000000 116.290314 214.970886 11.768677 28.349274 0.387501
120.000000 483.165070 195.422989 13.838013 33.144135 0.335127
120.000000 453.607269 192.414902 12.805725 31.182617 0.320291
120.000000 181.231079 208.500107 13.817841 33.977783 0.310089
120.000000 567.269836 191.541519 17.830688 41.204102 0.225851
120.000000 122.943092 100.545395 14.196495 32.966614 0.218018
120.000000 356.465637 91.407829 12.014465 29.806000 0.217270
120.000000 67.051010 78.267105 15.383316 36.542114 0.207493
120.000000 243.431747 200.896454 12.794510 29.456757 0.173903
120.000000 372.324310 88.103516 14.857422 36.981750 0.157625
120.000000 132.673782 195.876648 13.648621 33.641235 0.126402
120.000000 350.731842 90.342392 12.862244 29.711594 0.126285
120.000000 547.659241 201.531296 13.768921 33.142975 0.120994
120.000000 416.964508 88.348846 13.182983 29.099548 0.112668
120.000000 381.316284 82.479546 14.674988 34.269714 0.101817
120.000000 537.356323 139.810181 39.191650 94.864563 0.095369
120.000000 80.752892 86.906937 15.144470 36.615250 0.091779
120.000000 7.496443 205.663284 14.280582 33.869171 0.082470
120.000000 541.400452 200.427795 15.235840 34.449493 0.080981
120.000000 52.178875 75.681808 13.216610 31.702499 0.080167
120.000000 430.330872 88.560898 10.332275 25.921631 0.077652
120.000000 478.851379 195.673004 13.482727 32.310760 0.071109
120.000000 0.000000 193.623215 12.469501 54.415466 0.070512
120.000000 61.535172 75.020897 23.045364 56.596733 0.070080
120.000000 502.682587 194.665359 13.854523 33.883362 0.069268
120.000000 491.986481 194.137268 15.834717 37.222076 0.068345
120.000000 101.041992 216.051468 14.856674 34.318970 0.064375
120.000000 567.113281 190.850540 27.996948 57.543182 0.057520
120.000000 520.901672 200.596832 12.141846 29.393463 0.052912
120.000000 363.931946 93.043350 11.799988 29.074829 0.051321
150.000000 85.693672 62.032288 23.424957 57.981308 0.271498
150.000000 581.207764 90.878632 19.646484 45.927795 0.211390
150.000000 474.680847 181.085251 14.041443 32.479706 0.166403
150.000000 510.252411 190.212173 13.264557 29.957794 0.115106
150.000000 582.102234 90.550583 13.836914 32.166611 0.113809
150.000000 141.131393 188.212509 14.418732 35.224670 0.110584
150.000000 89.706734 62.914398 16.588165 38.672607 0.108380
150.000000 528.968872 184.251953 14.150879 33.068970 0.075189
150.000000 450.915192 119.096848 21.383484 47.677002 0.073973
150.000000 93.090363 78.535339 17.459473 38.905167 0.066661
150.000000 469.532227 183.728424 15.892212 36.860229 0.065742
150.000000 20.747097 220.536987 11.347534 29.150177 0.061035
150.000000 487.330902 184.773224 12.759644 29.614471 0.059087
150.000000 585.350281 193.412292 12.454102 33.234924 0.050158
180.000000 89.516975 198.847855 19.442337 45.791443 0.746656
180.000000 525.540344 176.846115 14.896606 34.904083 0.482987
180.000000 574.323364 185.719269 16.524658 38.706329 0.384887
180.000000 82.739258 199.552856 16.578949 41.306549 0.364595
180.000000 589.098755 174.868179 25.014893 63.838745 0.318497
180.000000 516.360168 176.744766 13.321411 33.139221 0.259404
180.000000 561.690430 179.575165 15.820557 39.390839 0.253631
180.000000 607.796143 179.174377 28.699463 60.355560 0.241204
180.000000 476.336395 179.224304 13.948792 31.548248 0.213318
180.000000 605.499634 182.772186 18.705078 47.299927 0.213245
180.000000 593.865784 179.813522 17.160645 43.894104 0.188168
180.000000 537.353821 177.818130 20.825562 58.142059 0.140747
180.000000 619.309265 174.750397 20.497070 71.870880 0.136907
180.000000 0.703190 184.139923 19.964111 66.448608 0.127570
180.000000 38.698631 202.450745 13.476593 33.561646 0.123966
180.000000 72.724876 202.317535 15.732162 38.901428 0.115151
180.000000 28.040060 206.313904 14.884844 36.728729 0.114934
180.000000 531.925354 176.442490 13.773804 33.810608 0.113054
180.000000 523.771179 175.260513 19.829468 52.496735 0.111744
180.000000 584.044128 188.002075 12.483276 29.467682 0.111658
180.000000 471.376160 181.063461 19.424194 46.495148 0.103989
180.000000 567.011841 183.228333 16.139893 36.305786 0.076886
180.000000 543.020386 177.200409 13.318359 32.607666 0.076490
180.000000 511.285187 178.237411 14.562164 34.049988 0.071320
180.000000 579.116272 187.246460 17.814209 42.283539 0.067362
180.000000 363.538239 169.329544 19.427734 42.462830 0.058663
180.000000 245.013443 169.187057 15.795364 38.144958 0.058369
180.000000 583.874512 184.940994 20.954590 50.568848 0.057183
180.000000 537.017212 177.815979 13.245728 32.878418 0.050574
210.000000 541.063354 169.721420 12.770508 32.197052 0.359156
210.000000 520.260559 321.510559 11.406250 29.387573 0.236101
210.000000 53.871380 187.993347 15.829754 39.134827 0.216334
210.000000 43.915340 166.293976 14.685753 36.987091 0.139898
210.000000 511.413513 323.018768 12.546753 30.435181 0.133860
210.000000 39.307762 164.503998 22.925873 60.280823 0.130980
210.000000 68.765434 205.114212 14.061661 33.926697 0.069896
210.000000 100.662537 156.161545 14.854614 35.612244 0.069638
210.000000 584.796631 207.362595 16.468994 39.143158 0.067964
210.000000 531.027344 167.898026 22.869507 44.106445 0.066666
210.000000 60.712769 158.166489 12.263519 32.093872 0.063629
210.000000 504.867889 327.078583 12.427582 25.675903 0.062928
210.000000 0.000000 175.458115 11.294058 45.310944 0.061458
210.000000 133.453262 163.468048 12.789612 30.705872 0.059563
240.000000 343.155212 150.783264 21.296692 48.107849 0.322718
240.000000 621.070251 165.165146 18.929749 71.860168 0.151596
240.000000 603.318176 166.702744 18.156250 44.720734 0.127327
240.000000 17.841499 179.519897 15.465324 38.750977 0.095081
240.000000 601.454468 386.096405 19.196777 50.292419 0.086580
240.000000 623.416260 170.597092 15.967163 40.997314 0.085430
240.000000 332.740051 53.822380 13.401428 32.647049 0.074549
240.000000 608.148193 174.195892 17.494385 39.438141 0.065747
240.000000 580.892395 166.413757 16.412842 38.302216 0.053579
270.000000 138.774109 157.306168 11.711456 30.811401 0.203176
270.000000 13.128228 166.038086 14.429454 34.883392 0.171385
270.000000 543.752075 148.434937 24.854858 63.985291 0.135806
270.000000 138.173294 157.366135 17.759949 43.435883 0.100931
270.000000 382.271545 153.033508 13.979736 33.003937 0.094978
270.000000 564.782471 153.097748 14.541992 32.397491 0.071580
270.000000 91.729477 157.588150 16.527481 40.291779 0.064739
270.000000 0.000000 157.875992 11.993866 50.517303 0.063920
270.000000 545.579529 158.725174 16.119507 35.654419 0.055977
270.000000 558.962463 149.734589 24.111450 64.787079 0.055523
300.000000 552.452393 147.712799 29.597412 71.517487 0.228346
300.000000 579.346436 153.612701 18.052856 45.775940 0.081891
300.000000 560.764465 149.004776 20.200439 44.310059 0.080273
300.000000 347.665527 143.311951 29.245117 75.586792 0.050945
330.000000 543.258972 168.581177 21.390869 57.007660 0.416799
330.000000 352.974670 205.141571 17.563293 39.572693 0.121407
330.000000 275.250549 181.061752 20.812439 50.282928 0.116463
330.000000 531.133118 177.787094 16.176270 38.575592 0.107602
330.000000 511.815002 103.073303 18.074585 39.013824 0.104905
330.000000 597.521790 166.841873 15.864624 36.595398 0.097597
330.000000 488.155914 194.659973 20.258789 44.783875 0.096867
330.000000 591.521301 166.931519 14.371460 34.239532 0.095908
330.000000 570.509338 158.843506 28.810425 72.438477 0.083133
330.000000 589.627747 164.718994 24.321777 61.324219 0.075922
330.000000 477.593201 202.544006 16.749451 42.115417 0.058658
330.000000 579.232849 162.786118 18.836304 46.234497 0.056850
330.000000 565.857849 172.812790 23.535400 55.147064 0.051052
360.000000 550.845032 96.238396 20.017090 46.818489 0.181642
360.000000 145.397812 181.022430 19.385193 50.045990 0.160820
360.000000 575.984558 55.345200 15.581177 35.667648 0.082938
360.000000 148.827499 178.695633 13.003448 32.475677 0.051823
390.000000 591.578613 223.740234 16.830322 37.763092 0.268201
390.000000 579.149170 81.773643 16.717285 37.112976 0.221846
390.000000 455.044067 159.969208 19.052429 44.010864 0.170997
390.000000 445.807465 155.177307 13.704102 34.142731 0.142662
390.000000 565.256470 85.684990 15.110352 36.803635 0.141189
390.000000 620.552002 163.118454 17.133911 46.272217 0.101629
390.000000 458.918121 160.632629 13.122559 29.495667 0.086273
390.000000 409.166382 150.346237 20.830017 51.563843 0.056639
420.000000 366.933533 160.749390 22.490967 57.161011 0.409979
420.000000 411.865967 141.835876 22.492004 55.529602 0.360848
420.000000 404.416443 139.824295 23.482239 52.865173 0.184226
420.000000 586.868408 63.687244 20.479370 42.728329 0.163850
420.000000 612.220825 1.016500 16.296997 38.655411 0.143570
420.000000 540.850098 152.948151 14.455322 34.502289 0.140324
420.000000 439.151550 158.735733 17.736877 41.548828 0.133037
420.000000 613.390259 156.235916 15.179199 36.861115 0.093146
420.000000 108.316948 159.018555 16.052841 39.726624 0.090595
420.000000 400.575043 136.193069 34.757141 87.040802 0.075842
420.000000 413.304596 140.538254 17.876770 36.547150 0.072663
420.000000 361.550537 158.830048 32.299194 80.731873 0.069880
420.000000 170.620361 156.499115 15.176819 32.811340 0.062959
420.000000 588.480774 160.187836 14.251587 32.984314 0.059366
450.000000 391.437103 142.422318 19.539307 46.716949 0.227483
450.000000 432.591736 154.631302 17.784729 39.888611 0.160348
450.000000 341.791351 156.383499 25.979248 65.219421 0.110830
450.000000 608.931885 5.343021 15.534912 33.364990 0.094014
450.000000 586.631226 33.927841 14.427490 32.525459 0.083086
450.000000 237.311218 128.532394 32.238434 80.559235 0.054772
450.000000 604.751831 152.963608 15.112427 37.502625 0.053902
450.000000 393.147461 137.226379 28.622803 65.381134 0.050561
480.000000 619.799500 129.369370 13.233398 32.147644 0.556151
480.000000 223.076065 136.223145 20.393921 48.213074 0.096382
480.000000 626.975281 126.948280 12.931274 38.510658 0.089045
510.000000 535.772095 112.127037 18.111084 39.893867 0.064218
600.000000 47.231812 209.892975 15.997284 37.978882 0.117179
600.000000 355.200195 117.537979 43.033142 95.130280 0.053122
630.000000 346.605164 201.697861 29.179443 70.800766 0.262709
630.000000 244.553497 216.912491 11.719757 30.382660 0.143982
630.000000 435.696930 234.174149 43.977600 104.662155 0.104993
630.000000 612.178711 149.005936 15.050537 33.743286 0.055147
660.000000 508.381500 195.889435 13.631073 32.110443 0.488281
660.000000 548.958496 147.095383 14.066162 32.347839 0.193574
660.000000 535.044006 162.074005 13.392334 29.242310 0.107330
660.000000 514.062927 146.042465 15.505127 36.758575 0.096082
660.000000 400.610657 203.570557 9.989746 25.238098 0.081002
660.000000 529.846924 177.422546 17.349243 39.405975 0.076161
660.000000 168.764557 210.092590 10.421112 25.172607 0.076109
660.000000 449.260315 208.504364 26.919800 67.059570 0.062525
660.000000 531.242371 161.789215 18.465210 46.722778 0.058900
660.000000 540.227844 182.492828 14.354492 30.922455 0.054760
660.000000 475.301483 213.653473 17.228394 42.231567 0.052024
690.000000 427.339569 178.906143 13.163208 32.180969 0.713245
690.000000 423.914093 176.989120 12.875122 29.879303 0.201615
690.000000 435.942657 176.559647 13.143799 33.543762 0.085665
690.000000 576.141235 182.685303 17.635620 43.482391 0.077989
690.000000 138.707214 136.882065 22.244995 56.845978 0.074031
690.000000 470.452332 170.018875 10.821838 25.278381 0.072323
690.000000 80.204559 137.168961 16.034927 36.576813 0.068033
690.000000 579.354065 182.016464 12.632935 30.847076 0.056020
690.000000 366.747070 134.358307 23.827393 61.171234 0.052735
690.000000 415.801300 179.037292 10.827332 25.936493 0.051981
690.000000 355.010162 185.142593 11.642700 27.352570 0.051638
720.000000 415.589813 173.417450 12.098938 29.580536 0.204871
720.000000 76.276711 154.194061 11.606415 26.973694 0.150436
720.000000 455.083923 174.774780 11.657410 26.805725 0.110919
720.000000 179.912140 176.412033 14.008850 34.140350 0.062746
720.000000 618.797913 137.091278 21.202087 95.473969 0.060055
720.000000 625.790100 184.226837 14.191895 48.753082 0.059223
720.000000 547.638062 179.124496 12.259399 25.850433 0.054102
720.000000 413.693420 172.118774 19.185120 46.687317 0.050285
750.000000 485.887604 166.584686 16.260925 40.490112 0.890345
750.000000 42.268661 152.442505 14.256531 35.954742 0.494756
750.000000 404.002594 160.979095 14.671326 35.304688 0.362983
750.000000 19.299253 159.224747 13.744699 32.422180 0.297306
750.000000 29.602287 157.563843 14.438858 30.992371 0.234190
750.000000 519.132568 159.643494 13.749756 34.778015 0.159338
750.000000 497.747162 161.527542 13.462280 34.962341 0.150322
750.000000 23.151596 158.177216 16.035786 35.977417 0.080646
750.000000 540.265747 162.602661 16.937012 40.820068 0.080363
750.000000 533.265259 164.847351 10.534302 28.269592 0.080066
750.000000 420.672607 166.296753 15.241028 33.429504 0.073682
750.000000 452.820343 164.206711 13.724915 35.614410 0.067861
750.000000 491.298615 161.975174 18.735901 45.936249 0.063101
750.000000 65.460747 152.122665 10.384933 24.318512 0.054194
780.000000 25.969505 137.150986 18.452744 39.811584 0.320156
780.000000 33.181366 160.096085 17.806549 38.265778 0.291683
780.000000 543.016296 170.861176 10.971924 27.813629 0.239131
780.000000 539.058167 169.205536 16.795532 39.248352 0.176542
780.000000 608.080750 171.373215 12.424805 29.894012 0.163678
780.000000 21.053970 135.144058 28.957230 77.466614 0.151781
780.000000 405.076050 174.128433 13.285217 32.262512 0.127242
780.000000 11.718646 172.703918 15.555634 38.929382 0.115187
780.000000 415.352966 173.277512 14.247620 34.943146 0.096030
780.000000 468.029816 166.871521 14.638550 35.484741 0.066241
780.000000 0.000000 182.384369 10.661189 54.535889 0.057606
780.000000 452.437286 169.390533 13.248047 31.915314 0.053591
810.000000 10.901278 159.971115 13.709599 29.676117 0.307147
810.000000 588.162354 172.920776 13.488525 31.898193 0.111060
810.000000 598.164490 172.151062 15.666626 38.264496 0.106455
810.000000 525.890686 168.213898 15.721069 34.984680 0.104276
810.000000 492.039246 169.999146 17.145325 38.297302 0.074427
810.000000 53.657158 157.858643 15.916512 38.975952 0.074050
810.000000 15.185707 181.555420 13.743324 27.902832 0.064860
810.000000 12.695127 128.805740 14.836838 34.180267 0.060889
810.000000 34.809532 153.421692 14.784012 37.304932 0.057614
810.000000 439.117493 130.992340 13.936523 32.820435 0.057513
840.000000 519.035645 184.009186 19.362061 47.107666 0.716618
840.000000 43.338364 196.643158 16.581581 39.348419 0.515040
840.000000 598.745667 190.190582 11.591431 27.621948 0.140545
840.000000 187.811264 182.266800 12.543579 29.148315 0.090503
840.000000 0.062414 196.135544 9.838300 50.705688 0.085117
840.000000 527.991943 183.870789 17.251465 43.661224 0.082505
840.000000 587.484863 187.324356 12.651245 29.002960 0.064882
840.000000 52.498917 200.814102 13.998116 34.389526 0.053445
870.000000 528.530884 176.505280 18.016724 47.572510 0.917098
870.000000 3.985535 199.417404 10.093576 28.238922 0.541737
870.000000 607.155518 179.823776 12.078735 28.382874 0.261212
870.000000 555.543152 175.610016 11.887085 31.480377 0.255936
870.000000 477.295410 175.281586 13.386902 32.499634 0.209795
870.000000 579.892273 181.267426 13.821655 32.855988 0.176135
870.000000 298.077423 198.624191 11.449524 27.434998 0.157588
870.000000 0.000000 184.168259 8.940006 46.017670 0.131312
870.000000 390.099213 180.954468 10.753174 28.436646 0.080087
870.000000 550.202759 177.814651 17.378784 41.013855 0.071430
870.000000 429.156311 177.235504 14.714600 36.511963 0.065198
870.000000 541.208801 183.792725 13.730835 32.725525 0.063243
870.000000 611.833008 175.484177 12.783936 31.627716 0.057044
900.000000 593.760010 168.763489 21.001343 50.157867 0.935877
900.000000 61.174107 185.588699 13.828739 32.785431 0.378217
900.000000 602.486877 163.442642 20.555054 52.826538 0.267636
900.000000 28.754017 157.395599 12.469849 30.243103 0.260067
900.000000 484.350372 169.099335 15.891602 39.192505 0.170922
900.000000 3.517638 171.328857 15.417413 32.233093 0.164814
900.000000 26.286825 156.720291 17.984034 44.119415 0.157423
900.000000 444.902466 173.752640 12.117371 30.490234 0.130674
900.000000 17.186924 158.276291 17.543621 42.227234 0.127155
900.000000 55.831558 175.067017 12.013634 28.335999 0.110477
900.000000 1.820062 172.537140 14.367523 53.817749 0.100667
900.000000 503.821960 173.789978 12.106323 30.635132 0.100046
900.000000 452.929230 174.321869 12.712463 30.663147 0.089194
900.000000 32.938332 159.191086 11.300606 26.375824 0.077047
900.000000 434.237823 175.437683 13.104065 31.508514 0.074266
900.000000 36.233524 160.961685 11.652069 25.880157 0.068350
900.000000 481.527985 168.634430 13.723267 32.823273 0.056617
900.000000 557.563843 179.331375 9.797974 26.058075 0.056212
900.000000 19.456898 158.682190 13.202080 27.584625 0.054351
900.000000 606.110168 162.762146 13.877197 29.212860 0.053796
930.000000 616.583435 164.885040 19.529297 49.731628 0.872466
930.000000 79.235733 182.027527 13.315460 30.010620 0.707847
930.000000 26.337337 145.719818 21.761887 54.904694 0.667004
930.000000 10.931948 159.029510 16.113895 38.655151 0.323995
930.000000 624.216187 161.450455 15.451416 49.586395 0.173804
930.000000 28.111155 159.366547 15.745031 37.898651 0.158455
930.000000 573.070129 167.804901 14.055176 33.491821 0.130682
930.000000 67.157898 187.109497 12.060089 27.624329 0.101241
930.000000 357.216125 176.617477 13.351990 32.418945 0.073412
930.000000 33.412636 151.947495 14.629189 33.818542 0.059280
930.000000 108.129883 173.507660 12.899643 29.914459 0.058990
960.000000 81.442513 184.227386 12.359024 28.515930 0.584930
960.000000 244.579773 177.018127 14.139648 34.412384 0.454696
960.000000 2.299355 159.194092 14.289740 35.781158 0.249875
960.000000 221.980255 179.087677 12.199249 29.995972 0.218238
960.000000 618.167542 165.885376 15.919800 39.232269 0.108285
960.000000 388.545929 150.226151 17.069641 44.757721 0.107285
960.000000 12.496388 159.605591 14.810889 34.874969 0.079480
960.000000 0.185957 160.199631 10.928766 40.419373 0.066344
960.000000 606.360352 152.568207 14.011597 32.770874 0.055973
960.000000 381.470795 152.672729 15.220154 36.280640 0.053237
960.000000 626.996399 151.731796 13.003601 53.204712 0.050038
990.000000 91.499054 179.749939 15.842331 37.312531 0.355587
990.000000 620.094727 168.239990 14.725342 39.263275 0.282188
990.000000 592.030334 167.932144 16.392456 36.611816 0.189694
990.000000 546.409790 166.429504 16.246582 38.168396 0.077320
990.000000 36.585217 167.695984 13.688690 32.681396 0.076169
990.000000 559.456665 160.785217 17.239014 39.576111 0.074639
990.000000 625.371887 168.470734 14.318848 43.934784 0.071416
990.000000 448.523499 169.314835 13.478638 32.844818 0.071362
1020.000000 104.384392 184.168198 11.073990 28.608093 0.652757
1020.000000 388.787598 175.787216 14.724915 36.090363 0.169182
1020.000000 610.173462 31.067717 15.690308 39.418236 0.142731
1020.000000 457.970093 132.031128 16.402344 38.113434 0.104373
1020.000000 525.685364 174.033661 14.609497 34.396454 0.096645
1020.000000 604.758301 159.491531 16.817383 39.346741 0.085311
1020.000000 568.683533 173.583664 12.890625 32.275330 0.072342
1020.000000 593.481934 174.931931 12.801758 29.151489 0.071409
1020.000000 30.231451 172.169678 13.423162 30.350128 0.051411
1020.000000 563.594849 175.654938 16.237671 37.223114 0.050032
1050.000000 91.558311 180.329117 13.567047 34.469940 0.408751
1050.000000 528.464233 174.193054 13.119873 32.019043 0.238232
1050.000000 80.666077 183.258820 16.512329 39.677948 0.162836
1050.000000 450.509613 171.475372 11.291138 30.168091 0.150690
1050.000000 485.634888 167.382553 13.423096 33.164642 0.144950
1050.000000 74.956642 180.945709 15.656677 34.883820 0.124762
1050.000000 85.523872 181.552216 18.152328 43.116302 0.124607
1050.000000 437.004028 172.930481 14.167847 33.803864 0.123505
1050.000000 618.247375 165.467026 14.612549 32.183441 0.107544
1050.000000 81.715424 181.857666 10.806046 27.965057 0.107486
1050.000000 615.376221 163.505661 22.518066 52.688324 0.087699
1050.000000 22.898495 158.816147 11.115356 27.278229 0.085833
1050.000000 316.021851 94.475792 12.664185 28.316299 0.078849
1050.000000 428.707306 176.444443 12.516296 30.322601 0.067040
1050.000000 378.928711 34.028496 15.802917 35.454109 0.057389
1050.000000 389.341980 178.713654 13.511353 34.036407 0.056544
1050.000000 251.282333 82.632431 15.089066 34.270264 0.055184
1050.000000 608.871765 31.736921 16.056396 38.395882 0.054383
1050.000000 500.603241 166.728806 15.060577 37.906250 0.053227
1080.000000 574.908020 172.504898 10.892578 28.736816 0.433804
1080.000000 611.063965 35.186852 14.311035 36.109314 0.340876
1080.000000 617.146240 166.396790 17.508301 50.892456 0.280286
1080.000000 36.092705 170.746582 15.790665 37.673065 0.247385
1080.000000 378.205994 33.935692 17.533691 39.823341 0.210913
1080.000000 602.703918 38.616814 14.094604 33.493782 0.152571
1080.000000 474.589996 119.223724 11.880859 28.940338 0.139990
1080.000000 614.560730 159.884094 13.129639 33.310455 0.123515
1080.000000 605.111145 163.105591 16.760620 41.932800 0.107701
1080.000000 624.160156 168.463455 15.128784 46.544067 0.106964
1080.000000 557.615540 175.286606 11.115356 26.856659 0.093039
1080.000000 621.153687 171.062820 11.552490 28.950684 0.083264
1080.000000 28.755121 166.862381 25.579596 60.741425 0.066909
1080.000000 20.393087 157.869324 10.714314 25.121277 0.065672
1080.000000 140.637253 182.369492 14.343933 34.677307 0.060568
1080.000000 168.073624 198.315735 13.230652 30.907379 0.057783
1080.000000 486.039490 123.840050 10.255554 23.638786 0.052722
1110.000000 617.559998 167.901672 20.376343 52.697510 0.433137
1110.000000 588.714539 178.031036 12.698486 30.456726 0.262489
1110.000000 0.000000 165.118362 14.382784 37.074554 0.243213
1110.000000 574.475647 175.623825 11.963257 29.302246 0.181342
1110.000000 92.485222 144.235504 13.636749 32.472870 0.095165
1110.000000 10.917864 166.795258 15.728420 35.049896 0.079394
1110.000000 618.946289 171.934891 14.829834 35.053864 0.079113
1110.000000 473.681702 118.144905 12.991333 31.947136 0.058328
1140.000000 11.626986 161.219604 13.001698 32.871674 0.131092
1140.000000 618.148438 168.856552 14.147949 34.446564 0.131052
1140.000000 377.461761 34.204678 17.510925 36.958683 0.121633
1140.000000 307.443848 176.460587 11.689453 29.370056 0.106979
1140.000000 572.809509 176.354172 13.083252 30.647736 0.092721
1140.000000 597.341858 177.845093 13.653076 31.353607 0.090282
1140.000000 613.192444 165.021774 21.566162 58.455475 0.068130
1140.000000 627.557983 153.397110 12.394653 44.521179 0.065973
1140.000000 609.727234 34.555595 15.195190 35.728638 0.057480
1140.000000 573.158630 153.585938 13.029419 31.356049 0.053931
1140.000000 16.153692 158.006271 14.110874 36.605927 0.053335
1170.000000 619.400269 169.414230 16.163940 40.917969 0.574176
1170.000000 545.599182 167.640594 16.116821 38.508301 0.397450
1170.000000 602.865295 159.164719 18.197754 45.502808 0.304198
1170.000000 572.256775 166.203171 13.637817 32.373718 0.260720
1170.000000 192.842072 187.164627 10.493286 26.747009 0.138008
1170.000000 619.439575 168.265427 12.119995 28.290436 0.117353
1170.000000 473.799805 119.239632 12.752319 28.556602 0.113751
1170.000000 186.594193 187.862717 10.411713 26.391998 0.106788
1170.000000 610.010254 35.903862 14.854126 34.967766 0.090870
1170.000000 559.970398 166.490173 12.252930 29.303375 0.089426
1170.000000 551.247437 167.713226 12.066772 30.642212 0.087029
1170.000000 21.294268 159.556107 10.397133 23.362885 0.083314
1170.000000 547.010010 166.793442 12.332764 26.316681 0.082774
1170.000000 378.130951 34.062187 17.790222 39.249062 0.081437
1170.000000 18.691195 158.201431 13.705187 35.610718 0.078342
1170.000000 625.768127 165.859650 13.720093 42.396301 0.073969
1170.000000 448.076447 173.275742 14.756592 34.779266 0.073010
1170.000000 499.483826 173.635574 14.036621 32.712921 0.062749
1170.000000 546.714417 165.287903 22.381104 51.797882 0.052827
1200.000000 618.919189 166.730087 18.479980 49.938904 0.663724
1200.000000 602.971130 159.146225 17.673462 45.479645 0.413085
1200.000000 196.759109 183.321960 11.311493 29.441559 0.359331
1200.000000 20.279196 159.268204 12.657152 31.595337 0.283891
1200.000000 379.096039 161.157440 17.899658 44.039276 0.272578
1200.000000 435.048309 172.241608 16.728394 38.625275 0.268560
1200.000000 339.044006 171.970245 13.383301 33.428467 0.210865
1200.000000 0.078547 162.966171 13.495165 37.828613 0.199427
1200.000000 621.004517 168.958481 12.325684 29.749237 0.166051
1200.000000 450.236298 174.246292 12.006592 30.147278 0.153841
1200.000000 570.257263 164.923965 14.967651 36.223022 0.149299
1200.000000 314.014008 96.757843 14.204407 30.449829 0.123537
1200.000000 628.254761 157.967560 11.745239 48.670837 0.110486
1200.000000 605.446594 157.676880 12.819092 31.544556 0.108928
1200.000000 417.561279 177.755646 11.951721 29.296448 0.103806
1200.000000 486.572876 169.409195 13.418396 32.138336 0.085826
1200.000000 378.115662 34.282585 17.235718 38.657692 0.085295
1200.000000 12.787523 158.746078 16.475864 42.362274 0.072272
1200.000000 525.379333 174.106491 14.704834 35.393280 0.066559
1200.000000 451.731628 177.891235 14.369934 33.567047 0.066218
1200.000000 556.934143 165.527664 12.085571 27.631958 0.058520
1200.000000 415.753418 177.407043 17.602844 42.218323 0.056366
1200.000000 382.878784 160.041382 13.036072 29.011993 0.055156
1230.000000 203.037216 183.564194 12.217865 29.028442 0.483218
1230.000000 617.620056 166.845428 20.301514 54.723999 0.298928
1230.000000 15.602676 160.792999 17.377350 42.250885 0.189341
1230.000000 20.847395 159.786896 10.840633 23.686737 0.187072
1230.000000 0.000000 163.212631 13.764826 40.828796 0.179476
1230.000000 288.910522 164.540176 13.751526 33.469147 0.161005
1230.000000 315.374268 160.447098 12.872742 31.713837 0.152977
1230.000000 199.461334 186.374756 11.976593 25.723053 0.074758
1230.000000 473.598755 118.750961 12.849060 31.368317 0.068702
1230.000000 208.082306 184.441849 10.131836 26.669983 0.068488
1230.000000 11.752955 161.135773 12.246522 28.414246 0.057567
1230.000000 324.604095 163.796158 19.319092 45.983459 0.057470
1260.000000 0.000000 165.322845 14.216081 36.837250 0.330928
1260.000000 10.108809 161.158188 17.066704 41.141541 0.265764
1260.000000 618.300720 168.241974 16.139648 49.546417 0.139033
1260.000000 474.289307 118.794022 12.497559 30.817780 0.126050
1260.000000 609.070801 33.265594 16.248535 38.610260 0.122767
1260.000000 10.930632 159.927444 12.903381 28.888123 0.119533
1260.000000 194.528839 174.905930 17.998688 47.561737 0.097948
1260.000000 287.028503 160.789871 15.013855 34.253571 0.097494
1260.000000 622.666748 171.690353 12.281616 27.249786 0.093735
1260.000000 20.755013 159.938431 12.501343 32.144775 0.078798
1260.000000 602.962769 39.249916 14.428711 34.071114 0.063645
1260.000000 38.082958 171.941345 12.010155 29.920044 0.062332
1260.000000 30.461456 173.043442 12.240295 30.209167 0.056890
1260.000000 282.844696 161.194565 21.455505 51.424927 0.053423
1260.000000 260.526550 166.482956 14.026428 33.052429 0.053360
1290.000000 616.734558 166.493896 20.129395 54.731964 0.924745
1290.000000 204.526535 183.934280 12.767242 28.395996 0.496898
1290.000000 13.460996 161.328674 16.306572 42.327515 0.345098
1290.000000 624.996582 169.502151 14.811401 46.109192 0.148220
1290.000000 201.936615 185.483582 10.514862 27.036865 0.111921
1290.000000 17.464148 160.162048 14.054817 28.941528 0.096795
1290.000000 621.073059 168.013428 13.056152 32.431030 0.092549
1290.000000 449.842255 174.925064 12.176147 29.604950 0.081903
1290.000000 547.082397 171.271881 14.466431 38.130646 0.080135
1290.000000 11.289124 160.173187 13.285163 32.716309 0.068881
1290.000000 0.036947 162.846710 13.273666 40.441589 0.067143
1290.000000 616.520813 166.146088 13.554077 29.917450 0.053791
1320.000000 613.417908 165.798065 20.641235 55.294556 0.614506
1320.000000 205.253326 183.024490 12.318970 28.467438 0.536195
1320.000000 614.232300 191.134888 13.902588 29.907288 0.419930
1320.000000 589.694275 177.984375 12.966187 29.275391 0.341577
1320.000000 0.168795 162.784119 13.896533 38.751190 0.272281
1320.000000 527.571167 172.235352 11.977417 32.007080 0.153158
1320.000000 12.074823 164.049850 14.996189 33.905334 0.140850
1320.000000 619.089905 171.007355 17.112061 39.573059 0.121789
1320.000000 33.525597 172.634903 12.700287 31.083862 0.094214
1320.000000 22.228859 158.435745 11.534508 28.553070 0.087213
1320.000000 594.165344 177.603882 12.203857 28.492798 0.083799
1320.000000 522.064575 171.537918 14.945557 38.569885 0.070816
1320.000000 518.496765 171.714188 13.621460 32.848877 0.061546
1320.000000 20.393238 165.592361 15.308987 37.355560 0.057092
1320.000000 626.155579 168.560883 13.772095 51.693604 0.055358
1320.000000 26.386889 168.060196 13.313032 33.038727 0.050709
1350.000000 610.030884 166.009567 23.486938 55.147186 0.899485
1350.000000 0.012740 162.257324 15.390179 41.059296 0.441644
1350.000000 9.842121 161.676910 17.007450 39.355316 0.370815
1350.000000 615.374939 171.055405 16.727783 36.835083 0.304854
1350.000000 205.789185 183.640747 14.504913 34.071716 0.300935
1350.000000 253.348450 177.443817 13.940369 34.291779 0.170581
1350.000000 474.216461 119.101089 12.713013 30.248749 0.146734
1350.000000 203.689819 184.509293 21.728302 50.547363 0.131698
1350.000000 251.683441 176.655243 19.841003 48.223206 0.089476
1350.000000 19.741026 159.764465 13.246012 25.681641 0.087136
1350.000000 18.134140 162.127457 16.571430 39.795166 0.071552
1350.000000 36.998035 171.424515 12.956841 31.674591 0.070905
1350.000000 24.871998 166.585220 13.865646 33.523499 0.067169
1350.000000 211.587097 185.324249 14.631927 33.221863 0.061687
1350.000000 628.213562 160.584961 11.786438 46.004089 0.058011
1350.000000 566.270630 175.704773 13.071899 32.216309 0.056582
1380.000000 609.466492 164.140228 22.288818 58.412018 0.884082
1380.000000 203.430832 184.985916 11.656799 26.691254 0.399293
1380.000000 0.051412 162.989471 14.374049 38.208282 0.350402
1380.000000 588.072205 176.069611 13.427734 32.028290 0.329675
1380.000000 616.284546 171.037308 16.530518 38.125854 0.135506
1380.000000 19.065516 165.915771 15.022360 36.697693 0.124227
1380.000000 378.332092 35.206432 16.766052 37.801685 0.094417
1380.000000 35.939564 172.678085 13.181129 32.151062 0.086233
1380.000000 17.025627 159.702530 14.724873 29.162811 0.083722
1380.000000 437.528564 175.273972 12.482849 30.645905 0.083659
1380.000000 584.217896 179.017929 13.202271 27.283478 0.067409
1380.000000 12.945248 164.179352 16.815140 38.969604 0.060679
1380.000000 611.721436 171.966583 12.994629 25.333344 0.057331
1380.000000 473.748169 118.694656 12.640442 31.068481 0.051927
1380.000000 7.274894 165.501358 14.439027 35.356659 0.050581
1410.000000 610.452759 163.391876 22.057495 58.615112 0.912770
1410.000000 197.104111 184.889252 10.800568 27.060150 0.664803
1410.000000 0.049000 162.853210 14.905888 38.822723 0.380070
1410.000000 617.755981 161.847458 14.419800 32.792389 0.147754
1410.000000 609.264465 34.241623 16.102051 37.812340 0.092405
1410.000000 10.132051 164.828201 16.304752 37.327423 0.087253
1410.000000 472.719849 119.125862 13.210266 29.647255 0.070307
1410.000000 7.576200 160.554611 13.760374 31.171783 0.061387
1440.000000 193.524612 183.504105 14.101624 34.668701 0.526356
1440.000000 176.989334 174.296936 13.505371 34.141724 0.312447
1440.000000 12.382915 164.034515 16.869545 39.460938 0.251046
1440.000000 610.525085 164.755600 20.525879 56.912415 0.246080
1440.000000 190.587708 184.155228 21.088715 45.724579 0.207908
1440.000000 0.901715 163.481979 14.089725 34.474823 0.197269
1440.000000 544.852356 169.540146 15.607666 39.398071 0.139245
1440.000000 51.251892 170.418442 13.238907 31.712280 0.106957
1440.000000 352.842590 188.576614 12.861084 31.100800 0.092032
1440.000000 139.686371 180.368927 12.799805 30.691620 0.080909
1440.000000 16.663177 160.293213 14.742123 30.580536 0.080162
1440.000000 614.630554 169.660355 15.630249 37.338898 0.079367
1440.000000 378.121704 34.433105 17.573303 39.526138 0.075017
1440.000000 173.593582 174.782852 20.265839 52.140015 0.073318
1440.000000 6.082771 165.273926 15.071417 34.360229 0.065230
1440.000000 105.099655 142.171997 19.478134 46.278534 0.051513
1470.000000 525.406128 176.688400 15.995483 37.588318 0.449133
1470.000000 0.918113 163.702911 13.730822 37.574188 0.426370
1470.000000 197.734528 185.177475 12.486969 29.187988 0.410674
1470.000000 14.123734 158.016113 17.679291 42.680023 0.408648
1470.000000 548.918823 170.274658 14.741821 35.098694 0.379123
1470.000000 9.977739 159.295547 13.538818 34.502441 0.329128
1470.000000 18.836235 160.183365 12.178032 26.570160 0.186683
1470.000000 601.601013 161.687531 16.500366 40.502716 0.173271
1470.000000 455.233643 131.808151 21.040344 52.564697 0.082079
1470.000000 597.176392 161.928741 29.101318 60.019409 0.075078
1470.000000 0.033481 160.007355 10.979219 60.382263 0.070809
1470.000000 250.446320 84.544937 16.342957 36.326889 0.062840
1470.000000 322.863983 92.885422 12.023560 28.266281 0.058145
1470.000000 583.510254 164.480225 15.156250 37.480225 0.052955
1500.000000 610.470581 167.132751 21.435669 52.581207 0.425908
1500.000000 0.000000 163.691528 13.273978 36.149750 0.340161
1500.000000 10.479485 161.226349 13.439999 33.401031 0.268804
1500.000000 19.423790 160.954208 13.241695 27.668915 0.164218
1500.000000 14.269581 160.935425 16.843071 39.562469 0.162561
1500.000000 92.801346 143.792831 14.847473 33.929596 0.131553
1500.000000 51.677734 165.202011 12.842308 31.549896 0.093722
1500.000000 473.759979 119.304756 12.697571 30.616905 0.075367
1500.000000 617.194641 170.223450 14.670654 34.308319 0.059007
1530.000000 610.547852 167.448486 22.058960 53.924194 0.883923
1530.000000 16.615881 164.317047 17.321321 36.793365 0.281167
1530.000000 0.003632 162.252640 14.253524 42.142639 0.196659
1530.000000 127.698578 184.244064 12.108429 29.575867 0.182164
1530.000000 94.977577 143.967102 12.903534 31.829620 0.113290
1530.000000 31.213142 158.964554 17.560860 41.786530 0.112334
1530.000000 11.977295 162.837540 16.051662 36.555176 0.109181
1530.000000 617.192810 172.005508 16.101807 36.875519 0.108045
1530.000000 103.002266 144.484726 12.694229 30.462585 0.107082
1530.000000 52.646545 167.538269 12.987839 32.183228 0.080562
1530.000000 610.275452 171.413589 14.455566 37.179962 0.080511
1530.000000 583.459229 179.570297 14.061890 27.735565 0.079845
1530.000000 474.088043 119.897644 13.207153 29.676697 0.060674
1560.000000 607.993530 167.548401 21.451416 53.542542 0.686658
1560.000000 617.691101 170.625641 14.923462 36.929413 0.406394
1560.000000 140.686584 179.198730 14.132568 33.243073 0.331462
1560.000000 95.385307 144.306732 14.706589 35.365753 0.241132
1560.000000 527.747498 174.993988 12.971191 33.829254 0.233317
1560.000000 96.667282 138.532257 26.758591 67.173096 0.179877
1560.000000 610.333679 170.972610 14.848877 36.055664 0.163381
1560.000000 0.077215 164.909668 13.586916 32.324280 0.133299
1560.000000 30.175056 173.448975 18.951538 42.290009 0.129049
1560.000000 51.005943 173.993408 14.404488 34.117157 0.124170
1560.000000 97.744003 144.681351 18.768677 42.210449 0.090891
1560.000000 135.144440 178.118210 21.677307 56.607086 0.081276
1560.000000 582.148010 178.800156 13.204102 28.742218 0.078631
1560.000000 27.251446 172.955750 29.490379 61.008301 0.076862
1560.000000 571.472961 173.861526 13.665771 30.371307 0.075288
1560.000000 151.794220 188.749313 14.179199 34.746857 0.071368
1560.000000 379.585419 190.780792 11.878052 30.504761 0.062252
1560.000000 197.103683 185.684448 14.561554 34.942108 0.053854
1560.000000 13.888498 162.356781 18.993933 45.441895 0.053161
1590.000000 610.091675 168.466888 21.100464 53.553101 0.637359
1590.000000 617.814453 172.269638 14.890381 34.941925 0.531053
1590.000000 0.000000 164.818542 16.802074 37.574432 0.395929
1590.000000 610.247681 172.726685 15.376831 36.232788 0.249617
1590.000000 13.466484 165.841553 14.773685 36.719482 0.239281
1590.000000 6.621238 165.124039 15.534390 37.904510 0.228103
1590.000000 23.124615 167.294708 11.317074 27.075958 0.200052
1590.000000 623.382507 176.342178 13.530884 30.208801 0.100536
1590.000000 377.282349 35.116364 17.416565 40.400192 0.094835
1590.000000 123.938866 186.150146 12.213814 29.773712 0.061803
1590.000000 30.312174 173.124603 11.830008 29.365875 0.055928
1620.000000 611.123962 168.682465 20.641479 53.413635 0.763738
1620.000000 13.874183 166.715912 17.394012 36.171021 0.467682
1620.000000 0.000000 164.788071 15.555380 36.777344 0.367056
1620.000000 10.463234 164.483124 14.265026 35.296722 0.237221
1620.000000 116.032433 183.319748 15.003868 34.488953 0.189747
1620.000000 93.955872 144.404236 10.943176 26.608215 0.139146
1620.000000 618.749939 173.371979 15.127197 33.538025 0.112688
1620.000000 451.741333 175.619553 11.867432 28.600952 0.070485
1620.000000 532.630859 178.866745 11.564819 27.965881 0.063396
1620.000000 102.333656 145.969193 14.484039 33.271912 0.062674
1620.000000 31.614685 171.882431 12.871498 32.179138 0.059942
1620.000000 21.284760 166.586578 13.864082 33.826355 0.058843
1650.000000 611.894714 167.393723 20.945190 55.041779 0.656632
1650.000000 1.397208 164.018677 14.782674 36.592438 0.429444
1650.000000 15.721426 166.431030 15.310780 35.874481 0.273427
1650.000000 615.234314 172.280823 15.990601 34.998779 0.246977
1650.000000 116.874573 183.371918 11.911835 29.406799 0.245586
1650.000000 9.314790 163.146042 16.562862 39.792206 0.164653
1650.000000 474.119812 119.531540 12.322021 30.211090 0.065713
1650.000000 378.019623 34.174042 18.441772 41.382584 0.062633
1680.000000 602.399597 167.753143 23.234985 54.439728 0.986294
1680.000000 17.804029 159.495667 16.040705 40.527985 0.413291
1680.000000 572.881714 171.392609 13.180298 32.718170 0.380044
1680.000000 581.954590 175.274567 13.937988 31.703735 0.172108
1680.000000 0.016409 162.827011 14.817121 39.772827 0.166930
1680.000000 602.026062 168.912369 16.113525 37.668671 0.137623
1680.000000 528.593811 174.228882 13.282471 32.951660 0.131220
1680.000000 115.876953 184.028549 12.506897 29.707184 0.086461
1680.000000 10.860719 162.519730 17.275822 38.526123 0.057067
1680.000000 378.932587 34.580048 15.249512 35.349228 0.055536
1680.000000 251.769577 82.615211 13.992325 32.110291 0.053030
1680.000000 559.780823 176.274307 11.143433 28.213867 0.052435
1710.000000 585.582031 166.341293 21.985474 56.215698 0.992949
1710.000000 0.000000 159.684067 10.769091 44.664185 0.184089
1710.000000 581.760925 170.625916 13.881470 34.976624 0.161394
1710.000000 111.015724 183.532516 9.681610 24.439789 0.105313
1710.000000 10.836839 154.077591 22.047325 49.538971 0.092918
1710.000000 473.288818 117.548843 13.109253 31.860565 0.078750
1710.000000 388.050323 172.684021 14.667053 34.180450 0.064003
1710.000000 250.336655 83.248955 17.544327 40.764175 0.059104
1710.000000 90.736366 184.989685 13.091248 32.703796 0.055776
1740.000000 576.026611 173.000366 24.598877 56.822540 0.987128
1740.000000 433.869720 176.016510 11.505432 30.129089 0.161639
1740.000000 384.241333 179.500687 11.327332 27.480377 0.111647
1740.000000 573.960999 177.686432 15.911255 31.278320 0.105869
1740.000000 442.639557 177.034225 12.263672 29.939331 0.100558
1740.000000 584.989929 175.845108 15.359253 36.103149 0.083529
1740.000000 22.737305 170.102402 12.849480 30.569031 0.081044
1740.000000 499.863129 177.188126 15.376495 35.755402 0.073952
1770.000000 615.340027 169.206390 24.260498 66.912476 0.732441
1770.000000 587.444031 179.454300 13.612183 32.891052 0.153540
1770.000000 450.182800 177.165421 11.436646 28.810181 0.146904
1770.000000 623.656555 173.637756 15.008545 46.521729 0.063270
1770.000000 615.387512 175.567017 13.447876 36.317322 0.060291
1770.000000 625.254272 186.235428 14.745728 51.511658 0.050462
1800.000000 404.627289 172.160492 13.052124 29.125732 0.155275
1800.000000 579.317993 177.286972 15.763550 37.968719 0.104303
1800.000000 66.686646 191.477280 13.199371 32.004944 0.085956
1800.000000 437.409119 184.841949 12.974365 29.206482 0.075267
1830.000000 51.053371 191.515015 14.830387 35.680573 0.140971
1830.000000 554.850647 177.483917 13.133179 34.725037 0.116364
1830.000000 520.908020 179.968262 14.648682 35.241608 0.116071
1830.000000 474.063782 173.819916 11.911499 27.030579 0.098606
1830.000000 606.435059 195.489212 12.544800 29.368408 0.082192
1830.000000 527.298889 181.683029 13.300659 30.135712 0.081686
1830.000000 432.623138 182.408173 19.441345 44.479126 0.080248
1830.000000 338.136475 80.550186 14.966064 33.765640 0.058918
1830.000000 81.616776 184.451233 13.580444 34.259247 0.058096
