30.000000 534.612854 176.780457 12.564575 31.790924 0.479960
30.000000 590.680420 128.481293 17.518433 41.772705 0.366441
30.000000 549.074219 176.656601 21.537964 56.872223 0.237303
30.000000 561.162354 147.405960 13.344971 33.422607 0.178707
30.000000 618.411377 134.054764 12.568726 31.150238 0.141507
30.000000 612.098633 134.297073 12.176025 30.886932 0.117671
30.000000 605.783142 136.459747 12.911621 30.421753 0.114757
30.000000 517.076843 175.916382 13.896240 33.152313 0.097259
30.000000 54.891994 113.199257 17.286922 40.121056 0.068241
30.000000 598.919434 137.569565 14.650391 31.507263 0.066221
30.000000 613.083191 137.738159 17.931885 44.308990 0.056034
30.000000 575.253418 137.502136 16.181641 35.323822 0.052145
60.000000 28.288395 170.796478 20.725304 49.141602 0.305292
60.000000 513.421265 181.617355 13.214600 32.314880 0.290985
60.000000 623.899170 134.792648 16.100830 55.908661 0.068646
90.000000 563.907654 162.595947 15.788330 39.635498 0.647438
90.000000 519.080811 193.497284 12.874023 31.942169 0.220336
90.000000 604.521179 152.436905 19.610474 48.471954 0.158142
90.000000 599.573975 145.343674 18.227905 39.964233 0.110256
90.000000 537.949829 194.540070 12.755493 30.524048 0.104763
90.000000 464.185547 187.796799 14.676880 33.624451 0.098770
90.000000 595.161743 146.096680 28.450317 70.053864 0.095078
90.000000 587.382996 157.747986 13.885498 31.489929 0.086052
90.000000 559.886902 158.849136 22.606201 55.754608 0.069824
90.000000 558.315979 191.042709 13.522827 32.074341 0.069641
90.000000 624.470398 148.070236 15.529602 68.145905 0.062331
90.000000 574.955139 149.029831 25.793945 64.678589 0.057972
90.000000 572.634155 161.223480 12.246826 30.172272 0.056907
90.000000 552.141174 162.640747 18.479614 42.038177 0.050068
120.000000 571.034424 162.586090 16.905640 39.083130 0.335776
120.000000 596.322937 159.956436 12.908325 30.456940 0.280429
120.000000 580.107666 161.288040 10.641846 26.057190 0.133297
120.000000 588.535217 162.451889 13.399048 32.404205 0.083248
120.000000 595.267822 161.121826 16.984253 43.677917 0.068679
120.000000 573.364807 192.042130 14.698608 32.763916 0.057343
150.000000 533.267029 185.445206 9.822510 28.227020 0.072617
150.000000 501.427948 181.816681 12.689911 32.352539 0.056842
180.000000 619.955444 178.146591 19.575073 67.403320 0.511038
180.000000 545.928284 184.055725 13.804199 33.004242 0.204336
180.000000 622.338745 182.404495 16.897217 38.714142 0.076061
210.000000 30.313238 217.289993 10.593752 24.916199 0.336724
210.000000 593.792053 156.008469 15.284546 36.553314 0.285499
240.000000 26.842430 200.994476 17.393570 44.358215 0.227366
240.000000 285.465271 105.930969 15.295288 33.741333 0.051506
270.000000 566.443359 183.196930 13.593384 33.105621 0.220429
270.000000 27.937061 212.017029 12.497505 30.686493 0.198690
270.000000 573.405090 185.859177 11.390503 28.670135 0.081894
270.000000 561.254639 191.688416 12.189453 29.949036 0.060722
270.000000 34.308651 206.929321 13.627235 32.958435 0.057179
270.000000 600.534973 155.264847 15.557983 36.696533 0.053524
300.000000 432.629669 182.207138 20.285950 47.760498 0.693431
300.000000 476.060486 178.048157 16.576782 40.914642 0.180670
300.000000 574.454285 183.708786 12.646606 32.696259 0.137199
300.000000 589.713135 49.766621 13.775269 30.731060 0.132202
300.000000 426.902069 180.395111 27.553467 70.912628 0.107629
300.000000 516.324524 176.601898 14.516724 34.119019 0.086145
300.000000 438.754669 183.706635 14.204956 32.200165 0.054187
330.000000 427.494965 182.728699 16.718628 39.109131 0.657470
330.000000 590.080811 50.395721 13.641235 30.934250 0.248168
330.000000 434.662262 185.107666 13.483765 30.109802 0.130431
330.000000 603.367615 152.799530 17.779053 41.425995 0.128647
330.000000 467.651764 192.232117 14.599121 30.719330 0.114073
330.000000 423.170807 180.820160 24.153625 58.111206 0.112529
330.000000 567.435425 193.352570 11.890625 28.587769 0.106370
330.000000 551.531372 184.707321 10.585815 28.732788 0.064455
330.000000 231.982346 121.418175 22.357605 49.925484 0.057253
330.000000 413.589752 181.354645 14.358643 32.528931 0.054740
360.000000 604.498352 154.323807 16.986328 39.916107 0.745057
360.000000 423.383942 181.515533 14.590210 36.769440 0.350029
360.000000 557.253113 180.384598 10.760254 27.339539 0.157474
360.000000 567.400879 191.171585 15.418579 33.663788 0.094675
360.000000 36.549095 218.572830 10.112511 25.501923 0.085801
360.000000 574.156067 190.444550 12.450439 28.099365 0.064881
360.000000 434.001434 185.093048 12.338806 32.179596 0.055794
390.000000 416.962067 189.111069 16.741211 39.187927 0.418695
390.000000 434.002106 201.256958 14.687927 32.890076 0.288384
390.000000 606.952515 163.502594 14.765625 35.069244 0.178036
390.000000 592.357788 196.414871 10.614746 28.100006 0.168524
390.000000 573.982422 198.180740 11.106689 28.502930 0.158078
390.000000 470.014679 204.285507 12.742310 31.655273 0.156576
390.000000 36.831669 226.280884 10.733574 26.261139 0.154250
390.000000 591.049683 60.108093 13.287476 29.932114 0.132110
390.000000 429.277435 202.019836 21.339478 47.336182 0.085956
390.000000 404.949371 191.401672 15.339417 35.241333 0.082610
390.000000 565.165955 198.711411 13.289429 30.984985 0.068969
390.000000 438.593201 196.052307 14.073181 36.708160 0.057534
390.000000 423.665497 189.773911 13.816223 31.257538 0.053074
420.000000 417.956299 187.891342 24.755188 61.793793 0.977973
420.000000 455.015350 174.125748 28.024536 67.100861 0.917138
420.000000 608.071655 168.834824 18.133789 40.480591 0.696983
420.000000 595.013611 160.139923 25.042847 57.545868 0.602080
420.000000 432.115631 185.047928 22.965149 58.423798 0.559459
420.000000 449.918701 185.043961 18.786804 48.478058 0.332567
420.000000 451.847473 185.917755 13.923950 31.836823 0.236814
420.000000 486.424377 194.016876 15.310486 36.508850 0.196393
420.000000 615.883850 161.344955 14.406250 35.749115 0.187976
420.000000 559.719116 199.536118 12.970703 31.116760 0.151409
420.000000 89.785889 201.955154 15.758713 38.420013 0.146650
420.000000 439.618134 186.667801 16.450012 42.020782 0.138862
420.000000 408.822205 191.607773 21.022095 53.690308 0.118908
420.000000 135.673843 210.745041 12.272766 30.263458 0.115838
420.000000 581.207764 161.532440 24.732788 56.701416 0.072908
420.000000 39.913731 130.398010 27.774792 66.527374 0.058694
420.000000 382.386841 201.784805 16.746094 37.938690 0.053346
450.000000 442.307983 183.484253 30.068115 71.864960 0.982222
450.000000 594.556396 206.275589 13.494629 33.330750 0.756100
450.000000 35.074577 228.752670 12.331261 29.559952 0.450787
450.000000 0.227430 210.143951 14.171735 43.525940 0.212955
450.000000 510.609833 188.943771 15.074005 35.886597 0.171320
450.000000 466.337189 201.200089 18.326904 43.711487 0.124069
450.000000 612.108398 207.395096 11.339233 30.326782 0.123777
450.000000 558.872559 204.866135 13.945679 34.600006 0.117122
450.000000 362.670502 223.147400 18.437622 43.899963 0.075234
450.000000 583.428467 179.681137 14.988403 36.146484 0.068277
450.000000 399.519073 202.247086 18.212891 42.850861 0.067244
450.000000 551.964294 177.674347 25.859741 63.257294 0.057460
450.000000 601.747192 65.547295 14.580811 29.566406 0.050232
480.000000 484.352722 172.747162 36.648438 88.620361 0.996228
480.000000 141.555664 210.932526 12.073425 27.391541 0.455107
480.000000 27.100128 229.394760 11.680450 28.212906 0.454177
480.000000 333.607483 175.345901 18.884277 44.738007 0.175741
480.000000 510.349731 182.670807 14.044800 34.754395 0.141600
480.000000 325.094055 172.720032 27.577515 69.710846 0.116481
480.000000 606.592041 199.695099 16.204346 40.750519 0.112845
480.000000 466.207947 174.736435 28.221985 71.150970 0.104096
480.000000 476.090881 178.985535 29.353271 67.616974 0.101519
480.000000 574.173157 193.674225 13.576050 33.223633 0.101058
480.000000 550.246704 193.185776 16.238403 38.913422 0.072184
480.000000 180.147736 202.827271 15.755096 35.859802 0.066805
510.000000 561.019348 150.015823 47.123901 123.458450 0.995048
510.000000 461.156311 209.125931 11.455811 28.253296 0.494858
510.000000 9.480576 220.127335 15.449505 39.363022 0.474985
510.000000 465.356049 210.973160 12.783936 27.617737 0.469586
510.000000 137.317123 207.410599 12.238831 26.815643 0.452845
510.000000 144.157333 206.176682 12.717712 30.922913 0.342157
510.000000 208.010376 205.471710 18.483887 47.598480 0.252176
510.000000 626.922668 178.133591 13.010742 45.779144 0.162912
510.000000 456.582947 210.590179 10.821838 25.910919 0.161765
510.000000 210.099228 208.955063 11.546967 28.278900 0.142589
510.000000 204.300827 208.113983 12.472595 31.093445 0.108678
510.000000 212.116348 202.496902 11.060486 27.914062 0.087605
510.000000 606.344360 156.120300 17.243042 40.670166 0.085717
510.000000 542.989197 182.007431 15.328735 35.319824 0.079195
510.000000 623.580444 187.372055 14.540649 49.306519 0.073064
510.000000 507.720123 201.004578 13.922150 33.459625 0.070628
510.000000 192.010452 212.869232 16.573273 39.518921 0.064082
510.000000 602.691589 150.109589 23.919312 62.355286 0.062377
510.000000 191.909790 209.613220 13.036041 29.551117 0.060897
510.000000 169.861343 209.058762 11.848480 27.260437 0.054511
540.000000 90.252419 225.747833 12.994492 32.583221 0.518357
540.000000 135.413483 202.398697 13.173431 32.149048 0.240777
540.000000 84.432617 223.235397 19.281860 46.919235 0.181262
540.000000 546.234558 173.760773 27.274536 61.591675 0.157490
540.000000 601.961121 183.431808 19.447266 46.377350 0.109804
540.000000 552.795105 173.287704 18.196289 43.529144 0.089721
540.000000 83.613754 222.866516 13.222305 32.556091 0.075723
540.000000 524.777588 181.657288 15.159058 35.824646 0.070316
540.000000 172.802612 203.191238 13.083862 31.489594 0.057129
570.000000 485.031067 192.903427 16.595642 40.721252 0.676657
570.000000 79.469368 221.839691 16.182465 38.080536 0.552577
570.000000 357.744934 147.209503 25.310486 67.330963 0.207842
570.000000 491.369934 197.366226 13.773682 35.282654 0.111624
570.000000 603.944519 184.141052 18.471191 44.800171 0.091972
570.000000 613.265808 200.096832 13.417603 31.817627 0.075409
570.000000 73.558151 221.242661 16.677628 39.032425 0.074480
570.000000 74.665253 220.781296 24.588959 58.346573 0.073438
570.000000 300.000946 161.879730 18.153442 43.842682 0.072593
570.000000 556.848572 197.861084 15.046631 28.675781 0.069011
570.000000 496.773254 138.420471 36.489990 91.126556 0.066702
570.000000 353.251282 150.162033 36.250427 94.178528 0.057650
600.000000 353.051056 208.735153 10.611694 30.173920 0.514663
600.000000 68.955788 222.612305 13.136932 33.520569 0.222592
600.000000 365.106628 210.218170 13.928589 33.751190 0.215020
600.000000 343.023193 202.385727 14.418457 36.032837 0.193907
600.000000 356.103668 210.687515 11.792175 29.858551 0.155473
600.000000 348.465668 203.631180 12.360718 33.920807 0.124507
600.000000 617.513062 160.013657 18.393799 42.545685 0.115862
630.000000 47.064575 217.299500 15.454071 36.476288 0.381076
630.000000 38.008785 216.826416 20.766632 46.549164 0.134005
630.000000 615.470032 201.292572 13.491577 32.996521 0.129686
630.000000 597.250122 205.216797 13.276489 30.587677 0.105763
630.000000 354.937408 203.401855 10.434570 24.842407 0.077566
630.000000 93.356476 208.666382 11.930054 28.014862 0.075455
630.000000 525.223999 203.334198 14.319946 30.829559 0.073694
630.000000 563.550781 185.001663 20.696777 48.768799 0.060199
630.000000 362.692871 203.567703 10.142090 25.273376 0.050610
660.000000 39.237423 215.266098 12.052834 28.316864 0.257123
660.000000 546.481323 185.897141 21.406494 53.798218 0.148480
660.000000 355.967072 202.468018 10.472534 26.567444 0.145083
660.000000 537.922974 189.944153 20.383667 49.228699 0.141638
660.000000 83.590286 205.881119 14.117661 35.233673 0.133299
660.000000 150.244537 206.081970 12.900909 32.685669 0.120239
660.000000 539.614441 207.185806 13.681152 31.480255 0.106794
660.000000 34.490025 214.615219 18.074173 40.934723 0.074910
660.000000 79.086411 207.137833 19.593857 48.610901 0.066370
660.000000 363.048828 205.263474 14.906738 36.715454 0.065229
660.000000 98.914848 184.223923 13.717087 34.772064 0.061257
660.000000 336.211365 201.417908 9.605591 25.850830 0.056895
690.000000 43.579296 208.221817 12.363007 30.334747 0.349385
690.000000 27.800373 209.442902 11.848320 30.400330 0.288997
690.000000 51.276672 207.156601 12.731468 33.088623 0.250288
690.000000 87.376144 200.051041 12.270081 29.133240 0.203141
690.000000 564.577209 199.805634 15.708130 40.127380 0.160997
690.000000 81.007469 207.709213 10.680359 24.271118 0.092765
690.000000 63.133175 205.161057 12.584782 32.468231 0.090075
690.000000 540.801636 208.728439 11.957764 31.180298 0.057076
720.000000 582.051270 198.769150 16.409180 41.887726 0.466728
720.000000 548.875427 206.463867 12.171875 29.339142 0.297561
720.000000 331.978271 201.326920 13.091858 34.988403 0.180540
720.000000 22.029291 207.072693 13.578367 33.664032 0.159849
720.000000 52.526077 205.139465 11.616760 28.777252 0.138223
720.000000 576.033020 198.407318 15.546875 40.174561 0.111121
720.000000 93.948784 188.210114 14.378571 31.947815 0.079556
720.000000 12.335711 208.409897 12.407318 30.271790 0.067551
720.000000 310.714081 201.151474 8.721069 21.600647 0.065829
720.000000 81.070892 206.396164 11.448257 28.450134 0.056255
750.000000 92.590538 186.132751 14.400314 33.932648 0.421134
750.000000 7.087671 207.233383 14.248085 35.147278 0.175943
750.000000 20.284475 205.535446 14.036501 35.358276 0.108173
750.000000 469.019897 177.703384 17.996094 43.527924 0.089510
750.000000 39.411617 209.982086 13.451675 30.878876 0.057496
780.000000 467.269348 175.305283 19.558350 48.463562 0.172616
780.000000 548.526062 205.567154 12.865112 32.104858 0.161790
780.000000 592.871216 225.701065 14.707642 31.243546 0.101101
780.000000 38.950806 207.144836 12.953880 30.599213 0.059180
780.000000 471.091034 192.867279 15.156738 33.287415 0.052599
810.000000 556.475952 200.497650 14.796753 35.420013 0.192681
810.000000 568.348572 199.621643 14.774414 36.162964 0.174773
810.000000 470.988586 193.301178 14.040100 30.984375 0.122165
810.000000 463.962097 193.209106 13.156006 31.053894 0.103826
810.000000 541.637939 183.243713 21.597168 50.660583 0.098323
810.000000 467.229706 178.190186 15.090393 35.632904 0.072014
810.000000 582.906311 187.616608 21.757935 54.284302 0.070746
840.000000 587.073792 206.960419 14.240479 33.586060 0.185564
840.000000 41.361759 206.345963 12.474991 29.297333 0.085836
840.000000 406.920868 205.683716 11.021423 28.056824 0.064861
840.000000 614.860352 211.184464 11.208984 26.848969 0.051418
870.000000 467.356201 180.908218 19.494080 49.870392 0.465129
870.000000 90.809326 185.560135 16.134857 38.446503 0.081413
870.000000 332.902039 200.148087 15.679199 36.929840 0.055471
870.000000 147.894608 199.162827 11.393829 27.811249 0.051876
900.000000 259.030670 169.253220 17.068176 41.232147 0.391358
900.000000 201.083954 202.068756 21.585175 52.227600 0.325418
900.000000 461.782013 181.551575 19.109802 46.533264 0.135095
900.000000 569.575562 198.574524 15.349854 36.555939 0.123994
900.000000 596.007812 220.133316 11.406250 28.718353 0.121507
900.000000 41.979404 206.821091 11.697815 30.213501 0.120318
900.000000 363.371552 172.648178 17.375854 39.435822 0.066138
930.000000 462.379242 182.492111 21.146179 51.957306 0.613592
930.000000 61.000603 198.120239 15.009216 37.144226 0.267357
930.000000 89.682198 181.121063 16.982925 42.200165 0.202419
930.000000 546.910767 184.604126 19.731323 49.509583 0.184064
930.000000 458.249786 186.797180 17.567261 46.635284 0.182338
930.000000 471.814514 189.681244 17.406677 42.175781 0.167139
930.000000 586.683716 189.388123 18.884277 49.996429 0.142076
930.000000 569.501831 198.440460 15.769165 38.579712 0.116213
930.000000 56.404633 196.270981 21.666245 54.863495 0.111274
930.000000 124.459206 204.401672 12.104820 28.713013 0.075646
930.000000 534.260437 188.179474 16.641724 45.227722 0.066816
930.000000 87.483482 178.531601 23.326752 61.507843 0.058790
930.000000 320.725372 186.451202 11.075500 27.240143 0.050120
960.000000 384.267242 206.080811 19.709961 50.643463 0.229673
960.000000 333.049713 192.573380 10.342041 26.538818 0.227762
960.000000 310.388733 200.041245 9.806152 21.833221 0.185194
960.000000 116.246780 200.311630 12.142792 31.856476 0.111499
960.000000 379.771759 210.759995 15.303589 39.115662 0.103173
960.000000 38.597820 205.852570 13.359558 31.884857 0.063137
990.000000 447.543488 188.097443 19.242432 48.666809 0.934105
990.000000 551.576355 184.332397 21.334106 50.081635 0.341204
990.000000 456.098969 190.906570 17.680908 44.575500 0.093689
990.000000 442.289825 187.926300 18.111877 45.614136 0.091735
990.000000 468.751648 181.724762 20.249207 48.770294 0.055228
990.000000 258.707886 169.342117 17.433411 37.935669 0.054090
1020.000000 433.762878 192.334625 20.489258 46.654907 0.983006
1020.000000 414.849304 186.265747 21.135742 51.493683 0.962499
1020.000000 334.434570 200.307434 15.838257 36.910248 0.339763
1020.000000 252.220444 193.910934 12.069077 28.806610 0.187293
1020.000000 473.879395 182.600922 20.179626 50.123413 0.142098
1020.000000 310.670319 202.126511 9.625305 23.025513 0.087031
1020.000000 428.330750 193.723541 19.056885 43.302643 0.074780
1020.000000 52.355808 202.629654 10.891243 27.533813 0.072978
1020.000000 41.513954 208.617447 12.446426 30.310852 0.072915
1020.000000 5.731257 202.474945 12.538404 34.156433 0.069795
1020.000000 87.575188 198.117310 15.114166 33.350433 0.064559
1020.000000 81.886024 200.890350 14.382050 30.131683 0.054591
1050.000000 412.512360 192.530518 20.152344 48.539978 0.971206
1050.000000 387.847290 190.402740 19.521179 46.155396 0.936787
1050.000000 399.012665 190.871399 16.249512 42.777161 0.428456
1050.000000 545.865479 182.182602 22.734375 55.095245 0.398496
1050.000000 91.643639 177.544464 13.856110 36.256744 0.322609
1050.000000 569.769958 199.999847 14.377808 35.918060 0.180433
1050.000000 396.292236 191.946442 13.701416 33.924347 0.147339
1050.000000 405.318268 198.478333 17.077576 38.319427 0.124905
1050.000000 413.554138 188.595581 11.984924 29.060364 0.093558
1050.000000 587.140320 187.433411 20.005371 49.039398 0.077084
1050.000000 75.898827 205.005524 12.026001 29.921265 0.055041
1050.000000 87.912331 175.371475 19.493149 54.461823 0.051783
1080.000000 376.044250 187.110016 21.456909 51.549805 0.979844
1080.000000 392.400848 191.129700 20.841125 50.081482 0.959114
1080.000000 337.994507 188.954926 16.452332 37.362488 0.428800
1080.000000 468.000092 175.058411 15.304626 38.548157 0.309937
1080.000000 360.366730 184.340393 22.948364 55.570892 0.275557
1080.000000 91.911148 179.660919 13.471619 35.134277 0.214045
1080.000000 40.461983 206.310959 13.789528 33.725952 0.167083
1080.000000 80.914360 199.098343 14.083527 31.966888 0.134018
1080.000000 387.331085 189.628586 18.482361 44.544678 0.129456
1080.000000 342.204163 185.122559 12.548950 28.870575 0.103347
1080.000000 405.839813 194.465759 11.859375 29.365997 0.099977
1080.000000 585.987976 191.299652 18.461792 46.324677 0.052421
1080.000000 89.541840 190.724518 18.244415 40.970001 0.052381
1080.000000 412.854004 192.089905 16.300049 38.625244 0.051393
1110.000000 365.826172 189.036911 21.883545 52.495941 0.937066
1110.000000 378.422119 192.992523 19.455811 48.486847 0.904432
1110.000000 82.951149 196.919800 13.993637 34.040649 0.410933
1110.000000 91.644920 179.108368 13.375519 34.485840 0.213779
1110.000000 343.633850 194.850876 11.612183 27.603485 0.199028
1110.000000 468.131592 180.818512 19.545959 43.964172 0.165678
1110.000000 469.766663 178.437180 12.775818 30.453705 0.130300
1110.000000 77.853691 200.214508 12.190598 30.490021 0.096649
1110.000000 373.336578 200.829803 15.711975 40.605255 0.092177
1110.000000 78.943848 194.752670 21.444702 45.649292 0.086027
1110.000000 338.755463 203.185638 12.272583 30.847717 0.085491
1110.000000 88.035782 178.441422 20.070496 53.967407 0.078150
1110.000000 105.646790 179.988327 16.712311 40.848999 0.050706
1140.000000 376.178345 193.460693 19.864624 48.908997 0.980624
1140.000000 362.206299 190.165405 21.391663 52.931000 0.876474
1140.000000 595.254761 194.760513 14.737183 35.618530 0.263526
1140.000000 83.662582 196.228073 17.095230 38.654480 0.175505
1140.000000 485.390594 191.883209 15.400085 36.614807 0.164904
1140.000000 91.857201 178.893326 13.847702 36.494019 0.140710
1140.000000 87.674149 178.917801 20.862915 53.892609 0.108537
1140.000000 78.716408 199.883438 15.092102 34.572693 0.087555
1140.000000 625.561096 185.674835 13.541626 38.765198 0.082620
1140.000000 376.721222 194.832184 14.230652 32.492401 0.080816
1140.000000 618.123413 186.779022 14.713989 35.636902 0.080422
1140.000000 370.498535 201.997955 16.094055 40.380707 0.073702
1140.000000 543.645935 204.289368 14.096069 32.922821 0.070103
1140.000000 346.274475 198.710342 11.253662 25.703278 0.064138
1140.000000 613.396362 186.923019 14.505371 33.409698 0.062493
1140.000000 472.042175 194.463211 13.065308 30.451843 0.062392
1140.000000 587.995239 191.732086 19.511108 43.377289 0.055185
1140.000000 21.483616 203.618256 12.772053 34.004944 0.050711
1170.000000 374.776978 196.493057 15.502808 38.061737 0.660079
1170.000000 357.568817 192.356522 15.578247 41.022827 0.304936
1170.000000 469.064972 186.722580 14.869324 37.179016 0.121049
1170.000000 309.319580 197.074722 11.895142 26.557098 0.090025
1170.000000 345.107849 195.074722 11.888489 27.593781 0.070037
1170.000000 543.154846 202.964920 14.753540 36.641296 0.067161
1170.000000 372.137634 195.386505 21.825317 54.271973 0.066058
1170.000000 361.342102 194.144196 12.132507 25.643860 0.065352
1170.000000 334.159790 196.560806 17.745911 40.007141 0.062545
1170.000000 347.135284 200.637222 12.352417 32.395844 0.056743
1230.000000 98.427361 177.608826 16.926132 41.243103 0.538601
1230.000000 140.633057 185.857162 12.837158 32.159882 0.309273
1230.000000 87.774788 182.161499 13.281479 35.799347 0.267369
1230.000000 32.120632 209.863617 14.801964 35.816772 0.252202
1230.000000 257.873322 171.346222 14.916138 37.310272 0.188380
1230.000000 84.685417 182.358719 21.081100 49.406586 0.075810
1230.000000 225.612167 164.096649 27.620056 68.153595 0.073748
1230.000000 0.199566 192.304199 12.550647 44.225342 0.073532
1230.000000 92.480659 175.389923 26.076477 66.055908 0.066274
1230.000000 94.733322 179.878159 14.869705 36.427643 0.059354
1230.000000 28.281824 209.084747 13.477102 31.589935 0.050829
1260.000000 394.699982 95.329117 26.409973 65.530609 0.252356
1260.000000 83.106705 192.647766 16.551163 40.206726 0.216546
1260.000000 590.367920 206.840576 16.076050 39.836670 0.207579
1260.000000 315.013580 192.365021 14.958130 38.041534 0.190230
1260.000000 23.718580 211.265778 16.791765 41.353271 0.166777
1260.000000 0.007129 201.021912 10.887600 47.539703 0.121969
1260.000000 596.724487 206.316315 16.511841 42.542267 0.113478
1260.000000 69.643997 201.323441 14.873550 35.555939 0.110452
1260.000000 235.163345 194.629196 16.046753 37.962372 0.103496
1260.000000 312.280151 192.152374 21.328613 54.014343 0.091700
1260.000000 75.466377 192.283249 20.560104 45.099731 0.087682
1260.000000 572.141724 216.512848 12.241943 28.113190 0.086513
1260.000000 284.001190 198.358795 15.334045 38.075531 0.084627
1260.000000 401.025787 95.561646 15.722656 40.313217 0.078485
1260.000000 160.233704 209.543030 12.649017 30.882782 0.071319
1260.000000 336.107971 184.039062 14.005249 32.542084 0.059617
1260.000000 201.820038 210.620575 18.693573 42.750000 0.058992
1260.000000 368.823822 170.826767 20.016602 45.738403 0.050756
1290.000000 245.364944 174.340530 18.865311 44.767883 0.479435
1290.000000 73.179131 186.880386 18.367813 45.681946 0.445748
1290.000000 66.935905 187.835098 26.877533 64.241852 0.173269
1290.000000 66.391632 197.745560 14.661377 32.494629 0.132815
1290.000000 124.151611 195.821793 12.782776 29.401550 0.091839
1290.000000 129.961258 186.735321 12.686981 33.421722 0.077155
1290.000000 331.544067 166.866882 18.543091 43.371735 0.071331
1290.000000 238.918915 172.821091 28.559174 71.910797 0.070860
1290.000000 223.102997 204.984116 12.621216 31.936340 0.059039
1290.000000 402.651459 169.449997 16.668396 38.524811 0.056732
1290.000000 595.242615 208.087692 14.321289 34.661896 0.052501
1320.000000 265.878967 191.703308 21.583557 54.289032 0.172834
1320.000000 269.298645 191.921814 15.662170 37.176117 0.136136
1380.000000 37.484535 193.323364 30.963676 70.273529 0.137453
1380.000000 587.241760 181.706360 17.580811 40.500641 0.105599
1380.000000 93.907562 202.371765 17.968872 40.805450 0.102706
1380.000000 5.860836 177.645218 39.465424 88.336960 0.051142
1410.000000 149.078232 198.109467 13.548492 33.310089 0.393884
1410.000000 331.385864 178.897385 23.553955 59.235107 0.171590
1410.000000 272.341248 190.327042 13.520203 32.454865 0.159996
1410.000000 79.688133 201.853851 27.754333 65.330994 0.158948
1410.000000 146.748779 196.361374 20.679016 51.636932 0.147486
1410.000000 87.131424 198.079193 15.986542 38.693420 0.111671
1410.000000 190.046066 190.333130 14.771210 37.576965 0.107577
1410.000000 605.383789 198.899841 15.046509 35.130249 0.101174
1410.000000 98.831039 197.600937 15.816849 38.491180 0.074032
1410.000000 497.418915 209.325134 13.037659 30.180450 0.072002
1410.000000 56.005924 201.799393 19.134975 45.141022 0.064608
1410.000000 336.439362 183.847290 16.457764 35.820587 0.063546
1410.000000 289.498138 182.410583 27.932007 68.296570 0.053033
1410.000000 90.608650 197.576599 27.702942 54.272919 0.050785
1440.000000 15.690063 206.967484 20.477425 43.069427 0.315936
1440.000000 23.471821 206.697647 17.589035 39.725403 0.302637
1440.000000 6.825505 192.144104 26.600060 65.179932 0.239800
1440.000000 143.115158 131.548111 15.907776 36.341431 0.084754
1440.000000 553.963684 177.665085 17.113403 39.995514 0.081667
1440.000000 148.109589 202.676117 11.667816 27.278290 0.071079
1440.000000 30.581051 207.201477 14.041077 31.342743 0.058384
1470.000000 272.483948 151.460083 31.411682 76.051910 0.189044
1470.000000 188.925171 195.377167 12.660614 30.533844 0.146891
1470.000000 418.830292 190.264633 13.364319 31.990448 0.132205
1470.000000 85.874336 207.544144 11.291840 27.600922 0.125709
1470.000000 13.529869 205.780243 11.656330 28.166748 0.066031
1470.000000 193.082932 195.566269 12.737244 32.398743 0.061205
1470.000000 198.604095 194.660339 12.769226 31.653259 0.052944
1470.000000 556.083740 181.893570 14.917847 36.435211 0.051180
1500.000000 566.018372 179.816528 12.830078 31.395020 0.351929
1500.000000 83.006554 190.139511 13.478912 34.983307 0.340263
1500.000000 454.024841 182.219559 14.856873 35.376770 0.262438
1500.000000 411.840881 176.961380 15.966309 38.228516 0.237624
1500.000000 395.429993 175.292130 15.786621 38.555847 0.228815
1500.000000 440.117889 171.105423 13.165283 30.509491 0.195080
1500.000000 413.470825 176.249496 11.451599 27.686188 0.174831
1500.000000 386.320404 167.941071 22.241577 55.320557 0.133812
1500.000000 104.390091 191.829849 11.214844 26.944763 0.125091
1500.000000 380.967560 175.527496 18.464966 43.373993 0.120113
1500.000000 582.147583 183.504700 13.326172 30.483002 0.116280
1500.000000 386.706299 162.725891 14.613892 35.969604 0.111119
1500.000000 418.326965 176.507019 17.827148 41.626465 0.110218
1500.000000 626.175659 159.957214 13.788452 49.410553 0.095793
1500.000000 620.122131 178.343674 13.514648 31.529480 0.092063
1500.000000 570.200378 179.392029 13.770630 32.201447 0.085194
1500.000000 85.467957 190.245132 9.835754 23.256561 0.082724
1500.000000 356.140839 152.700165 16.654602 39.228119 0.071409
1500.000000 202.163391 180.841064 13.947632 34.148132 0.066507
1500.000000 440.917450 177.614685 14.297302 38.079041 0.060234
1500.000000 389.724365 171.566360 13.818420 32.454529 0.056157
1500.000000 447.627380 174.913284 15.256348 36.342041 0.055060
1500.000000 446.221771 179.991837 20.013245 46.087830 0.051516
1530.000000 448.592834 169.601425 16.895081 40.280151 0.564561
1530.000000 417.871887 160.948792 28.705994 66.245056 0.516585
1530.000000 467.759064 155.934570 23.582764 56.123291 0.474651
1530.000000 423.550507 164.631973 19.621033 46.177917 0.256077
1530.000000 472.324707 159.323120 14.819824 37.834595 0.171611
1530.000000 51.101776 196.932938 13.012550 26.483704 0.154262
1530.000000 515.745361 164.836548 16.445435 39.828918 0.143446
1530.000000 107.081345 182.567001 12.688110 30.301056 0.118041
1530.000000 512.785645 162.857864 23.953369 64.128998 0.115900
1530.000000 407.359283 162.078247 17.520508 41.434998 0.113541
1530.000000 350.474426 142.557449 18.468933 43.677979 0.101667
1530.000000 367.772278 142.854141 15.906494 38.952820 0.101440
1530.000000 344.698975 142.962814 30.274048 66.790527 0.101168
1530.000000 66.153961 193.997162 10.337646 26.240570 0.092600
1530.000000 397.614746 142.600082 15.377686 36.814056 0.088301
1530.000000 572.183838 171.970688 18.151245 43.155975 0.071915
1530.000000 361.829559 144.340851 13.388611 33.202576 0.068012
1530.000000 387.172333 142.910919 17.069153 37.853607 0.067425
1530.000000 447.104004 169.021805 13.552307 30.198639 0.052223
1560.000000 508.910950 138.272980 57.098022 160.874023 0.938598
1560.000000 64.719620 189.328430 14.418610 35.896484 0.447738
1560.000000 619.328796 181.882797 13.188843 32.373718 0.175514
1560.000000 109.660965 185.387177 11.637421 25.717804 0.165901
1560.000000 12.393842 184.215042 15.965781 40.497528 0.157708
1560.000000 518.992249 145.931274 42.730103 102.680237 0.140422
1560.000000 595.215637 182.706070 11.946289 29.171082 0.124780
1560.000000 580.881165 172.758224 20.006470 46.781342 0.116162
1560.000000 592.603394 155.417725 15.809692 35.587738 0.113893
1560.000000 555.938965 154.504578 15.264038 33.166077 0.100939
1560.000000 20.838181 185.472107 13.694256 34.042297 0.096822
1560.000000 571.895081 168.369049 30.265625 74.812592 0.090122
1560.000000 588.294861 152.032410 24.424927 54.246124 0.083142
1560.000000 612.833313 181.142609 21.344849 52.609589 0.079208
1560.000000 535.321777 152.544586 22.558472 58.074829 0.069029
1560.000000 399.244263 133.640350 17.869812 44.601379 0.051512
1560.000000 16.291729 181.675888 15.048550 31.164001 0.051496
1560.000000 391.472198 131.077942 13.293640 33.981964 0.050959
1590.000000 388.728912 143.878616 14.888794 35.615570 0.178235
1590.000000 39.513119 185.398346 14.019730 34.987640 0.161895
1590.000000 240.308456 184.840530 12.129547 29.408875 0.153575
1590.000000 402.575531 137.178192 17.977173 42.763641 0.090058
1590.000000 1.784037 177.546722 16.807077 43.341888 0.083807
1590.000000 380.669189 147.338837 18.885620 43.891327 0.070712
1620.000000 435.348572 161.009598 18.093201 44.455139 0.110383
1620.000000 41.566891 74.342407 16.521606 38.592987 0.085277
1620.000000 478.530151 91.817596 13.243469 32.019608 0.081251
1620.000000 241.576889 175.939514 11.591095 27.082520 0.075091
1620.000000 53.431767 167.141891 12.455166 30.686066 0.073147
1620.000000 263.395050 163.034180 12.515991 27.978424 0.065422
1620.000000 423.898987 161.996628 21.125305 51.734344 0.058266
1650.000000 385.548798 127.449440 22.328613 60.039757 0.367531
1650.000000 594.582642 140.017242 26.212524 62.128906 0.284225
1650.000000 601.536194 139.337509 18.484375 44.649658 0.197990
1650.000000 126.682236 174.646469 11.052185 28.553528 0.129158
1650.000000 70.022263 185.165207 12.933350 26.597046 0.120022
1650.000000 390.353241 131.360397 15.820374 39.533386 0.106264
1650.000000 519.684631 145.010834 15.939697 37.489960 0.105612
1650.000000 385.817291 127.949875 13.312744 31.109283 0.091221
1650.000000 399.701904 121.257523 11.411865 28.136383 0.057742
1650.000000 602.009033 136.741852 12.471802 30.348480 0.056905
1650.000000 593.706116 142.173416 18.422119 42.972046 0.052305
1650.000000 581.955078 138.254868 44.450928 102.749695 0.051940
1680.000000 398.296722 120.458603 14.593018 34.540100 0.208995
1680.000000 415.426666 121.911079 21.342468 49.467415 0.177793
1680.000000 263.964722 164.643402 11.447021 27.177582 0.116755
1680.000000 532.525635 156.525024 19.119141 44.970764 0.109263
1680.000000 412.810852 120.869339 32.148254 78.057770 0.107044
1680.000000 395.295746 117.971512 20.382996 52.330353 0.094930
1680.000000 402.780579 120.109161 11.944641 27.818878 0.092996
1680.000000 0.000000 182.885986 10.191634 44.506348 0.088707
1680.000000 427.574646 124.925354 13.490112 32.107849 0.085871
1680.000000 273.992645 175.718903 11.261902 27.139130 0.066899
1680.000000 462.892151 122.531532 11.263855 25.661324 0.059959
1680.000000 160.003738 180.561005 11.771423 28.019196 0.051266
1680.000000 468.506500 118.552399 12.215393 27.222107 0.050826
1680.000000 444.309326 122.122025 14.480530 33.722534 0.050364
1710.000000 17.131023 186.273819 16.471333 40.854126 0.511540
1710.000000 604.946167 182.166031 23.685669 58.738617 0.329051
1710.000000 162.376480 180.275818 11.679779 28.365540 0.188782
1710.000000 308.752563 174.865540 10.108398 24.632904 0.136717
1710.000000 176.983826 186.635956 11.042572 27.712219 0.112542
1710.000000 597.651978 184.726013 23.105957 54.816895 0.104102
1710.000000 587.922180 184.215485 21.407959 49.267975 0.103941
1710.000000 97.447861 188.270493 13.926453 32.528320 0.076371
1710.000000 237.224335 163.695999 13.388000 32.134277 0.069397
1710.000000 22.217258 188.078033 11.838863 27.457581 0.066268
1710.000000 609.700256 184.522858 13.695557 32.915527 0.059910
1710.000000 246.096100 161.771637 12.783112 29.841370 0.056446
1710.000000 73.289566 173.882263 13.649551 31.930756 0.050294
1740.000000 586.042786 104.525604 24.625610 67.279053 0.277195
1740.000000 437.350433 105.763794 15.439331 35.754303 0.231859
1740.000000 568.165955 150.316025 14.798950 31.600952 0.214646
1740.000000 430.296448 168.725372 12.276001 31.211243 0.205710
1740.000000 601.608398 121.168808 37.302490 126.063873 0.158883
1740.000000 564.226868 106.367104 13.226074 26.733315 0.129002
1740.000000 34.557114 173.554291 13.924477 36.495392 0.125395
1740.000000 432.655609 106.454163 14.350159 34.658752 0.121777
1740.000000 552.727661 107.099915 13.647461 32.500275 0.116105
1740.000000 503.918549 106.676865 12.009430 27.790131 0.084626
1740.000000 424.509521 96.724411 14.489990 35.537491 0.084452
1740.000000 603.368286 192.163071 23.099731 53.228363 0.078486
1740.000000 442.675232 108.139450 13.737671 34.440292 0.070754
1740.000000 291.773590 167.095291 13.773682 34.679169 0.062880
1740.000000 512.734558 107.858856 14.777832 36.356308 0.059995
1740.000000 444.286072 174.539795 12.862244 30.029816 0.059085
1740.000000 622.992676 131.273804 16.792114 86.596222 0.054713
1740.000000 260.769257 171.357788 12.034302 30.734222 0.051943
1740.000000 587.085388 100.269386 43.794800 146.436768 0.051844
1740.000000 386.018402 130.984192 18.516968 42.609650 0.051525
1740.000000 433.094971 104.104889 22.148438 52.812439 0.050268
1770.000000 366.626587 161.327301 16.458557 39.698151 0.281509
1770.000000 531.272705 154.357971 13.923828 34.682190 0.267496
1770.000000 151.085068 171.374649 13.046967 30.767792 0.180256
1770.000000 170.397644 170.800140 12.742767 32.363373 0.118992
1770.000000 38.152672 171.235596 11.451195 27.653717 0.115572
1770.000000 341.778351 161.358810 12.450928 32.244904 0.113911
1770.000000 539.929688 150.626984 13.181641 33.282104 0.106841
1770.000000 319.633545 159.577789 13.018677 32.329895 0.103843
1770.000000 486.862671 84.617516 13.803833 35.051041 0.088353
1770.000000 467.750885 155.639221 14.836731 35.485870 0.083449
1770.000000 71.717529 181.174088 15.332138 33.294128 0.067167
1770.000000 598.850769 145.836914 17.829834 41.428680 0.066249
1770.000000 364.090057 162.147507 13.447754 33.598541 0.058081
1770.000000 374.227814 161.583557 15.981995 38.826599 0.056894
1770.000000 535.479431 151.265152 11.450806 27.092773 0.055476
1770.000000 466.692596 153.539825 11.590393 29.569885 0.053418
1770.000000 472.757721 155.667587 12.718994 30.937286 0.052725
1770.000000 605.918579 144.553253 17.137817 38.661285 0.052352
1770.000000 228.842209 174.046921 13.153198 28.826294 0.051526
1800.000000 527.548523 171.939911 15.593872 35.623169 0.372597
1800.000000 18.863461 110.871582 12.722713 29.576889 0.160702
1800.000000 394.069489 159.723328 21.758179 53.746979 0.143323
1800.000000 366.159821 163.346634 11.979370 30.849091 0.128440
1800.000000 150.028824 172.368942 12.509155 30.900330 0.127491
1800.000000 424.809357 169.728058 14.320740 33.660614 0.113259
1800.000000 235.684738 175.165955 13.068115 28.429138 0.099741
1800.000000 12.764304 173.918930 12.992311 32.399170 0.092925
1800.000000 518.261353 160.658600 13.222412 32.334808 0.091437
1800.000000 623.577209 47.426430 13.576050 35.245743 0.087424
1800.000000 439.565063 170.000305 13.463684 32.222748 0.087127
1800.000000 525.154175 154.456741 20.125732 55.423645 0.080909
1800.000000 356.692139 165.031479 14.395142 31.545074 0.072892
1800.000000 563.951233 181.170929 13.940186 32.627228 0.070475
1800.000000 605.583374 157.223434 14.537842 34.245422 0.070418
1830.000000 157.545502 163.658188 12.358215 30.176239 0.263736
1830.000000 30.290798 173.395081 15.669907 31.689575 0.174867
1830.000000 391.550079 153.750900 16.747009 39.221527 0.114510
1830.000000 0.000000 160.592575 8.923122 40.187805 0.100549
1830.000000 1.506482 163.083496 13.470247 34.780762 0.096710
1830.000000 163.682800 170.639725 10.885925 28.488434 0.087783
1830.000000 410.927094 155.750076 14.204285 34.977753 0.065728
1830.000000 592.699585 178.144531 20.458374 48.778076 0.058709
1830.000000 63.365593 174.280884 11.958008 28.512787 0.050140
