30.000000 512.468445 181.789139 19.981689 45.855621 0.160620
30.000000 45.471565 201.737823 11.763023 28.091919 0.150965
30.000000 383.977295 167.578491 17.573975 40.489471 0.121499
30.000000 47.462959 185.449142 12.851807 30.773865 0.114479
30.000000 363.685425 178.072678 13.723694 33.952728 0.067899
30.000000 516.017029 181.075134 13.180420 32.974121 0.056905
30.000000 423.713898 153.318161 27.555542 67.145569 0.054535
30.000000 0.000000 186.088028 9.711577 42.005768 0.050048
60.000000 447.945831 169.143021 17.515564 39.668854 0.268615
60.000000 18.136238 173.613312 17.560478 45.739105 0.267973
60.000000 389.322601 169.021057 13.582947 34.252777 0.207147
60.000000 445.160645 168.825806 27.215698 56.892303 0.124365
60.000000 34.973358 176.586807 16.065224 37.229706 0.064410
60.000000 385.175751 165.336792 14.307129 33.086487 0.060989
60.000000 450.692749 168.319168 12.496826 27.912323 0.050018
90.000000 39.460068 199.570435 12.336365 28.084442 0.546207
90.000000 361.768188 170.718826 14.000916 34.023987 0.316776
90.000000 31.610516 195.429062 13.205276 30.545807 0.167169
90.000000 388.387360 163.168121 16.278870 37.508728 0.164462
90.000000 374.097931 174.678223 18.031006 43.722900 0.140893
90.000000 333.376556 177.736237 12.700134 28.843781 0.117519
90.000000 156.591095 184.073181 13.641296 32.452820 0.109250
90.000000 261.935852 185.640396 16.927185 38.777100 0.099527
90.000000 564.113464 175.104385 18.119507 43.648926 0.094118
90.000000 144.452728 175.202911 13.714203 33.705444 0.083946
90.000000 555.256775 180.296555 13.596191 32.975616 0.081990
90.000000 291.251099 173.184189 14.054688 34.577026 0.081378
90.000000 384.317474 162.125580 23.828552 52.386078 0.073041
120.000000 336.057739 169.109253 22.836426 52.728912 0.663869
120.000000 216.750229 185.095535 15.060150 37.189453 0.206032
120.000000 92.925774 185.195389 13.179291 31.303864 0.157442
120.000000 322.506134 165.472076 20.473877 49.025116 0.119511
120.000000 390.149200 190.939636 17.351807 44.564209 0.061402
120.000000 427.500183 207.720001 16.505432 35.850342 0.060181
120.000000 342.777710 170.603348 14.698975 31.947815 0.058341
120.000000 330.822205 169.891815 19.533630 43.480835 0.056671
120.000000 478.481140 183.233612 13.040710 31.796997 0.055544
120.000000 210.104492 172.488235 16.039154 39.971649 0.052980
120.000000 328.118774 169.481003 13.662109 33.066193 0.051335
150.000000 99.534882 165.432190 17.741394 43.245697 0.653952
150.000000 217.032806 180.069122 14.019470 34.127167 0.481995
150.000000 200.838043 175.404800 16.770020 39.925720 0.314956
150.000000 146.789093 36.109146 14.811096 34.971107 0.209106
150.000000 324.608551 153.900421 23.600891 57.448029 0.177109
150.000000 314.459869 155.676559 15.821838 38.905426 0.118014
150.000000 312.228455 154.978912 23.325500 56.847748 0.101715
150.000000 331.018616 155.040192 13.783447 31.400452 0.079532
150.000000 409.624237 136.738037 27.491638 64.202118 0.074658
150.000000 231.084442 183.277237 10.033417 23.738098 0.066043
150.000000 122.958061 172.259567 14.322960 37.161499 0.059672
150.000000 401.883911 138.009033 22.056458 49.104889 0.059524
150.000000 58.964802 178.420288 13.293308 31.898010 0.055296
150.000000 415.486633 136.975815 18.515625 42.187836 0.050354
180.000000 286.560669 174.097260 16.236084 38.791168 0.431596
180.000000 41.364876 164.347092 18.092896 43.461670 0.428490
180.000000 469.292389 166.144882 18.401123 42.718719 0.127164
180.000000 615.361206 137.935623 21.457153 58.791901 0.116634
180.000000 536.848755 32.015987 20.748779 51.573048 0.113810
180.000000 612.865662 128.938812 25.993774 104.178131 0.068590
180.000000 618.135254 138.833420 16.584961 35.413422 0.059246
180.000000 49.820511 168.588409 15.796944 37.805023 0.053124
210.000000 389.127075 180.854218 12.795288 30.998627 0.486918
210.000000 453.551361 173.387726 14.711304 35.204590 0.340159
210.000000 397.383423 186.945374 13.178101 30.920044 0.306197
210.000000 395.091034 177.041855 13.427124 32.724854 0.224375
210.000000 349.158295 193.217743 12.327148 31.431274 0.163386
210.000000 408.319794 187.460098 11.949890 27.278290 0.132169
210.000000 221.229568 177.666565 13.230316 29.265961 0.131334
210.000000 402.148102 186.879120 11.812988 27.265656 0.099836
210.000000 106.977707 171.292892 13.447174 31.917175 0.084574
210.000000 463.042450 174.474701 14.872925 36.692596 0.075797
210.000000 105.211296 167.137482 28.824654 69.591095 0.073647
210.000000 327.156616 193.619476 11.495056 27.124084 0.066465
210.000000 42.630295 173.602417 19.508614 49.490692 0.064200
210.000000 361.756165 194.137787 12.102295 30.907318 0.053629
210.000000 231.355453 182.857330 12.399902 29.717560 0.051125
240.000000 343.796326 179.955551 17.313599 43.509888 0.283585
240.000000 300.971436 197.561340 17.109131 42.600433 0.229501
240.000000 34.226227 173.076004 13.535690 33.413666 0.103325
240.000000 176.314865 163.446869 17.015625 41.030823 0.096334
240.000000 15.311474 183.367371 17.160091 38.553162 0.086382
240.000000 286.102417 199.759384 17.050354 43.896881 0.083826
240.000000 334.836151 185.285614 15.641113 37.187897 0.070576
240.000000 20.944141 181.232162 20.234196 44.945404 0.050059
270.000000 27.678410 183.063248 23.243576 51.818115 0.418963
270.000000 110.893326 188.014618 22.344666 52.208435 0.080738
330.000000 467.830261 224.426468 14.670349 33.344864 0.220117
330.000000 296.991791 225.543335 20.474487 52.725586 0.186400
330.000000 578.839111 220.134659 18.062012 41.405746 0.141748
330.000000 299.651031 226.107086 14.517151 36.507874 0.064603
330.000000 473.098724 223.791656 15.096313 31.509583 0.064017
330.000000 604.186462 222.036499 16.128784 37.405090 0.062578
330.000000 626.538696 218.745880 13.405762 40.377899 0.061744
330.000000 442.310669 228.876007 15.705566 37.468506 0.061088
360.000000 559.002502 181.698120 18.834717 47.265076 0.204449
360.000000 158.168900 215.995209 16.809845 38.597839 0.131287
360.000000 190.794769 205.776733 24.999817 56.506104 0.129573
360.000000 200.885666 217.554733 18.212921 46.086441 0.112025
360.000000 167.283890 217.469147 20.419312 42.093506 0.088085
360.000000 562.463318 198.638611 12.882202 28.535889 0.060295
360.000000 556.046204 188.695572 16.050537 37.889435 0.058241
360.000000 152.663818 215.455795 25.417542 59.076736 0.057598
360.000000 317.922852 209.248962 11.971863 31.325806 0.056713
390.000000 420.047760 192.706955 19.975647 51.155243 0.420037
390.000000 169.845428 181.861954 18.019836 42.921692 0.270784
390.000000 242.543335 201.665405 13.946014 33.988739 0.197940
390.000000 403.835571 193.759964 17.715210 43.269440 0.187669
390.000000 313.942413 188.426971 12.618591 30.477509 0.184812
390.000000 297.988922 189.308289 13.487427 31.458832 0.162358
390.000000 550.906738 200.375504 13.367920 30.965698 0.156825
390.000000 316.317291 190.363693 14.282166 34.791138 0.073695
390.000000 507.330688 196.404541 19.391602 43.916107 0.059699
390.000000 309.791077 190.307083 17.090088 41.002960 0.052826
390.000000 308.211304 198.368027 11.763000 30.371521 0.052659
390.000000 117.261139 204.996964 12.944016 33.825928 0.051619
420.000000 390.938965 188.005981 24.644104 61.153320 0.623425
420.000000 293.726135 191.879959 13.515930 32.721771 0.302205
420.000000 386.027740 189.455353 19.738159 46.125641 0.139640
420.000000 269.639313 186.391724 14.854919 35.605896 0.102176
420.000000 486.530396 181.552399 28.183105 69.390991 0.100278
420.000000 236.069550 193.722504 17.805084 44.817932 0.089733
420.000000 395.425568 186.504944 18.153259 43.305145 0.087137
420.000000 499.536163 213.085724 15.797150 37.302124 0.079855
420.000000 552.150635 207.237259 11.623047 30.295746 0.077827
420.000000 397.756134 186.920258 12.180420 30.285889 0.074471
420.000000 379.929596 199.354416 15.570923 37.128632 0.050077
450.000000 618.087891 141.452271 15.704224 46.319824 0.681974
450.000000 403.414368 177.301926 29.934448 75.182465 0.639248
450.000000 374.038330 181.600021 23.995728 59.451263 0.523274
450.000000 566.607117 200.574890 17.585083 40.363739 0.354118
450.000000 450.636261 202.328415 14.260193 31.455261 0.312459
450.000000 484.337158 137.114883 16.643738 38.810089 0.303917
450.000000 555.640137 198.157867 15.996094 37.598785 0.241943
450.000000 572.951538 199.018738 12.846558 30.415131 0.237563
450.000000 567.611572 199.126144 13.590820 28.047577 0.187065
450.000000 363.381989 160.370453 31.823364 78.352386 0.179935
450.000000 247.904953 185.718201 18.360184 44.195404 0.179479
450.000000 502.590790 204.850204 13.858246 32.713928 0.173855
450.000000 262.231384 182.901123 20.560913 51.577911 0.146731
450.000000 498.711426 207.854538 18.393250 43.775787 0.119536
450.000000 396.112579 181.119095 25.334045 57.823181 0.114454
450.000000 78.787224 164.375870 23.467316 56.561615 0.110786
450.000000 616.146362 137.326447 22.528320 81.508148 0.082295
450.000000 374.187378 207.920090 13.292358 27.862244 0.072346
450.000000 225.277008 192.815918 16.658173 39.059052 0.069383
450.000000 379.679871 207.949280 16.926636 37.300964 0.064861
450.000000 505.794800 208.636627 20.618530 47.074860 0.055058
450.000000 306.777405 189.280533 18.996887 44.669678 0.050235
480.000000 199.695679 180.516068 25.026520 63.619781 0.368532
480.000000 413.549072 207.395233 9.901062 27.064941 0.332330
480.000000 541.106201 113.157021 19.081299 44.747932 0.330503
480.000000 439.545715 205.005829 24.607544 60.914642 0.256214
480.000000 429.635010 205.285675 18.343445 51.306824 0.192191
480.000000 582.094360 197.025818 29.270386 64.188477 0.166204
480.000000 290.861938 187.286087 18.917053 45.773712 0.100548
480.000000 423.261475 207.195450 13.590454 31.713196 0.089185
480.000000 274.903107 192.366180 12.291687 30.717712 0.081487
480.000000 620.272461 182.426376 12.119873 30.707214 0.080446
480.000000 389.910522 202.908798 15.475464 34.636993 0.070338
480.000000 459.105927 175.315155 15.649597 36.814667 0.068666
480.000000 295.718597 186.557159 13.407837 32.734406 0.064605
480.000000 610.385071 183.894409 12.174561 30.193481 0.062816
480.000000 265.697784 180.887100 20.369629 48.718353 0.059605
480.000000 566.473999 73.978516 13.765625 31.101883 0.059192
480.000000 436.767487 165.358353 36.443787 95.973953 0.053734
510.000000 252.430908 168.321838 22.593750 56.544037 0.568992
510.000000 9.911592 127.477943 14.612758 37.926674 0.533200
510.000000 505.763611 151.448730 21.101074 46.013641 0.477809
510.000000 460.519165 203.207611 14.538147 37.080627 0.330208
510.000000 523.913818 144.269592 26.521118 66.259796 0.249725
510.000000 457.804321 199.926010 24.999329 53.313995 0.208131
510.000000 188.720581 179.869873 20.522522 50.421387 0.193576
510.000000 528.588196 143.903473 16.028320 37.711395 0.174904
510.000000 7.562114 125.987442 20.118740 55.640381 0.173503
510.000000 502.278564 150.210144 29.072998 76.745453 0.127695
510.000000 465.191772 201.762802 15.294617 35.519379 0.088564
510.000000 513.227417 152.205200 20.000610 47.341309 0.081168
510.000000 255.878403 167.982361 16.725540 37.788239 0.075847
510.000000 532.483093 170.990860 20.733643 49.570282 0.061166
510.000000 541.707947 146.974640 24.985229 57.918365 0.057180
540.000000 466.826996 193.511322 30.006897 73.772583 0.499087
540.000000 507.810669 199.758682 32.926880 77.823563 0.359456
540.000000 413.074921 182.036835 14.085327 33.304199 0.153584
540.000000 475.613037 197.873840 31.290344 74.172607 0.145885
540.000000 214.976898 195.603210 13.189117 29.768188 0.127698
540.000000 438.606567 188.652664 18.648682 46.952301 0.122200
540.000000 562.779968 200.357666 24.686401 58.301910 0.121049
540.000000 513.875732 200.033569 19.555420 43.647614 0.110258
540.000000 548.947021 216.480347 13.738647 30.382538 0.091885
540.000000 521.111816 204.569138 28.060669 69.487045 0.086764
540.000000 489.776337 205.798981 23.823456 64.458557 0.064506
570.000000 419.341766 183.206253 15.607300 35.744995 0.453572
570.000000 415.721161 181.400330 22.986389 49.315002 0.185720
570.000000 231.481400 178.950928 12.197784 30.532745 0.147448
570.000000 274.134277 174.541489 17.649109 49.590332 0.147201
570.000000 187.639572 184.977676 12.436462 30.975403 0.109395
570.000000 433.869751 190.221603 12.550903 32.195892 0.095772
570.000000 235.718613 182.609482 11.017334 27.678131 0.077324
600.000000 135.375793 205.190201 12.528992 31.332001 0.305642
600.000000 264.587433 180.641205 20.792236 53.886749 0.179608
600.000000 412.690216 202.837784 13.230591 30.814575 0.088068
600.000000 67.258171 179.296600 27.093994 66.126831 0.077660
600.000000 452.129333 202.505783 13.460510 30.382050 0.051156
630.000000 38.912617 182.253860 31.826870 77.654587 0.643865
630.000000 132.701965 189.135941 13.788147 35.652496 0.410745
630.000000 441.035767 191.256302 15.731689 36.262543 0.241439
630.000000 44.072258 183.070206 22.052849 53.005646 0.151538
630.000000 390.824280 191.570007 15.045044 36.213348 0.141998
630.000000 264.207764 183.412430 17.827698 46.142883 0.135863
630.000000 291.550537 192.930008 17.728394 41.018341 0.109927
630.000000 437.486267 182.910568 14.547668 34.457642 0.105018
630.000000 263.004333 186.688965 12.384521 31.544861 0.104219
630.000000 626.557251 176.730774 13.395264 59.268341 0.057386
630.000000 156.558807 183.238525 12.683716 30.253326 0.056588
630.000000 503.457886 209.988495 14.174561 32.791748 0.050077
660.000000 83.130890 181.622696 19.201416 46.226959 0.735635
660.000000 428.753784 194.150146 14.227905 33.228119 0.415523
660.000000 250.059052 180.142090 19.964111 50.081757 0.233290
660.000000 370.692993 200.302826 13.569519 30.794556 0.220284
660.000000 391.259247 186.435181 13.850708 34.313873 0.195597
660.000000 448.127106 196.573334 13.193237 31.532227 0.063863
660.000000 163.277924 200.794342 11.564209 28.799744 0.057395
690.000000 16.748512 180.855423 23.869637 58.053406 0.970559
690.000000 446.601593 188.658401 13.624878 33.834808 0.274006
690.000000 412.128448 202.877365 13.484985 32.917480 0.228635
690.000000 389.318939 184.593674 13.721741 33.501984 0.132136
690.000000 431.644897 193.115295 13.498901 35.017120 0.102794
690.000000 233.616333 178.167130 18.648956 51.296906 0.102347
690.000000 106.456123 180.497803 13.392517 31.890808 0.095333
690.000000 458.376434 198.883774 12.997192 28.331238 0.076790
690.000000 524.469727 187.004486 15.153320 39.334839 0.076333
690.000000 200.595810 185.478333 14.346619 37.222809 0.060206
690.000000 251.973068 192.636688 12.932388 30.867981 0.054875
720.000000 237.384903 182.250336 17.074921 41.791138 0.272480
720.000000 474.235443 184.636597 14.169373 34.903961 0.139777
720.000000 410.575470 180.237534 18.395874 47.009277 0.106286
720.000000 569.309998 12.553364 15.885864 36.059654 0.084436
720.000000 188.131882 187.753845 10.922699 30.028503 0.063435
720.000000 458.053101 190.189789 14.661865 35.625397 0.054547
720.000000 510.575165 196.268982 15.748383 35.951599 0.051948
750.000000 506.537262 185.292618 17.402313 40.813812 0.322522
750.000000 438.438538 178.742035 15.992310 37.224274 0.150752
750.000000 489.622803 188.100342 13.965210 33.200226 0.127011
750.000000 99.092003 160.070251 20.370987 50.152588 0.081164
750.000000 332.942627 184.849060 12.519531 29.511475 0.074447
750.000000 266.355408 159.983170 18.741699 42.019531 0.070850
750.000000 463.641998 192.210266 13.477478 31.001984 0.059618
750.000000 289.486237 183.635223 19.604492 46.686707 0.050881
780.000000 442.048309 173.681427 26.628967 62.477539 0.092401
780.000000 614.953979 193.817703 15.364014 36.145905 0.081031
780.000000 623.751465 193.630768 14.662964 39.292145 0.053064
810.000000 545.766113 180.195343 14.895142 34.601624 0.369147
810.000000 464.298279 170.512665 19.323242 44.651001 0.260127
810.000000 445.300323 178.456177 13.707153 32.025421 0.224069
810.000000 418.185120 179.509018 14.727295 36.826630 0.166695
810.000000 443.465485 177.907593 18.893433 47.304840 0.129297
810.000000 404.861206 187.162491 17.250732 41.599548 0.122227
810.000000 478.771545 176.937119 13.017700 31.477966 0.111524
810.000000 406.346619 189.219025 10.999207 29.810455 0.092245
810.000000 500.592621 184.510361 14.351471 35.019897 0.071132
810.000000 551.706055 184.262650 14.856445 33.415222 0.060059
840.000000 472.908356 167.955948 22.510132 53.160522 0.571995
840.000000 289.885406 163.791458 14.492249 35.532135 0.465947
840.000000 281.326233 168.870148 13.763123 34.196594 0.295802
840.000000 285.492889 162.180542 20.870728 53.411865 0.287607
840.000000 476.403778 167.649933 16.108032 35.341278 0.179430
840.000000 84.216888 154.727020 22.959167 52.062897 0.142721
840.000000 90.174698 156.237579 15.542267 36.599945 0.091308
840.000000 211.397003 139.588654 15.677368 37.703766 0.076583
840.000000 428.486725 177.024811 13.090698 33.134613 0.069091
840.000000 537.968384 180.254105 20.815796 49.675385 0.051609
840.000000 490.139038 173.552109 16.957092 39.316803 0.050011
870.000000 579.615234 177.332092 18.492676 42.310211 0.373530
870.000000 360.803070 163.524490 16.761292 37.886047 0.237667
870.000000 486.152802 167.399979 23.468994 63.719635 0.162265
870.000000 363.079742 161.168701 12.081238 29.365784 0.128825
870.000000 490.960205 169.391281 16.241394 40.357300 0.095232
870.000000 9.241036 107.844086 14.466594 36.052933 0.093550
870.000000 575.823242 177.239548 27.404663 61.407959 0.085498
870.000000 566.286560 172.610733 21.268311 50.753326 0.068740
870.000000 564.240417 175.958969 42.053223 94.350235 0.062982
870.000000 295.155945 162.033020 18.641602 47.019958 0.051640
900.000000 244.173279 92.395378 16.976532 38.261482 0.156424
900.000000 413.443756 89.498642 14.654114 33.931549 0.126267
900.000000 491.693542 168.498337 25.952515 60.851837 0.060851
930.000000 77.751411 175.023544 18.861694 44.424255 0.849187
930.000000 442.419586 185.228134 14.968872 37.296814 0.197301
930.000000 72.236282 174.410767 15.840576 36.505280 0.071043
930.000000 84.637711 171.769470 14.262863 32.078613 0.060749
930.000000 53.193413 153.697922 16.889687 39.518097 0.056466
960.000000 510.298035 178.909103 19.656616 48.058014 0.209072
960.000000 505.567566 100.667305 15.799805 38.485619 0.122386
960.000000 494.630341 170.325821 29.609161 68.348083 0.098233
960.000000 459.717438 184.154099 12.965698 31.497498 0.067378
960.000000 503.556274 176.152405 30.540405 68.291687 0.059847
960.000000 386.810150 160.555435 20.730286 50.417938 0.059053
960.000000 480.881927 110.885849 16.820374 36.563629 0.051015
990.000000 10.132438 177.499588 18.805855 46.515411 0.765814
990.000000 420.094940 191.474670 11.654236 27.718475 0.139558
990.000000 512.841309 185.464645 20.508545 48.429749 0.109419
990.000000 445.004974 190.990692 14.606689 34.954254 0.089483
990.000000 544.983032 215.120575 24.200317 57.288757 0.080585
990.000000 450.283386 190.563126 11.740295 28.937408 0.060754
990.000000 496.669373 208.561020 17.017944 39.256561 0.053594
1050.000000 496.046234 210.825577 16.548615 38.478241 0.124349
1050.000000 398.992676 224.469238 10.661011 25.228516 0.110910
1050.000000 594.106079 37.021988 15.239868 35.451584 0.107238
1080.000000 495.651581 174.870300 23.649750 57.533142 0.273705
1080.000000 510.374634 185.050415 26.304688 64.567963 0.145585
1080.000000 366.255157 168.620865 12.696960 30.592651 0.132208
1080.000000 515.047791 183.640030 14.159302 34.903168 0.127303
1080.000000 586.020569 177.271362 19.163452 46.566406 0.080619
1080.000000 236.260895 81.450806 16.322296 38.001633 0.074983
1080.000000 154.392349 85.184708 20.309875 46.205032 0.072094
1080.000000 451.073456 192.310623 10.223694 28.798187 0.064806
1080.000000 444.176422 189.688980 16.377747 38.881927 0.064542
1080.000000 144.838272 113.867233 18.695831 48.205902 0.062338
1080.000000 500.436279 177.262878 16.449036 40.090485 0.050170
1110.000000 495.917694 204.685196 21.150787 52.750717 0.341449
1110.000000 509.118591 186.853271 24.328491 61.723602 0.320947
1110.000000 498.496277 205.147903 15.449707 35.217468 0.232306
1110.000000 495.836060 212.236176 14.228149 31.290741 0.151968
1110.000000 518.247314 190.403336 18.264160 42.813324 0.144456
1110.000000 450.799927 196.329391 11.662476 27.434998 0.106645
1110.000000 290.025208 164.835739 17.397461 41.474762 0.065659
1110.000000 500.750549 201.865189 11.631348 26.875275 0.051717
1140.000000 510.204559 188.720673 23.614105 59.637848 0.496986
1140.000000 516.811829 191.115662 19.509033 44.338959 0.309493
1140.000000 133.455215 166.801605 17.856567 42.352753 0.092425
1140.000000 451.267242 194.185791 11.673889 28.635406 0.085501
1140.000000 130.451691 165.363739 26.636200 71.794342 0.069065
1140.000000 501.198853 187.148483 35.555054 91.710281 0.050894
1140.000000 513.243958 192.012360 15.518311 39.030975 0.050359
1170.000000 509.425354 186.970093 23.728027 62.128326 0.238886
1170.000000 493.410858 213.305038 17.539551 41.073944 0.105809
1200.000000 509.032104 188.431595 25.272339 60.242584 0.421903
1200.000000 517.744934 190.947083 19.964722 47.136444 0.219957
1200.000000 579.192688 220.132324 25.427612 73.360779 0.161930
1200.000000 498.589447 199.632553 16.096954 39.432678 0.093207
1200.000000 500.781769 186.329346 36.399872 88.670532 0.091822
1200.000000 585.882019 224.096985 20.528687 51.265625 0.066415
1200.000000 451.587616 196.444214 11.933167 27.291443 0.063567
1200.000000 493.319885 213.322205 19.526855 45.051361 0.063202
1200.000000 524.443848 190.691055 12.176880 30.954376 0.057260
1230.000000 221.125610 109.223831 19.070618 43.007568 0.096425
1230.000000 494.016510 213.702988 16.859680 39.295593 0.090801
1230.000000 527.460938 174.411743 36.926758 90.626251 0.082292
1230.000000 448.411865 194.449387 12.958984 31.026642 0.079045
1230.000000 511.663116 190.562912 19.945465 47.807861 0.077167
1230.000000 217.732529 108.005508 26.395233 64.622498 0.065430
1260.000000 430.960419 182.023651 22.930542 53.549713 0.090181
1260.000000 390.727356 64.413284 21.555908 48.747131 0.083696
1260.000000 513.093994 160.419464 32.053345 77.031860 0.071674
1290.000000 494.396820 210.622910 19.078400 43.633453 0.209866
1290.000000 508.354095 187.507675 26.546234 66.585938 0.195803
1290.000000 579.096558 219.861572 26.454956 74.477661 0.129402
1290.000000 513.204346 191.019562 19.056030 44.538452 0.127343
1290.000000 500.292969 207.932907 15.652100 37.143616 0.089346
1290.000000 451.574341 195.362198 11.590332 27.745941 0.066808
1290.000000 498.487000 208.686432 12.571655 28.048553 0.055979
1320.000000 109.326836 148.387527 13.277664 32.535797 0.567666
1320.000000 494.677765 211.972961 17.195312 39.691071 0.440413
1320.000000 106.315796 150.700531 18.917694 44.098206 0.249827
1320.000000 509.692993 187.923065 23.987671 60.040497 0.190813
1320.000000 11.251623 143.785461 17.570629 39.279449 0.131446
1320.000000 113.006485 148.323105 15.526154 31.690826 0.110328
1320.000000 170.992538 128.209518 18.055206 48.484711 0.102782
1320.000000 315.745758 175.327942 14.554932 35.142914 0.099783
1320.000000 493.698578 206.763962 24.862213 61.714798 0.075478
1320.000000 300.770294 166.206955 16.417175 39.291473 0.068427
1320.000000 397.396942 226.820679 11.909607 25.760742 0.063782
1320.000000 517.734802 190.169617 17.777100 40.631378 0.062292
1320.000000 499.786316 209.236313 15.363831 36.402985 0.058954
1350.000000 507.060791 185.608765 26.854248 66.016357 0.054206
1380.000000 571.129639 196.931641 27.504272 62.889191 0.245639
1380.000000 598.248596 193.037338 19.661621 45.154602 0.218743
1380.000000 502.837341 182.348145 20.804443 47.663788 0.155178
1380.000000 497.774872 181.947021 28.370697 71.101074 0.140857
1380.000000 576.219849 196.980286 19.528442 40.743713 0.120899
1380.000000 361.859558 178.814896 15.344910 34.259094 0.087208
1380.000000 276.197968 188.694183 13.417175 30.650909 0.083778
1380.000000 373.281281 179.142227 11.477844 28.841431 0.080785
1380.000000 601.300964 192.185669 13.999878 31.131836 0.070101
1380.000000 442.720856 202.222168 17.311279 41.094574 0.061033
1380.000000 591.585632 192.305725 30.644653 72.160431 0.058919
1380.000000 371.216553 180.446365 16.610291 39.935608 0.058089
1380.000000 380.948639 182.921555 15.972717 36.108826 0.051762
1380.000000 586.973633 189.645721 18.255981 45.430878 0.051577
1410.000000 171.828461 147.167496 24.965210 55.557434 0.426020
1410.000000 226.848175 146.564697 37.657990 98.298126 0.230855
1410.000000 8.603463 193.284821 17.941463 44.394196 0.175091
1410.000000 233.526169 147.408401 28.296280 58.113525 0.093395
1410.000000 505.250916 184.999390 27.466797 64.940918 0.089651
1410.000000 613.210632 197.990768 12.784912 28.774536 0.086107
1410.000000 165.436478 146.532089 34.009216 82.934784 0.083828
1410.000000 387.343323 207.468765 13.072693 31.601105 0.065606
1410.000000 603.464722 196.010880 12.183105 26.128723 0.064035
1440.000000 140.722198 226.117096 11.934204 27.643585 0.254082
1440.000000 366.871918 184.895157 16.727173 39.745331 0.226262
1440.000000 232.049942 168.306244 28.347031 70.004761 0.132838
1440.000000 356.403137 190.959122 10.887390 28.416199 0.132242
1440.000000 234.872543 167.463074 17.409607 42.195831 0.128399
1440.000000 409.940979 202.361313 13.477661 31.663391 0.115243
1440.000000 364.331818 185.009125 12.104248 30.589630 0.090351
1440.000000 370.085205 184.394577 12.087219 27.573547 0.074800
1440.000000 344.357056 204.214035 11.739746 29.733948 0.068920
1440.000000 173.617950 151.762634 24.083466 59.648010 0.068021
1440.000000 484.688507 209.940048 15.921570 35.652954 0.060675
1440.000000 357.742859 188.827209 15.013489 35.205139 0.059140
1470.000000 175.275818 199.899384 13.413177 32.282684 0.128189
1470.000000 230.619339 184.620743 28.011215 72.347946 0.085762
1470.000000 377.601227 201.929489 13.536743 34.976959 0.070024
1500.000000 168.341965 208.039536 18.470673 37.744598 0.669168
1500.000000 389.300629 204.862640 16.826477 44.412415 0.489255
1500.000000 251.967224 202.239594 15.021545 36.326782 0.488212
1500.000000 81.461899 228.076172 13.411972 30.390228 0.264399
1500.000000 345.710541 196.730881 12.708130 31.765930 0.239345
1500.000000 247.567245 199.364563 20.746384 54.681519 0.211754
1500.000000 448.665436 211.726822 12.817627 30.233917 0.176713
1500.000000 382.114441 213.778854 11.521118 28.242706 0.144462
1500.000000 446.373810 208.022232 17.758301 43.699097 0.140737
1500.000000 376.105591 213.546082 20.736328 48.266663 0.116522
1500.000000 263.129059 207.519714 13.971741 31.310669 0.115509
1500.000000 401.179199 204.354874 14.872375 37.968231 0.094419
1500.000000 274.486877 199.733963 15.428528 35.996552 0.073402
1500.000000 238.499832 190.358124 26.998245 68.522888 0.063349
1500.000000 238.905899 209.222687 14.106232 32.850952 0.062783
1500.000000 322.487671 191.502289 13.754639 31.953644 0.053593
1530.000000 16.979212 232.821762 14.999569 34.640640 0.353687
1530.000000 148.328445 205.776123 13.858948 33.445038 0.171693
1530.000000 436.164551 191.505737 15.001038 35.959381 0.106823
1530.000000 469.196777 191.678696 13.268250 31.784851 0.102635
1530.000000 140.134521 210.688614 14.969849 36.793182 0.096435
1530.000000 264.276886 151.185226 22.434387 50.925323 0.095547
1530.000000 504.953552 194.096497 14.216919 33.076019 0.074886
1530.000000 346.180420 189.566803 12.776367 31.116394 0.073145
1530.000000 358.718872 179.201859 16.616211 38.403870 0.068264
1530.000000 274.042572 191.194061 12.773865 29.787018 0.055303
1530.000000 593.231506 132.716370 14.718506 33.279602 0.052332
1560.000000 399.972351 167.811752 17.916443 40.445740 0.166699
1560.000000 506.837952 191.626556 16.758057 41.081757 0.146961
1560.000000 191.876770 191.861267 16.162506 37.750488 0.141744
1560.000000 120.697823 193.125504 15.693642 36.526764 0.141539
1560.000000 101.448097 193.973709 15.402664 38.060333 0.102545
1560.000000 465.220947 204.493668 15.627869 37.361938 0.096825
1560.000000 276.356873 186.011093 16.548157 37.481232 0.064106
1560.000000 576.609802 203.563446 14.441528 35.273102 0.061623
1560.000000 32.072079 184.709518 13.673492 33.205414 0.056776
1560.000000 405.412354 190.241089 12.118469 29.132202 0.056097
1560.000000 443.718811 190.672409 12.888062 29.949219 0.052223
1560.000000 192.642395 188.808670 23.255035 51.777863 0.051123
1590.000000 314.777802 170.465652 14.376953 36.348633 0.315133
1590.000000 92.536331 176.667480 13.830490 33.815979 0.210843
1590.000000 85.834679 176.518784 25.852905 59.487885 0.163581
1590.000000 66.784485 175.655518 18.604477 45.095093 0.154951
1590.000000 476.377960 162.495697 23.909180 67.716309 0.121929
1590.000000 345.764130 182.282196 13.221191 33.232452 0.097286
1590.000000 138.319321 187.800552 15.312805 35.755402 0.095000
1590.000000 100.689842 181.518875 15.110291 37.897278 0.084969
1590.000000 431.429199 191.225372 12.871033 31.722290 0.081611
1590.000000 323.204193 174.667770 13.286804 31.458771 0.076220
1590.000000 438.234711 186.560089 15.247070 34.606628 0.075344
1590.000000 116.219063 184.050781 13.918297 32.753937 0.070972
1590.000000 62.395321 173.790131 30.053532 72.736603 0.067955
1590.000000 433.710175 186.766403 21.952881 54.567505 0.066034
1590.000000 487.198761 191.934067 15.141785 36.647125 0.051877
1590.000000 367.179657 160.476379 14.140564 33.301910 0.051719
1590.000000 537.662842 176.302902 14.111084 34.348114 0.050852
1620.000000 441.588043 185.456924 16.824585 39.638489 0.421868
1620.000000 64.272774 176.723785 14.184143 34.046844 0.389270
1620.000000 458.140594 187.544144 14.015137 34.610382 0.248422
1620.000000 324.665527 170.176895 15.277771 36.625427 0.248365
1620.000000 561.263367 180.315475 14.858276 35.443817 0.211595
1620.000000 59.178772 178.997528 19.653778 45.437958 0.202358
1620.000000 491.602112 196.352432 21.117920 48.844116 0.178017
1620.000000 8.187898 169.045151 26.504215 65.111633 0.170282
1620.000000 545.659729 190.134369 11.672119 29.066467 0.155873
1620.000000 12.118890 168.695267 17.628571 41.841736 0.137270
1620.000000 87.479691 172.723312 19.095642 45.950409 0.129287
1620.000000 72.647194 175.932663 21.825836 50.210968 0.098566
1620.000000 55.929543 176.882324 30.185623 71.797485 0.098067
1620.000000 540.205139 189.655701 15.615479 36.398682 0.096565
1620.000000 187.367249 179.879593 16.448090 38.372406 0.064764
1620.000000 451.878937 193.121124 16.817505 42.262543 0.062932
1620.000000 440.391693 199.363327 16.706665 42.747620 0.062742
1620.000000 66.627403 175.293610 30.730087 72.480164 0.062054
1620.000000 507.626312 184.250656 19.014130 45.230652 0.060973
1620.000000 558.707642 180.802948 11.729126 28.098175 0.059170
1620.000000 137.582504 181.372559 13.941376 34.339752 0.056741
1620.000000 559.185547 175.520325 23.817505 53.068390 0.056489
1620.000000 391.761017 186.009186 11.625793 29.840546 0.055724
1620.000000 75.756989 175.346481 14.656830 34.375641 0.055160
1620.000000 83.235962 172.883133 26.535049 66.230927 0.055100
1620.000000 128.413345 176.128784 13.849762 32.705872 0.051365
1620.000000 543.593750 187.597534 19.316040 43.794647 0.051322
1650.000000 495.872650 196.314972 14.727234 34.869019 0.344781
1650.000000 35.261726 184.046829 15.728226 38.493500 0.214343
1650.000000 26.025984 183.532639 14.137152 34.687653 0.195816
1650.000000 356.806122 177.658234 18.083008 47.544281 0.077162
1650.000000 524.581299 194.921722 14.396606 34.978577 0.076384
1650.000000 91.551468 187.356461 15.143082 36.630188 0.074641
1650.000000 560.857300 205.409607 14.784668 36.400574 0.059253
1650.000000 549.508667 196.985107 14.072632 29.374298 0.054887
1650.000000 85.984947 185.793427 26.412811 59.279022 0.050094
1680.000000 555.647827 193.374527 24.161011 57.178040 0.319231
1680.000000 169.780914 157.274323 18.129669 43.286469 0.227974
1680.000000 551.427795 200.943344 14.598877 35.452759 0.219028
1680.000000 559.168884 191.642929 15.780518 36.527802 0.149978
1680.000000 25.142904 164.062988 15.847017 38.723724 0.137163
1680.000000 125.209503 193.310715 14.377930 34.241119 0.128174
1680.000000 41.995079 168.932983 14.395554 33.466156 0.071164
1680.000000 562.613159 200.262222 16.696777 39.385071 0.069885
1680.000000 435.605988 208.660767 15.296570 36.097870 0.052966
1710.000000 609.425720 243.041901 15.948975 38.239624 0.149348
1710.000000 379.304688 183.529495 14.668213 34.559967 0.140538
1710.000000 454.138336 191.862381 12.776978 32.822235 0.098713
1710.000000 368.351959 183.815140 13.300110 31.489227 0.086240
1710.000000 249.334000 167.629623 20.503922 51.294342 0.060661
1710.000000 84.812035 190.571976 13.963623 34.702698 0.054492
1740.000000 261.980255 173.665924 21.635132 58.245636 0.120695
1740.000000 49.392086 192.708389 14.753231 36.936951 0.113345
1740.000000 17.514336 197.201767 18.430878 43.229553 0.058684
1740.000000 371.117676 187.621658 13.780457 34.139740 0.058039
1770.000000 508.701233 194.613190 17.717896 41.138641 0.893239
1770.000000 180.469940 192.223648 14.967255 35.277069 0.427133
1770.000000 4.191554 191.797379 16.473328 38.352417 0.243999
1770.000000 469.455200 146.688171 29.731262 79.863708 0.225185
1770.000000 0.074030 191.542648 24.925325 62.070099 0.192377
1770.000000 388.842560 186.362640 13.536621 34.193878 0.187007
1770.000000 527.453674 198.796524 13.894653 33.085510 0.158871
1770.000000 560.797058 201.223038 13.804321 34.643097 0.154315
1770.000000 514.586121 194.342010 17.713379 42.641968 0.154298
1770.000000 229.181564 176.752045 16.987335 42.203613 0.123500
1770.000000 530.873047 202.738754 14.738770 32.654083 0.113920
1770.000000 13.544939 189.830322 13.764240 33.491547 0.113556
1770.000000 0.044276 192.070374 14.489925 42.739105 0.112571
1770.000000 340.963959 178.793350 15.731018 35.124817 0.103493
1770.000000 51.377487 196.873856 15.500755 37.672821 0.101667
1770.000000 186.978043 192.297775 13.696838 31.702271 0.076637
1770.000000 423.798920 176.878693 15.760315 36.226318 0.073358
1770.000000 520.426575 198.386658 15.095459 36.486420 0.066125
1770.000000 333.349548 183.972198 11.875427 29.014771 0.057814
1770.000000 266.220306 174.751984 19.740295 50.545624 0.056216
1770.000000 10.594394 193.910324 20.604069 47.849792 0.054907
1770.000000 325.040466 184.089569 21.358215 52.358826 0.053685
1770.000000 56.692707 191.374954 13.711964 33.965698 0.050437
1800.000000 538.352295 188.091370 21.783569 54.359680 0.911001
1800.000000 600.452026 189.077988 18.456543 48.467987 0.322541
1800.000000 140.254074 201.336426 13.886017 33.602722 0.243271
1800.000000 493.102966 179.165543 23.152710 50.310730 0.168443
1800.000000 491.541199 174.687912 13.387329 30.406494 0.151094
1800.000000 600.087830 138.489105 37.228027 102.472168 0.149162
1800.000000 484.774719 174.964233 24.624817 57.967896 0.115898
1800.000000 544.248718 192.063095 14.829468 39.739655 0.086285
1800.000000 478.320953 179.440231 23.227844 54.618530 0.071742
1800.000000 553.428650 192.171295 20.818604 52.530640 0.058305
1800.000000 586.376709 192.756500 17.748657 43.005859 0.056393
1800.000000 155.229431 195.899094 15.640381 37.529297 0.055224
1800.000000 560.325989 193.769043 16.614624 39.886200 0.054020
1800.000000 546.237610 189.523483 21.868774 54.465912 0.053212
1800.000000 525.393982 200.531494 14.248901 34.313263 0.050126
1830.000000 575.846741 192.513489 22.750732 54.574310 0.949973
1830.000000 90.966049 200.233063 18.273254 43.890991 0.641941
1830.000000 106.937302 196.932236 17.941116 43.751312 0.545150
1830.000000 566.084290 193.026215 20.514526 47.568237 0.383051
1830.000000 622.090027 198.967316 17.437256 41.667755 0.319163
1830.000000 583.756470 193.759216 17.918701 45.789948 0.148078
1830.000000 99.355713 199.809235 14.831573 37.422638 0.135965
1830.000000 539.126282 193.269196 15.491821 36.385040 0.133782
1830.000000 251.880173 163.224243 21.441727 49.945984 0.129339
1830.000000 592.254700 214.408875 16.779541 39.080231 0.113807
1830.000000 549.114014 199.928040 13.757080 33.282349 0.112247
1830.000000 245.393661 175.669006 16.243942 39.506775 0.101016
1830.000000 0.000000 201.410156 14.057163 45.283417 0.089126
1830.000000 619.497131 200.126495 19.822632 73.268036 0.077191
1830.000000 93.176727 199.964645 23.495560 57.933304 0.068921
1830.000000 109.111084 193.696533 23.505539 55.790955 0.068860
1830.000000 124.611069 191.693008 22.266632 54.050842 0.066641
1830.000000 0.021151 201.572815 20.587402 63.761627 0.061898
1830.000000 127.052277 191.999817 15.107117 36.530487 0.055208
1830.000000 94.183830 198.977539 11.649429 31.090179 0.052284
