30.000000 30.389664 176.227646 24.490562 59.815765 0.501739
30.000000 19.489202 179.344147 32.809006 69.309296 0.201747
30.000000 554.482788 46.899837 14.348022 33.359028 0.149982
30.000000 34.767265 177.127884 17.412506 40.797058 0.113768
30.000000 169.941513 198.057755 11.937622 28.914948 0.103014
30.000000 550.300415 46.911720 21.086914 47.538345 0.065198
30.000000 165.546082 198.295013 12.502625 29.951508 0.060327
30.000000 108.651604 189.499451 14.429581 34.568878 0.055162
60.000000 80.982986 190.001617 12.770157 29.372650 0.256613
60.000000 458.452240 189.931366 11.217590 27.908356 0.154585
60.000000 67.647812 184.945099 21.184738 51.532318 0.110025
60.000000 477.550781 190.061920 11.708618 29.566833 0.095523
60.000000 29.706272 206.388153 18.445511 37.060120 0.087659
60.000000 74.049690 189.373230 16.509232 37.170471 0.070702
60.000000 482.970886 189.355225 12.312378 29.257935 0.056234
90.000000 212.808136 189.018417 12.920013 29.107574 0.188002
90.000000 551.973328 182.370605 15.462402 37.120605 0.177862
90.000000 453.069122 185.646912 16.231567 38.312134 0.148228
90.000000 510.266663 184.158752 13.012085 31.261200 0.147597
90.000000 563.756165 184.883133 13.501587 32.202667 0.131938
90.000000 523.687439 188.789215 13.451904 32.564850 0.121230
90.000000 104.049103 198.864273 13.932373 35.628113 0.065162
90.000000 20.932095 200.937149 12.955681 30.073822 0.061797
90.000000 155.777893 192.951874 12.615173 29.232025 0.059677
90.000000 16.590324 184.754913 14.496750 32.089996 0.053098
120.000000 550.138550 190.564102 10.689331 26.537628 0.135670
120.000000 3.312237 208.145248 15.150270 43.953278 0.125137
120.000000 59.544598 208.725601 16.519398 38.789642 0.121183
120.000000 625.259094 192.173584 12.998779 35.333618 0.114936
120.000000 428.565613 191.994293 13.847046 34.410858 0.098493
120.000000 611.411987 197.460663 12.838379 29.593750 0.091294
120.000000 519.306763 178.133362 14.059326 37.866180 0.083440
120.000000 499.926941 186.535034 12.188232 29.966675 0.074798
120.000000 510.522400 179.606613 11.413818 28.327423 0.061763
150.000000 602.572510 178.523453 11.363403 27.521912 0.146138
150.000000 586.063293 180.743729 14.089111 33.948944 0.086571
150.000000 22.625044 202.957520 11.712648 28.342712 0.074618
150.000000 72.551903 181.906601 20.212173 46.789246 0.061337
150.000000 603.165039 205.642014 11.447021 26.848694 0.053931
180.000000 45.844955 183.068176 17.391502 44.600800 0.249484
180.000000 34.443928 191.801773 15.500969 36.377838 0.245086
180.000000 29.717976 193.531036 15.776016 29.615387 0.056188
180.000000 332.602234 73.163818 18.280823 44.361145 0.051745
210.000000 591.568237 184.405334 26.551880 66.863251 0.587914
210.000000 601.478149 181.557526 13.851929 30.128815 0.289279
210.000000 538.848450 157.230865 13.594849 32.377167 0.190265
210.000000 549.398926 160.064911 13.043457 30.444031 0.145240
210.000000 597.077515 183.887955 18.965332 43.338165 0.137480
210.000000 431.721008 174.624649 19.881470 50.972992 0.125426
210.000000 371.653442 176.669724 14.461975 35.890228 0.094993
210.000000 594.013916 190.269226 15.909668 33.812927 0.070145
210.000000 545.441406 155.536804 17.943726 48.279297 0.055718
240.000000 75.488556 185.790924 17.024307 38.889679 0.182379
240.000000 264.726715 141.244675 25.437622 61.726288 0.056579
270.000000 458.194672 170.243927 25.690674 61.384460 0.189011
270.000000 17.309887 219.131287 14.472721 33.243500 0.077634
270.000000 85.105568 199.593430 16.094940 39.026947 0.055372
270.000000 39.452221 191.739929 16.910469 37.918854 0.050451
300.000000 10.220127 74.620270 16.512611 33.802734 0.458770
300.000000 566.179810 172.930954 17.505371 42.509796 0.226541
300.000000 40.089661 200.443344 14.301781 27.719421 0.097892
300.000000 14.490925 76.161789 17.744602 38.574768 0.065063
300.000000 377.954010 193.280075 11.608459 29.227020 0.065042
300.000000 61.395882 191.544617 12.421021 27.082703 0.064159
300.000000 44.687294 202.509064 13.744034 29.409546 0.057166
330.000000 396.931091 177.619995 17.383179 39.531677 0.490261
330.000000 608.032104 48.840042 15.234131 34.547623 0.210038
330.000000 494.194427 181.286102 19.275116 40.804626 0.167305
330.000000 499.640625 152.338242 28.202881 69.626312 0.081947
330.000000 489.242096 161.253143 27.722382 61.311707 0.059226
330.000000 347.887421 178.494003 15.999817 40.035217 0.054969
360.000000 112.879677 167.157272 22.930138 59.055298 0.455482
360.000000 592.990723 165.522461 32.816162 86.828430 0.200590
360.000000 589.120728 198.873474 14.359253 34.899963 0.110200
360.000000 447.399414 184.181076 13.229187 31.833252 0.105959
360.000000 624.256653 174.334564 15.667603 60.302429 0.101746
360.000000 571.622314 154.867935 31.775635 78.675903 0.085090
360.000000 11.610811 157.804535 30.011496 74.899841 0.079507
360.000000 101.939964 172.246857 16.826462 41.060242 0.070386
360.000000 367.327759 172.324646 18.454407 44.229370 0.068797
360.000000 116.475235 166.431427 15.419037 39.560303 0.066787
390.000000 67.241920 199.799820 13.167831 30.731049 0.078427
420.000000 452.969910 193.171539 14.529541 34.078888 0.313727
420.000000 95.044487 176.370041 17.838943 34.313293 0.235692
420.000000 547.225464 188.645752 18.591675 42.798737 0.146670
420.000000 83.526321 186.283325 16.209045 37.271820 0.091739
420.000000 329.239014 101.182304 19.295044 41.657341 0.068174
420.000000 590.596680 186.870651 17.198608 39.802399 0.053824
420.000000 90.129417 176.078934 23.937256 56.608276 0.053264
450.000000 417.609955 166.081909 17.249268 39.884674 0.096641
480.000000 35.653831 204.488937 12.587708 32.956573 0.298484
480.000000 613.392212 176.747971 13.371216 33.392181 0.278382
480.000000 20.521608 196.872101 14.476614 41.634247 0.156901
510.000000 158.571304 209.137314 11.466003 28.702942 0.113655
510.000000 462.387146 167.604874 20.194031 48.289185 0.061421
540.000000 604.760681 183.735443 14.282593 35.431427 0.090133
540.000000 627.780884 173.815262 12.219116 48.317627 0.082856
540.000000 112.521759 191.232361 11.343903 31.297974 0.074057
540.000000 340.476318 185.096329 13.813232 33.900635 0.063932
540.000000 485.387848 191.639786 12.828674 30.745575 0.056927
540.000000 245.813446 74.464027 26.017273 58.805840 0.055007
540.000000 237.214020 77.262520 19.864655 46.322723 0.054258
540.000000 495.314209 175.760178 20.260498 43.514282 0.052892
570.000000 74.509926 133.271698 16.995255 39.251495 0.223321
570.000000 617.007080 141.571960 22.801636 81.881531 0.156076
570.000000 603.838135 154.654724 25.241333 64.903137 0.121793
570.000000 591.632629 143.949371 21.708618 48.658081 0.116733
570.000000 301.156189 192.992203 12.169495 29.001984 0.106290
570.000000 380.346954 165.974304 21.389343 50.239197 0.091299
570.000000 293.028778 201.344284 10.826416 28.595673 0.072246
570.000000 0.000000 208.608932 8.938034 37.176056 0.069535
570.000000 108.409348 202.194962 11.217606 26.721832 0.065908
600.000000 220.880127 185.232590 13.560638 31.826294 0.357411
600.000000 110.212196 203.628464 11.199066 26.695709 0.268889
600.000000 582.252747 206.815308 16.335815 33.736511 0.170606
600.000000 579.054199 130.961868 18.177612 45.042908 0.148309
600.000000 384.467651 135.723724 30.697205 84.033386 0.091194
600.000000 498.921631 129.041061 24.092712 58.200073 0.078660
600.000000 317.725891 185.030640 10.834229 28.509094 0.052640
600.000000 610.483826 139.412506 18.547119 41.356934 0.050882
630.000000 565.140686 163.428497 16.714478 43.909210 0.233665
630.000000 441.858704 157.257217 22.226868 52.804352 0.126797
630.000000 84.652901 196.922363 13.301697 32.281708 0.077635
630.000000 271.461578 192.425735 10.510803 25.918549 0.075416
630.000000 309.388000 185.369202 12.066895 28.531952 0.065050
630.000000 467.544128 184.867889 12.862000 28.177307 0.059395
660.000000 522.682678 170.358490 26.745239 65.590790 0.216555
660.000000 301.362183 175.211090 13.065369 31.951599 0.139954
660.000000 530.517395 171.123077 15.771484 37.971954 0.136594
660.000000 28.919014 190.130005 14.147987 31.331787 0.107248
660.000000 491.906647 171.081573 20.198395 44.053589 0.072038
660.000000 261.860229 180.778061 11.841003 29.837097 0.061950
690.000000 602.283630 109.388519 22.774658 58.344727 0.139760
690.000000 353.997375 101.328049 31.874817 70.901031 0.068609
720.000000 36.755939 80.544838 15.825890 36.335678 0.355369
720.000000 138.056061 142.599640 17.287781 44.494781 0.306960
720.000000 66.997131 124.118774 18.871658 44.320465 0.256243
720.000000 579.974792 144.654556 12.282593 30.826752 0.240855
720.000000 82.526138 137.743790 14.878738 31.992096 0.111685
720.000000 58.391094 127.387772 20.020199 44.132996 0.096122
720.000000 165.709976 138.739838 16.200562 38.772614 0.087055
720.000000 27.532581 82.777222 15.166924 35.730499 0.081264
720.000000 34.662220 78.737770 24.456299 56.275352 0.065103
720.000000 40.804565 82.846870 16.581337 38.964401 0.062944
720.000000 180.806290 145.119507 18.454834 42.575378 0.059080
720.000000 566.486816 146.091721 8.796387 23.796021 0.051193
750.000000 491.167023 111.542488 27.620514 71.805931 0.453202
750.000000 522.191223 130.020905 18.581543 46.963776 0.290026
750.000000 581.564270 133.519791 12.750854 31.354309 0.151233
750.000000 524.683105 146.598541 12.896606 31.293427 0.078067
750.000000 606.396484 147.814056 15.147461 35.017578 0.061256
750.000000 502.823669 118.530380 22.599609 63.949677 0.058755
750.000000 474.999573 112.055359 14.495667 31.172760 0.051590
750.000000 26.435421 83.970543 17.547966 42.757111 0.050950
750.000000 19.826393 73.662758 16.062614 36.811310 0.050314
780.000000 608.962891 129.570435 13.193726 33.066406 0.337989
780.000000 156.718399 141.038101 15.943054 35.946320 0.336158
780.000000 490.231110 120.103149 25.095734 68.057922 0.127518
780.000000 585.833069 130.720276 16.059326 40.243683 0.098117
780.000000 59.155537 147.082672 24.894756 62.167542 0.075545
780.000000 508.128937 128.869217 18.258575 48.461945 0.060221
780.000000 492.948914 122.862717 18.954590 45.019135 0.058732
810.000000 495.215698 126.774147 23.053589 59.272133 0.134229
810.000000 498.239471 127.666290 16.950653 39.114136 0.074803
810.000000 199.866486 173.763260 14.425232 33.536804 0.060828
840.000000 593.280396 130.481140 21.724365 51.519897 0.724120
840.000000 206.426147 145.321640 19.871887 47.717957 0.215777
840.000000 619.040649 123.767075 19.368652 52.853912 0.151046
840.000000 616.903015 110.702332 22.915283 89.443329 0.066328
870.000000 191.140625 143.223068 23.125244 53.750092 0.732609
870.000000 595.614746 129.499557 18.182739 40.904236 0.526744
870.000000 147.100525 155.738632 16.159882 39.061249 0.272874
870.000000 127.677086 149.038879 22.356544 56.501923 0.146894
870.000000 131.153519 154.529663 16.183014 38.365540 0.113187
870.000000 557.495667 159.984299 13.928711 30.455383 0.105339
870.000000 606.172363 139.580063 10.726196 25.948364 0.089083
870.000000 138.268600 154.693588 19.756989 43.733154 0.085097
870.000000 124.140724 158.040497 15.174477 35.450928 0.078951
870.000000 605.709778 137.915848 17.184937 42.150787 0.075855
870.000000 625.004517 123.057983 12.435181 41.067932 0.061889
870.000000 143.842804 154.735153 15.099670 29.159302 0.060917
870.000000 181.654297 142.418472 27.354492 62.454285 0.052242
900.000000 593.028870 114.195404 20.350952 52.338379 0.406721
900.000000 586.133972 117.345963 14.490356 36.444611 0.399248
900.000000 66.971558 160.481232 14.317932 33.886658 0.316279
900.000000 444.345154 113.087395 18.295532 43.410866 0.293424
900.000000 64.063019 160.252869 21.493225 49.060638 0.120135
900.000000 462.665680 110.111153 22.435364 53.158424 0.108759
900.000000 76.338524 155.070297 22.185043 53.916321 0.090541
900.000000 598.278381 118.384750 15.371338 35.267670 0.085340
900.000000 553.781250 149.248093 23.337891 55.453674 0.085093
900.000000 424.706818 100.844315 17.756348 40.708084 0.079387
900.000000 610.578613 129.683121 16.746094 43.275421 0.069981
900.000000 466.377899 108.164764 16.214844 37.260117 0.054267
930.000000 627.609436 134.929520 12.118164 34.985870 0.127282
930.000000 354.369293 153.771927 15.096619 37.553986 0.112091
930.000000 10.564653 127.054489 34.755501 97.157928 0.089061
930.000000 591.434692 133.199295 13.302856 32.176880 0.076981
930.000000 612.170044 138.930359 9.916626 25.777649 0.072579
930.000000 432.436707 147.598373 19.773926 47.185974 0.060212
930.000000 243.446381 145.783081 16.594604 39.839050 0.057087
930.000000 13.786790 126.543182 25.091103 66.701508 0.052097
960.000000 82.887329 174.991180 15.235672 36.444855 0.325710
960.000000 67.573906 165.450516 19.527496 47.366302 0.167938
960.000000 561.234802 151.922684 11.676758 25.364380 0.133472
960.000000 355.709808 112.080132 16.864380 38.582390 0.118077
960.000000 352.380066 110.974007 22.775635 58.116783 0.081609
990.000000 438.511200 146.807129 17.675232 37.773254 0.229257
990.000000 537.377380 173.938370 15.532593 34.573364 0.179221
990.000000 534.293701 172.541595 20.301025 53.526184 0.160787
990.000000 427.195404 125.866188 24.057434 59.948204 0.158325
990.000000 463.451843 108.748856 13.688599 32.287003 0.087442
1020.000000 471.862823 163.502228 20.061829 49.196869 0.237248
1020.000000 84.489883 106.584351 15.495392 31.546219 0.050218
1050.000000 247.658173 101.807480 36.781921 87.627747 0.731028
1050.000000 305.226990 77.023056 17.079468 42.477676 0.261956
1050.000000 279.008820 76.798393 18.076416 42.046326 0.228905
1050.000000 299.130066 78.621239 26.086731 60.517052 0.176039
1050.000000 618.892639 142.257141 13.993774 33.342255 0.112806
1050.000000 264.397095 80.761047 18.830261 44.637741 0.109164
1050.000000 624.560791 132.067154 15.216919 45.848480 0.094085
1050.000000 561.853821 153.922501 12.408813 31.865021 0.071058
1050.000000 298.079224 84.559586 19.146606 44.238586 0.067021
1050.000000 275.144226 74.065422 27.484009 63.266502 0.059931
1050.000000 235.705048 97.928223 37.370667 89.628326 0.055765
1050.000000 469.193329 115.882553 15.610657 37.868652 0.050894
1050.000000 469.074707 142.143051 12.368530 26.577454 0.050636
1080.000000 94.385223 135.158905 32.989136 78.051910 0.097581
1080.000000 74.731506 189.790222 12.471497 30.462616 0.081576
1080.000000 140.996750 186.602142 13.997437 35.211792 0.079453
1080.000000 79.091942 188.018768 11.291504 30.415527 0.071845
1080.000000 186.894333 167.002335 15.813202 38.707886 0.055216
1110.000000 82.530876 200.582809 17.974075 38.252106 0.163208
1110.000000 453.938263 152.877304 19.598328 48.935913 0.089429
1140.000000 77.872101 159.961823 18.372421 42.725311 0.229076
1140.000000 185.756409 161.443832 13.570648 34.101624 0.225122
1140.000000 81.850433 155.337311 14.350220 33.226105 0.211898
1140.000000 344.499695 149.809235 13.859863 32.928741 0.185698
1140.000000 172.704605 158.945755 15.331787 34.972260 0.147203
1140.000000 121.418846 159.225433 14.603020 34.478821 0.130563
1140.000000 131.207336 149.470901 13.430023 32.587463 0.123724
1140.000000 108.670158 159.804642 13.947006 34.176178 0.120670
1140.000000 167.949692 152.375549 13.738495 32.295166 0.113223
1140.000000 93.663223 168.679947 13.452972 29.936829 0.091515
1140.000000 286.679504 153.203018 11.468384 23.308167 0.086490
1140.000000 127.921288 149.315735 19.824532 53.921143 0.083890
1140.000000 121.729286 157.361465 20.073875 48.588562 0.082697
1140.000000 20.530052 190.221771 15.429127 36.670319 0.052140
1170.000000 82.686562 192.497833 14.509827 33.721924 0.391694
1170.000000 50.604652 153.223114 13.352264 32.336273 0.122681
1170.000000 625.721436 140.308578 14.268433 34.465179 0.114765
1170.000000 96.105110 187.849411 17.901001 38.520782 0.106743
1170.000000 410.688263 176.551361 12.966431 30.326294 0.105216
1170.000000 319.549744 164.550690 15.282288 37.631989 0.098504
1170.000000 567.107910 137.514038 14.172607 37.640045 0.080144
1170.000000 17.287951 175.996033 13.800484 33.096100 0.078161
1170.000000 24.096050 178.229019 13.722095 33.269318 0.060753
1170.000000 125.733360 177.733795 12.447243 31.470184 0.050678
1200.000000 34.617893 174.394836 17.222954 34.796631 0.387628
1200.000000 162.471390 177.088608 14.467468 35.971893 0.298976
1200.000000 602.648987 165.617294 13.535400 30.452942 0.251662
1200.000000 23.449608 181.813385 13.156151 30.892548 0.205585
1200.000000 131.763016 180.638687 14.030212 33.038452 0.195063
1200.000000 29.931894 176.608383 18.486975 45.673553 0.178058
1200.000000 191.205048 181.475128 13.510193 33.833557 0.126227
1200.000000 86.997513 181.028503 15.793671 39.670166 0.120111
1200.000000 81.961823 184.499695 14.845383 35.825592 0.113519
1200.000000 598.490112 165.121964 23.603638 58.443756 0.112111
1200.000000 50.842232 186.734528 14.733345 36.198944 0.102370
1200.000000 364.156128 195.675446 15.750549 36.149567 0.094706
1200.000000 137.179886 182.621643 12.629883 28.185699 0.077010
1200.000000 212.354462 185.394989 16.393036 38.373077 0.074736
1200.000000 261.370148 176.696777 13.617859 30.388672 0.069507
1200.000000 140.721619 183.935883 12.691589 30.476410 0.063064
1200.000000 186.194901 178.172409 20.818939 49.450256 0.053429
1200.000000 134.443481 181.946365 19.155426 45.231873 0.051990
1200.000000 584.511169 174.033630 15.814819 37.677521 0.051198
1200.000000 27.917107 181.921585 12.905594 27.151215 0.050078
1230.000000 581.952576 149.737839 23.079590 57.670319 0.430038
1230.000000 584.538635 173.027145 14.815430 33.200439 0.363073
1230.000000 556.682617 164.243683 11.733154 29.798889 0.315117
1230.000000 203.980759 196.668335 13.533325 31.393097 0.229717
1230.000000 251.645401 203.457138 15.261185 36.692444 0.187174
1230.000000 1.038864 210.003326 24.071695 59.473480 0.129515
1230.000000 258.751617 205.740753 17.818359 40.542023 0.128686
1230.000000 621.801331 138.159027 18.198669 73.182129 0.118661
1230.000000 571.781921 158.370438 14.076416 35.316071 0.107190
1230.000000 560.654297 162.684235 12.658569 30.278351 0.098713
1230.000000 228.681015 200.599655 13.664856 31.725616 0.096339
1230.000000 315.284180 172.686447 18.208679 47.061066 0.086391
1230.000000 227.514053 202.775269 18.288177 44.513214 0.070519
1230.000000 555.850769 165.406067 16.873169 42.841309 0.063819
1230.000000 435.749329 170.698792 12.882568 30.418427 0.059871
1230.000000 424.361877 169.900757 14.671936 33.685486 0.058488
1230.000000 250.268188 47.362110 19.494812 46.241604 0.051639
1230.000000 138.369736 187.216614 12.424194 30.652893 0.051450
1230.000000 129.087784 189.135696 13.643036 32.745270 0.050067
1260.000000 32.419918 207.888794 14.143478 30.946350 0.374386
1260.000000 122.381943 203.254379 24.443542 61.851028 0.350036
1260.000000 93.343750 211.821274 17.859558 42.013550 0.319426
1260.000000 63.043324 215.990341 18.927975 39.785736 0.244070
1260.000000 76.506004 212.809097 12.950958 31.087067 0.217354
1260.000000 42.546310 95.096024 15.784988 37.189117 0.185924
1260.000000 71.278839 214.401917 15.883179 36.422424 0.142371
1260.000000 127.373703 203.523392 16.609924 37.781616 0.142004
1260.000000 83.283493 107.734367 15.578812 36.249611 0.116486
1260.000000 96.144814 208.549789 12.562073 29.692535 0.113013
1260.000000 127.985535 202.307220 11.480530 28.154999 0.094864
1260.000000 84.237099 212.175247 11.447983 27.415863 0.092283
1260.000000 29.004768 206.988541 19.540459 46.786987 0.090444
1260.000000 74.365204 212.625549 18.702744 45.431030 0.087701
1260.000000 132.113159 201.744629 14.425323 30.100555 0.086556
1260.000000 88.316818 208.959213 28.295319 71.118729 0.058523
1260.000000 77.288261 101.487190 12.749039 29.636238 0.054029
1290.000000 378.138855 159.966766 15.896240 35.455994 0.221955
1290.000000 606.636902 175.526352 10.286865 26.231232 0.172796
1290.000000 398.381622 141.124863 19.964661 51.637482 0.090698
1290.000000 392.560883 156.915756 16.347229 40.380737 0.060451
1290.000000 9.629031 170.635315 19.956245 45.112793 0.056500
1290.000000 388.915619 166.715790 14.485779 33.030640 0.054276
1320.000000 115.386909 188.245514 18.124718 43.394043 0.192143
1320.000000 579.289856 175.281174 11.509521 24.360016 0.187587
1320.000000 113.533257 187.726151 13.505478 33.871185 0.166148
1320.000000 37.195415 186.731461 17.153893 38.357361 0.131771
1320.000000 199.864044 180.229340 16.502686 40.736603 0.114296
1320.000000 122.000076 191.002655 15.121643 36.490631 0.095991
1320.000000 108.658051 186.855240 13.556732 33.350433 0.085192
1350.000000 564.515808 170.197418 14.629395 34.308380 0.650273
1350.000000 484.444519 162.544495 17.999023 39.851227 0.404862
1350.000000 18.363621 184.881744 18.472260 39.943176 0.238675
1350.000000 593.679382 180.088333 11.867554 25.185333 0.166314
1350.000000 100.528061 156.813583 19.836487 48.074341 0.156691
1350.000000 36.166843 177.434753 14.008347 32.829407 0.155339
1350.000000 553.729553 172.088593 11.892334 29.611908 0.142380
1350.000000 512.155273 160.186508 15.614868 38.078918 0.121050
1350.000000 471.478638 154.834427 18.070679 45.286285 0.117949
1350.000000 568.539368 170.129456 17.612427 41.164062 0.096745
1350.000000 133.148651 157.085892 17.224701 41.981842 0.068024
1350.000000 97.567276 156.678986 27.859726 70.293549 0.054550
1380.000000 550.615784 175.324234 11.148926 25.059875 0.242194
1380.000000 570.005737 183.170410 12.840332 29.364624 0.180200
1380.000000 26.924746 171.747864 16.824110 41.580170 0.134421
1380.000000 621.720032 166.599747 17.745605 69.879272 0.092412
1380.000000 24.215893 147.900436 20.311058 53.221771 0.085009
1380.000000 596.800964 193.013779 12.498901 28.522430 0.080475
1410.000000 569.872681 178.647736 17.837891 44.604980 0.591762
1410.000000 54.434505 198.767242 36.442463 87.560089 0.198251
1410.000000 40.637730 195.252426 54.796856 131.977859 0.187338
1410.000000 377.661163 183.307266 10.243225 22.506531 0.139818
1410.000000 597.607910 200.223389 15.368774 31.506714 0.097460
1410.000000 383.212219 183.073959 9.466370 21.293640 0.085381
1410.000000 562.100464 179.637878 21.078491 48.884308 0.075665
1410.000000 611.719604 193.495697 15.816162 37.479889 0.071016
1410.000000 261.336975 186.170013 12.731445 30.139740 0.063229
1410.000000 163.590836 5.864876 15.194763 35.904633 0.062738
1410.000000 576.845093 181.966843 12.799561 31.764496 0.062177
1410.000000 572.429260 177.630463 11.866943 27.079803 0.059635
1410.000000 301.460175 177.342010 13.631287 34.046173 0.050123
1440.000000 136.472977 1.356833 16.839844 41.239922 0.448926
1440.000000 279.921661 177.863235 10.710815 24.094635 0.346158
1440.000000 183.536697 167.735580 16.563782 37.850220 0.294457
1440.000000 276.853271 177.839844 9.719910 23.502869 0.213922
1440.000000 112.840210 0.058146 16.168396 34.865974 0.178856
1440.000000 541.568298 163.142715 14.157959 33.132263 0.153227
1440.000000 143.846848 170.935181 16.349182 37.898956 0.150792
1440.000000 60.396767 186.284576 16.733292 40.212555 0.136444
1440.000000 600.835754 192.891342 20.050171 50.160034 0.121521
1440.000000 28.807373 186.502747 13.760834 33.007965 0.119567
1440.000000 72.684708 182.419189 13.533096 33.288574 0.102711
1440.000000 62.347137 184.608658 12.591705 29.217072 0.094182
1440.000000 82.298706 181.185547 13.786041 33.565857 0.086228
1440.000000 38.415428 174.388641 13.274200 30.941650 0.069672
1440.000000 588.834229 212.524902 16.730103 38.534821 0.064959
1440.000000 128.738510 1.024862 18.001617 39.762573 0.059658
1440.000000 516.917236 163.922287 12.218872 32.189972 0.057387
1440.000000 538.313721 164.376404 12.366089 30.268066 0.054496
1440.000000 628.019165 182.514313 11.966187 40.651215 0.053508
1440.000000 270.774017 178.342697 9.722534 22.591370 0.052634
1470.000000 58.528366 153.778824 19.966827 46.292297 0.216569
1470.000000 565.989563 174.112900 13.005371 29.548157 0.127102
1470.000000 12.750542 160.572067 17.453159 40.884705 0.106243
1470.000000 613.848267 159.469269 13.867432 33.728851 0.088779
1470.000000 173.934540 158.430527 15.280945 37.435028 0.063964
1470.000000 31.188084 166.211884 15.509689 35.554382 0.062227
1470.000000 605.810059 160.898560 13.041626 30.930145 0.059198
1470.000000 523.450562 175.641785 10.199341 23.501770 0.052205
1500.000000 0.870853 169.362320 21.700457 60.195709 0.553083
1500.000000 53.526157 167.957413 12.131359 30.964325 0.535666
1500.000000 41.338459 167.499161 11.030151 28.433777 0.260548
1500.000000 58.474174 169.351105 10.989014 26.838593 0.245906
1500.000000 608.854919 138.168549 15.703857 35.964935 0.145678
1500.000000 543.748535 149.283493 25.554565 64.366913 0.112678
1500.000000 50.172298 168.660522 11.624893 27.807129 0.092320
1500.000000 411.546387 207.010315 14.813843 30.869385 0.066200
1500.000000 90.140533 172.695801 12.347549 28.456879 0.051568
1560.000000 572.682190 135.811096 21.335815 48.767822 0.106204
1560.000000 341.492828 143.703827 12.705444 30.359650 0.083700
1560.000000 243.961548 146.731323 14.071655 33.291809 0.083352
1560.000000 299.390594 144.471634 13.848450 34.272430 0.057058
1560.000000 585.375488 117.454109 30.036133 68.412285 0.054366
1590.000000 313.320831 93.134750 25.784424 64.182083 0.352486
1590.000000 245.051971 137.435623 14.656677 31.223724 0.226263
1590.000000 317.825928 92.834824 17.052917 41.731125 0.158433
1590.000000 110.971024 143.222992 13.597305 31.658295 0.140053
1590.000000 67.947525 131.119003 13.029068 32.813538 0.116980
1590.000000 33.608974 160.229599 12.384354 25.940338 0.083944
1590.000000 104.486481 125.853264 19.828323 48.137749 0.073648
1590.000000 457.578705 77.283798 20.904419 47.160599 0.057960
1590.000000 292.376007 102.225906 21.855713 55.465485 0.057153
1620.000000 470.513367 125.493362 16.832092 42.003510 0.454251
1620.000000 559.485657 18.323900 26.262817 61.568710 0.129578
1650.000000 490.466553 126.812881 21.380859 47.878357 0.257314
1650.000000 458.055145 95.715912 23.112610 56.502579 0.065109
1650.000000 509.249878 133.479446 12.780396 30.718811 0.055581
1710.000000 404.484467 140.540665 12.329651 28.710358 0.064401
1770.000000 584.535522 78.981445 23.600586 55.738281 0.059625
1800.000000 548.078552 113.194420 16.071533 36.672096 0.066409
1800.000000 422.132721 120.756340 21.985840 49.145302 0.054632
1830.000000 146.229156 138.094833 16.276886 36.557312 0.280195
