60.000000 170.809448 175.925369 16.472015 39.161469 0.724127
60.000000 138.360672 176.898285 14.509888 36.604034 0.266673
60.000000 534.836914 135.435745 18.306396 41.151978 0.192515
60.000000 563.477905 132.339249 25.939941 61.265594 0.187750
60.000000 531.280273 135.212860 25.498779 64.249115 0.153589
60.000000 367.628204 60.930626 25.211548 68.470497 0.149481
60.000000 220.251450 191.364700 12.221588 29.854889 0.091474
60.000000 190.441620 178.791519 13.033051 35.485687 0.086503
60.000000 506.607208 87.799263 18.356415 42.222771 0.084208
60.000000 175.051712 169.365692 17.830811 40.383026 0.067205
60.000000 210.438187 191.486252 13.033600 32.245636 0.064676
60.000000 197.964294 188.270584 10.228607 26.595306 0.058025
90.000000 168.216812 163.774139 18.575287 44.003418 0.373587
90.000000 84.094734 192.850571 13.969681 33.552856 0.176144
90.000000 101.685715 196.895584 12.274185 30.378021 0.098060
90.000000 303.716400 203.191376 10.516052 29.505127 0.094453
90.000000 442.747589 184.675217 17.316162 44.612335 0.070846
90.000000 139.895813 169.445831 18.266022 45.887726 0.059954
90.000000 444.897491 183.075882 12.542297 31.628662 0.059790
120.000000 539.852844 211.779221 15.583130 36.420502 0.248841
120.000000 406.752136 77.821716 22.198730 50.633301 0.092688
150.000000 28.279837 197.976349 12.477419 29.797241 0.076395
150.000000 612.543457 133.591644 14.424683 33.962738 0.062352
150.000000 411.940277 190.793152 15.490417 37.060760 0.053207
180.000000 44.724380 184.515671 15.112564 30.967834 0.185157
180.000000 19.712097 198.093414 11.806252 28.339935 0.122379
180.000000 165.455536 172.893341 15.168640 37.863831 0.109538
180.000000 379.710846 197.310287 12.911072 30.709686 0.065584
180.000000 203.956131 184.030853 12.031860 28.431671 0.064744
180.000000 77.035370 192.682404 10.642700 29.005371 0.061260
180.000000 50.957172 186.568390 11.962494 27.710144 0.059075
180.000000 243.895828 193.744751 9.264282 22.021576 0.054164
210.000000 448.499969 179.789215 20.951538 47.590790 0.334894
210.000000 205.472565 184.267059 12.693451 30.597626 0.188213
210.000000 482.723907 208.307098 14.907166 34.630615 0.184629
210.000000 423.499115 192.171616 15.746826 37.253510 0.102235
210.000000 158.522110 188.487534 10.982208 27.235229 0.084300
210.000000 187.383209 187.399475 11.836884 30.431854 0.078523
210.000000 313.962921 191.687195 10.875977 23.759735 0.066533
210.000000 306.260925 193.211487 9.288330 22.566254 0.061259
240.000000 192.040527 184.622040 12.487305 31.524628 0.283660
240.000000 318.369598 188.057419 11.592529 26.208160 0.060936
240.000000 556.294495 134.892273 14.471924 33.149841 0.052887
270.000000 17.109114 172.139282 23.502535 57.751465 0.413899
270.000000 95.323044 152.637756 21.095856 50.418945 0.154147
270.000000 113.884956 168.639938 20.934715 53.141937 0.098477
270.000000 167.255890 179.832123 15.153503 37.990356 0.090318
270.000000 84.277649 157.390991 14.351379 33.121613 0.086190
270.000000 217.521881 186.100159 11.181213 28.513824 0.077204
270.000000 21.116171 186.706055 15.390306 42.298309 0.072512
270.000000 367.075562 193.990479 12.358643 27.059998 0.062067
300.000000 6.396818 115.625076 43.623856 112.764404 0.231884
300.000000 531.159973 182.764954 12.602905 28.939789 0.054705
330.000000 166.587524 166.097076 13.502716 32.043671 0.348748
330.000000 211.480194 167.557632 12.026428 25.079163 0.336764
330.000000 100.742722 165.901764 9.984772 24.234039 0.099461
330.000000 435.544098 183.129074 17.134155 38.328247 0.083710
360.000000 9.431761 160.319855 12.467966 29.978760 0.191876
360.000000 431.088715 167.279449 12.133545 30.471680 0.121563
360.000000 198.198288 161.622009 11.745148 26.188385 0.115003
360.000000 414.966034 162.211777 13.548096 31.634277 0.071096
360.000000 423.607300 152.425186 19.577209 47.126831 0.065958
390.000000 157.089478 151.795166 13.095398 32.428009 0.284014
390.000000 180.240753 166.743530 9.952698 24.067078 0.148504
390.000000 56.554245 166.918747 15.853058 39.742096 0.118898
390.000000 186.199783 157.050735 11.520538 26.279663 0.107855
390.000000 152.265717 150.627060 14.116821 34.001221 0.102284
390.000000 106.890419 158.090271 12.274597 31.203064 0.081511
390.000000 66.350250 160.624588 11.212372 27.241913 0.075391
390.000000 426.467560 127.688538 12.417114 29.715912 0.067720
390.000000 182.190811 160.937119 11.665070 29.398132 0.061459
390.000000 224.701630 151.519760 10.984375 27.643646 0.060372
390.000000 422.791473 127.743431 18.750488 39.942848 0.059746
390.000000 54.099442 162.534241 10.572342 25.244415 0.055590
420.000000 416.436676 155.232620 19.379944 48.964569 0.231765
420.000000 142.730042 168.335754 12.540619 30.054413 0.203905
420.000000 330.530060 151.514511 13.186829 30.268890 0.062931
420.000000 228.445007 150.764496 11.797913 28.844147 0.058863
420.000000 416.552582 174.048965 15.165405 34.313660 0.056912
450.000000 77.687294 171.051331 17.224625 39.085754 0.613916
450.000000 183.884613 148.584106 10.976501 26.348206 0.484725
450.000000 73.094604 148.294342 24.306702 63.209595 0.343637
450.000000 316.572174 144.658752 11.295227 27.434937 0.301744
450.000000 163.803680 156.741867 10.120026 27.976013 0.233657
450.000000 191.207535 152.935959 12.737610 30.765808 0.182196
450.000000 189.170334 152.796631 10.630463 24.961273 0.106358
450.000000 0.000000 152.772675 10.608858 53.892731 0.098428
450.000000 379.539673 180.780930 9.745117 24.747437 0.072240
450.000000 400.412231 181.135132 10.689087 26.812775 0.065943
480.000000 13.222294 173.623505 12.548676 31.587463 0.271861
480.000000 32.240467 176.056412 13.548920 32.659424 0.225215
480.000000 565.159729 147.301849 13.832886 31.736786 0.155284
480.000000 26.988688 174.320755 13.987333 33.955322 0.113306
480.000000 571.598022 138.929520 14.434082 34.841705 0.087180
480.000000 429.765228 184.863327 11.112305 25.714630 0.062163
480.000000 316.730988 147.973099 12.708435 29.541473 0.053948
510.000000 166.931870 150.575485 13.830963 33.900879 0.524668
510.000000 138.433594 139.634476 17.277557 46.471344 0.215005
510.000000 106.228569 134.550842 22.258217 57.492615 0.126686
510.000000 423.788788 159.051208 14.935303 35.300903 0.112840
510.000000 106.553993 136.087097 16.140900 37.644684 0.096638
510.000000 216.000977 150.184677 10.730988 23.987122 0.094525
510.000000 406.099426 166.711090 11.786926 28.663666 0.073513
510.000000 162.260086 148.476715 12.436249 25.882111 0.068152
510.000000 562.747314 90.862579 32.478516 93.171417 0.064833
510.000000 114.566177 160.167603 14.555710 33.269714 0.061680
540.000000 8.264673 174.479996 15.244568 43.228180 0.201681
540.000000 602.542847 134.657532 26.972534 62.116180 0.195322
540.000000 505.186707 189.476440 14.848145 33.112183 0.189114
540.000000 482.532196 193.644989 12.399536 28.377441 0.152655
540.000000 445.153290 179.437622 11.984863 25.986633 0.146787
540.000000 417.055542 177.102905 11.421570 24.808472 0.077792
540.000000 530.084106 191.688049 15.653076 40.944244 0.076287
540.000000 515.553101 189.986237 14.080566 34.080292 0.058107
540.000000 497.518768 190.959045 10.604797 27.063873 0.054174
570.000000 485.223297 185.498596 10.509705 32.519104 0.284512
570.000000 594.701172 177.011780 15.663696 34.452087 0.224730
570.000000 473.110962 186.249344 11.780090 30.217255 0.175034
570.000000 28.886082 172.380753 16.436012 43.148804 0.129360
570.000000 453.696594 178.368866 12.488159 30.628113 0.120801
570.000000 446.602631 180.175400 12.583557 29.770477 0.056904
570.000000 22.746014 174.762939 12.884914 30.117249 0.053665
600.000000 119.176170 166.530136 16.676338 40.342926 0.169771
600.000000 438.389130 173.908142 13.924316 36.010162 0.134485
600.000000 432.758484 175.286026 14.779968 36.451355 0.114324
600.000000 569.675415 219.455414 13.744629 32.834351 0.111575
600.000000 140.384186 161.628235 15.182098 38.731384 0.073787
600.000000 442.575500 173.020813 10.473389 24.767120 0.064764
630.000000 419.599396 209.083862 11.974060 30.858887 0.152511
630.000000 52.205616 190.507721 13.072262 30.824768 0.139646
630.000000 27.088291 189.049789 12.768188 33.162201 0.088296
630.000000 47.083416 189.342056 13.812073 32.431274 0.071202
630.000000 459.696899 199.452820 11.578735 28.861023 0.066097
630.000000 423.351166 209.878525 11.080383 26.158264 0.057496
660.000000 64.057404 173.954742 13.789001 32.601807 0.432399
660.000000 477.459137 194.898010 10.698242 28.251434 0.287349
660.000000 72.480141 179.665878 13.613434 33.237732 0.280213
660.000000 518.533569 192.107330 13.605713 32.042297 0.272618
660.000000 142.035721 186.293182 12.071411 30.145142 0.265252
660.000000 509.514557 87.099831 12.558075 30.602859 0.236510
660.000000 563.574402 176.737213 13.972168 33.221741 0.209056
660.000000 479.227753 194.822052 14.225952 32.618378 0.083342
660.000000 472.694763 193.436462 16.721008 40.739471 0.079930
660.000000 103.185013 177.146057 11.127945 28.014099 0.076739
660.000000 503.417725 191.130142 17.960815 41.603394 0.069891
660.000000 521.129272 89.167755 17.113281 40.685974 0.063576
660.000000 559.272949 176.167343 21.218384 50.937531 0.058866
660.000000 472.498596 190.824905 12.365723 31.488464 0.058031
660.000000 532.456726 81.180969 11.044922 27.803040 0.055042
660.000000 510.248688 193.342499 11.992950 28.999451 0.054521
690.000000 53.807720 175.916122 11.290485 27.053192 0.216558
690.000000 41.191311 174.114136 13.767029 33.416992 0.202531
690.000000 59.569653 138.548065 14.889393 33.922333 0.178264
690.000000 45.040928 171.616165 12.453743 30.059814 0.139711
690.000000 86.859833 153.874832 10.522232 26.880798 0.117156
690.000000 41.324287 168.387726 19.690010 47.984863 0.104758
690.000000 48.496819 173.572586 13.130432 31.527283 0.100830
690.000000 5.655669 176.277740 13.173085 31.961853 0.092366
690.000000 34.760708 174.937912 11.579811 29.073303 0.090623
690.000000 329.128540 181.472107 13.936035 32.946350 0.088688
690.000000 559.980469 205.310715 15.511963 34.184387 0.080812
690.000000 20.201571 170.226288 14.010691 35.245819 0.064788
690.000000 10.370549 149.519562 21.643883 54.504395 0.061630
690.000000 1.944811 177.013458 12.752047 34.469543 0.052765
690.000000 427.359894 206.094879 10.071350 22.729523 0.051128
720.000000 18.280014 174.315475 13.096531 34.871613 0.433997
720.000000 30.836884 176.728760 12.216293 31.507996 0.386028
720.000000 555.823914 185.043015 17.156616 42.571228 0.329758
720.000000 23.622908 175.193146 13.619318 34.544220 0.294909
720.000000 577.609741 186.977661 15.260254 35.479584 0.256369
720.000000 11.023373 175.251282 16.886688 35.055725 0.208842
720.000000 463.205933 190.931427 14.666199 35.335327 0.123664
720.000000 385.032196 178.175278 14.676453 35.016022 0.118364
720.000000 3.818709 176.486191 12.427580 29.986755 0.107710
720.000000 414.881653 190.698044 12.132080 31.535217 0.098743
720.000000 558.559937 183.353226 12.427612 27.752655 0.079672
720.000000 466.892883 194.187454 15.047852 38.572876 0.078626
720.000000 371.284088 180.105453 15.821106 35.998901 0.073872
720.000000 571.770630 182.842926 22.335449 53.399292 0.065715
720.000000 386.638245 191.724747 11.931824 25.602631 0.061652
720.000000 340.499634 189.985580 12.163208 29.148102 0.057781
720.000000 0.000000 171.769806 8.083368 39.333801 0.055934
750.000000 0.000000 162.272034 14.725456 43.858459 0.148379
750.000000 525.894409 212.806015 12.697876 31.621643 0.139999
750.000000 93.195053 186.770279 11.930283 30.276947 0.138735
750.000000 610.351746 188.530594 18.845947 44.000671 0.136581
750.000000 564.102722 183.961288 13.289429 33.711395 0.117862
750.000000 413.280457 179.585449 14.713196 34.862915 0.076301
750.000000 396.977081 166.033752 12.921875 32.357269 0.074821
750.000000 591.301514 216.113556 16.280884 39.770386 0.074543
750.000000 446.777863 191.462753 17.193237 43.851013 0.072696
750.000000 462.019501 191.275574 13.779907 30.957642 0.060509
750.000000 581.173584 197.369171 28.295044 75.123962 0.055909
750.000000 603.873962 180.061172 13.179810 33.462769 0.054181
750.000000 462.374939 202.757278 12.681641 30.061035 0.053754
780.000000 532.297852 177.354370 13.109375 31.755096 0.121962
780.000000 461.316589 144.698853 22.637207 53.238922 0.107782
780.000000 520.430481 180.357208 12.907959 33.856781 0.099090
780.000000 466.032196 144.101822 12.446716 29.838776 0.084811
780.000000 418.269318 173.941223 13.438904 32.503235 0.080627
780.000000 524.790588 183.369980 10.883545 28.834229 0.072154
780.000000 514.082886 179.824051 15.165039 36.632965 0.061630
780.000000 595.929871 213.949341 16.265259 39.487183 0.055689
810.000000 508.148865 173.923950 15.786133 38.032288 0.243752
810.000000 503.007172 171.028595 24.127899 56.310760 0.217360
810.000000 275.897919 165.557922 13.053162 31.948334 0.142456
810.000000 334.986786 174.608627 10.843811 26.511688 0.077787
840.000000 212.234177 170.050476 12.930481 31.944122 0.264846
840.000000 440.920380 145.330170 17.183899 41.446106 0.254585
840.000000 28.957056 186.393097 10.763136 26.908112 0.113133
840.000000 430.421021 173.447632 17.361938 42.372620 0.104200
840.000000 580.427490 168.211349 15.486694 38.283813 0.096601
840.000000 275.271484 166.624313 13.171814 33.860138 0.087041
840.000000 243.192657 170.488144 13.757660 33.349121 0.071433
840.000000 6.838957 186.882721 11.765484 28.726196 0.070363
840.000000 426.730255 140.768112 12.611450 30.925385 0.060334
840.000000 436.787476 143.621964 24.566284 63.801178 0.050210
870.000000 428.008911 170.501022 20.006470 48.623779 0.189307
870.000000 47.762024 175.169647 14.088280 33.450378 0.160088
870.000000 47.593513 188.384521 12.525299 29.676971 0.127625
870.000000 431.032654 170.444366 12.044556 30.211517 0.117393
870.000000 293.125885 170.731491 12.476746 30.561615 0.111332
870.000000 8.591160 184.166916 13.014044 29.730194 0.108049
870.000000 285.463806 175.860992 13.657227 32.975891 0.107104
870.000000 489.345215 155.950256 18.373962 44.385162 0.103841
870.000000 414.674957 180.986069 13.518555 32.375549 0.092919
870.000000 388.310333 195.997101 11.752075 29.480560 0.085743
870.000000 0.000000 182.846970 9.643269 39.336426 0.083224
870.000000 258.746277 181.432877 16.139038 39.001160 0.081337
870.000000 506.921722 151.931442 15.765839 35.884918 0.065988
870.000000 502.881744 150.531235 23.321014 55.510864 0.064715
870.000000 214.251099 176.561096 13.156433 31.795471 0.060211
870.000000 273.248047 172.052185 13.277039 30.693268 0.055567
870.000000 132.854477 182.534470 12.734375 28.251129 0.052095
870.000000 238.858322 174.673615 12.732361 31.669403 0.051464
900.000000 198.575531 179.280396 13.391754 30.416779 0.447493
900.000000 464.744812 153.061096 19.214661 47.073517 0.394241
900.000000 458.557526 153.180634 27.956299 66.466431 0.293684
900.000000 468.391907 152.773041 13.770081 32.391785 0.177688
900.000000 535.844910 142.116623 16.889282 43.272156 0.165757
900.000000 212.343384 180.727051 11.003693 24.770081 0.156562
900.000000 205.691040 173.892914 11.901184 28.779419 0.141851
900.000000 231.657791 176.305908 14.998566 35.004608 0.134409
900.000000 286.246429 172.845856 15.269104 37.484772 0.127387
900.000000 266.653198 172.363846 14.322388 33.919495 0.125382
900.000000 223.178085 177.196869 14.079071 33.151611 0.117549
900.000000 429.636414 186.537796 16.580750 40.551453 0.079653
900.000000 389.283752 183.074524 14.554260 37.127655 0.071576
900.000000 443.786652 186.936615 13.998474 34.859467 0.063293
900.000000 11.695541 156.897018 12.872074 32.398560 0.059494
900.000000 234.497345 176.494308 20.483307 47.194153 0.056880
900.000000 140.384186 162.234528 16.230377 37.566589 0.050493
930.000000 284.302704 173.334625 15.332458 37.170288 0.357779
930.000000 336.033142 177.204453 16.128845 43.177704 0.232329
930.000000 202.039261 175.875916 13.450500 33.667999 0.163626
930.000000 77.514549 184.555557 13.864975 33.999786 0.133779
930.000000 226.648041 172.940186 16.779755 42.025879 0.126992
930.000000 278.243652 173.565857 22.721680 54.361420 0.078799
930.000000 210.913223 182.044983 11.573578 26.667389 0.067930
930.000000 199.056519 176.438416 20.104950 46.825958 0.054528
960.000000 217.743011 170.589691 17.555756 42.128937 0.419446
960.000000 479.828125 195.842224 15.506958 35.857300 0.354017
960.000000 212.659698 174.871033 17.509064 43.035339 0.347449
960.000000 202.687683 177.008301 14.962646 33.776398 0.245514
960.000000 295.645813 175.354370 14.665100 35.069336 0.169842
960.000000 214.358398 169.726273 25.706360 60.673676 0.166934
960.000000 453.929901 196.907562 13.005066 31.184784 0.156624
960.000000 286.824554 173.651215 15.643433 37.767273 0.136436
960.000000 370.881226 182.224670 16.396545 39.960541 0.135140
960.000000 438.357300 188.632492 12.389771 29.957458 0.095376
960.000000 223.871109 170.388672 17.396942 39.363861 0.068315
960.000000 280.179932 172.798843 21.250977 55.443146 0.063991
960.000000 484.869965 179.749268 16.045166 35.792053 0.061182
960.000000 443.720215 194.055481 13.043457 31.904114 0.059286
960.000000 234.482193 174.940628 19.481842 48.371582 0.058643
990.000000 435.969604 189.955780 18.425598 41.225525 0.267861
990.000000 506.391388 193.102676 16.442230 37.668823 0.230977
990.000000 461.602051 192.365082 22.565063 53.589447 0.220347
990.000000 448.311035 198.215942 14.802979 36.630096 0.168222
990.000000 492.078522 185.603882 17.080200 40.919586 0.116359
990.000000 576.143677 158.707550 16.613647 39.103729 0.113148
990.000000 455.802612 199.847824 12.631104 30.545380 0.107147
990.000000 192.252106 205.031174 15.397552 39.081818 0.101765
990.000000 293.155609 211.749298 17.937744 42.755951 0.098242
990.000000 465.949127 196.604721 14.744934 34.849518 0.090242
990.000000 503.593872 179.719818 12.538635 31.084747 0.073737
990.000000 496.905121 190.323898 13.833008 28.968658 0.063555
990.000000 179.313675 176.353561 17.086761 37.414398 0.054206
990.000000 439.787750 193.725052 22.574402 55.126831 0.053106
990.000000 354.538239 193.785339 15.502014 38.500397 0.052534
990.000000 315.580627 206.077087 14.179382 34.414978 0.052479
990.000000 351.342712 184.966858 13.960266 37.425995 0.051981
1020.000000 507.341827 172.403885 14.500763 35.353424 0.439578
1020.000000 495.866608 183.906769 14.797363 34.881012 0.352731
1020.000000 585.048523 176.260590 17.635010 41.390900 0.263277
1020.000000 441.898468 194.652832 15.562988 36.324860 0.228523
1020.000000 605.451172 155.779388 14.917847 36.782623 0.171063
1020.000000 503.819122 171.704727 21.468475 48.815521 0.129845
1020.000000 517.650818 181.846695 12.655518 29.962402 0.125439
1020.000000 515.232788 178.195847 11.530640 29.508850 0.091948
1020.000000 454.096802 175.628616 13.000610 30.672668 0.091894
1020.000000 200.776764 169.902115 28.099152 71.878296 0.086122
1020.000000 264.757416 157.869049 21.401611 49.804443 0.085490
1020.000000 589.767212 173.640701 12.977051 28.488098 0.084023
1020.000000 613.276062 153.753448 19.407593 47.520508 0.082735
1020.000000 490.999115 184.031723 22.262482 52.417297 0.070637
1020.000000 95.374146 206.000351 15.157211 37.220947 0.061027
1020.000000 499.339386 180.820770 11.595093 26.763092 0.060030
1020.000000 475.885071 181.673141 13.122375 31.232941 0.055720
1020.000000 587.581299 170.071411 24.988403 53.544617 0.055268
1050.000000 573.897400 142.756348 24.370483 52.094421 0.676270
1050.000000 339.773193 180.675735 23.271179 51.963013 0.492964
1050.000000 609.494507 167.621460 18.081299 40.740417 0.430107
1050.000000 603.824280 164.287582 18.224854 41.791687 0.397221
1050.000000 483.581909 171.234528 24.448120 58.927826 0.393875
1050.000000 589.561462 158.053970 23.880127 60.559753 0.301872
1050.000000 173.927841 177.294235 17.481293 42.224243 0.270198
1050.000000 496.921936 187.652527 16.668091 38.507660 0.202215
1050.000000 476.030457 180.374359 15.283264 35.103973 0.198584
1050.000000 265.232391 156.132187 21.335693 49.945526 0.198520
1050.000000 165.277817 181.451157 13.839905 34.562103 0.192566
1050.000000 617.759583 148.720886 21.670776 79.021637 0.184116
1050.000000 119.763634 173.251938 21.265877 51.114594 0.133959
1050.000000 353.259247 189.621292 20.281433 44.368347 0.125632
1050.000000 444.458710 191.016266 12.666504 27.202301 0.102583
1050.000000 351.416809 188.378662 16.558899 34.002197 0.091215
1050.000000 456.195557 162.534210 21.319275 55.793396 0.078059
1050.000000 194.936646 169.291199 16.317749 39.792511 0.062968
1050.000000 610.283447 181.481323 13.187012 29.643005 0.061033
1050.000000 258.240051 155.625961 32.937378 80.476471 0.059736
1050.000000 488.786560 183.456314 16.785583 40.792908 0.058992
1050.000000 255.873032 155.970596 21.539444 49.878815 0.058168
1050.000000 185.939850 172.649414 18.749512 45.608124 0.057428
1050.000000 595.386047 159.529266 26.338257 69.132080 0.052369
1080.000000 488.131958 168.859085 28.938660 65.160156 0.320087
1080.000000 594.122070 206.369385 10.934814 27.461945 0.152182
1080.000000 612.877563 207.384064 15.211426 36.484894 0.133441
1080.000000 499.181305 187.466370 18.149261 39.363617 0.133284
1080.000000 598.067566 205.129105 12.530640 31.670441 0.082041
1080.000000 605.545410 207.706757 17.295410 39.691925 0.078336
1080.000000 155.676346 201.765518 15.139832 36.823181 0.074061
1080.000000 444.745331 191.908249 11.503418 26.472382 0.061807
1110.000000 445.451050 192.482651 11.728271 26.897858 0.326642
1110.000000 449.725830 191.886292 10.539856 26.107971 0.238022
1110.000000 452.902222 196.491974 10.591248 22.066345 0.180804
1110.000000 539.990417 197.765671 16.729858 38.305542 0.148090
1110.000000 368.469482 211.993530 11.172363 27.903900 0.079725
1110.000000 36.462204 202.440933 13.780891 34.560364 0.052489
1110.000000 508.571167 208.247849 15.975464 37.666840 0.051671
1110.000000 132.195267 206.070740 16.483276 38.524719 0.050554
1140.000000 484.746277 180.325500 14.167236 32.864197 0.292047
1140.000000 514.567078 166.527176 16.108765 36.424255 0.246258
1140.000000 598.513306 191.806702 14.462646 35.291962 0.199266
1140.000000 397.348419 201.960953 13.341187 32.017212 0.175915
1140.000000 581.520325 198.598572 14.162964 34.804718 0.166823
1140.000000 414.440277 198.401962 17.425354 41.117249 0.125204
1140.000000 475.699219 175.703522 11.924988 28.345764 0.119865
1140.000000 365.795410 209.260559 14.341614 32.628754 0.119678
1140.000000 448.232971 190.188156 15.171631 35.616486 0.101044
1140.000000 106.375275 194.891449 21.640625 54.160858 0.081553
1140.000000 481.857483 179.237015 19.762634 50.257843 0.062408
1140.000000 497.907532 167.160568 19.725769 44.354004 0.058259
1140.000000 490.773529 164.758835 14.594788 37.920685 0.056549
1170.000000 488.639069 170.673264 14.800598 36.309601 0.500820
1170.000000 497.327728 165.651733 30.506866 68.648010 0.429178
1170.000000 486.463470 177.172928 11.628723 29.130981 0.357034
1170.000000 474.367310 174.902283 14.362549 34.671722 0.281137
1170.000000 485.875549 170.752548 22.224182 50.704559 0.259754
1170.000000 452.182007 189.950607 12.036804 26.832123 0.169143
1170.000000 539.452148 168.564651 12.885010 30.370575 0.140366
1170.000000 358.194977 173.436966 13.509094 32.134949 0.110584
1170.000000 516.052002 157.629257 17.641724 39.681549 0.105566
1170.000000 483.085175 175.205353 11.107056 27.725494 0.094700
1170.000000 589.747559 169.303329 15.266846 35.295044 0.092119
1170.000000 571.529541 198.643021 10.715210 27.970703 0.077075
1170.000000 535.900269 164.640472 20.874634 54.471100 0.074748
1170.000000 611.991882 203.332718 12.459961 26.478546 0.071302
1170.000000 504.592010 200.341324 14.295135 33.653198 0.061647
1170.000000 532.803528 183.276993 10.173828 24.658936 0.060267
1170.000000 558.294067 194.397995 13.923828 32.317902 0.059692
1170.000000 586.419739 200.083588 12.017822 28.776306 0.050422
1200.000000 507.681946 188.303772 17.320435 41.008789 0.229736
1200.000000 452.192657 188.277100 11.744507 26.850830 0.206338
1200.000000 508.598328 118.466644 15.955322 36.215912 0.151294
1200.000000 499.632538 194.451508 11.838074 27.992279 0.107984
1200.000000 495.889160 197.379730 10.437378 24.355652 0.102559
1200.000000 486.606720 199.951279 9.370972 22.665588 0.074059
1230.000000 559.455383 192.196869 19.123901 44.536804 0.686548
1230.000000 572.428223 186.053314 16.277222 39.700256 0.558523
1230.000000 567.185120 182.193588 22.856323 59.319519 0.493994
1230.000000 508.899231 193.860382 17.341187 42.401764 0.283096
1230.000000 564.238403 192.435532 12.426636 30.626373 0.159843
1230.000000 569.953613 193.217148 14.029785 39.461517 0.128406
1230.000000 553.790466 194.370087 15.723633 37.513336 0.127247
1230.000000 512.742859 191.102020 12.459595 33.095306 0.123542
1230.000000 577.657349 191.290756 15.528442 37.397949 0.099309
1230.000000 539.242065 204.438660 13.893188 33.357941 0.097409
1230.000000 494.816223 198.395721 10.071045 28.173584 0.097331
1230.000000 507.887695 199.689987 10.995728 26.752808 0.079051
1230.000000 551.063232 193.553329 23.008789 56.359650 0.075195
1230.000000 534.383728 203.241013 20.785645 50.570953 0.057661
1230.000000 548.069580 196.458954 17.052734 36.598785 0.055465
1260.000000 510.065857 194.211136 15.827637 36.935242 0.692618
1260.000000 452.657288 193.226639 11.842346 27.563934 0.414883
1260.000000 336.370758 186.450928 16.178589 40.538330 0.307345
1260.000000 505.712952 203.369995 15.049438 32.245300 0.115823
1260.000000 345.826721 182.081726 12.683472 32.601166 0.077129
1260.000000 326.409180 193.900803 11.100647 25.078674 0.065678
1260.000000 341.114471 184.213974 15.352905 36.647430 0.062042
1260.000000 329.606903 194.526123 13.227539 28.723267 0.061848
1290.000000 447.502075 191.795715 17.726196 43.865845 0.498236
1290.000000 567.470459 206.815399 12.639648 30.586395 0.364799
1290.000000 509.165955 194.733231 18.449829 43.846710 0.282467
1290.000000 588.843323 206.532547 11.492676 28.152344 0.147779
1290.000000 511.991699 194.855988 12.988159 30.924347 0.127460
1290.000000 493.025024 187.744995 13.964172 34.772552 0.098042
1290.000000 334.796387 194.244385 11.049011 26.403992 0.065717
1320.000000 452.854309 192.818024 11.947998 26.202698 0.528314
1320.000000 516.902832 202.638077 11.239746 27.154938 0.283956
1320.000000 485.325653 178.780746 13.476135 32.949463 0.168894
1320.000000 505.014648 194.763000 18.147217 42.254822 0.122905
1320.000000 596.848572 174.250748 15.486206 37.680298 0.117216
1320.000000 482.553650 174.379089 20.843628 52.412842 0.053283
1320.000000 497.643799 176.080719 25.466980 61.316467 0.050853
1350.000000 519.152832 199.720459 12.447388 28.960876 0.479074
1350.000000 452.289032 191.246521 11.854248 26.580292 0.286745
1350.000000 513.114014 187.570465 18.090698 41.485596 0.151456
1350.000000 499.614594 196.249237 12.754059 28.054260 0.134850
1350.000000 502.269989 188.778687 21.760590 46.887543 0.124937
1350.000000 377.205902 213.037125 14.422668 33.564270 0.062748
1380.000000 0.000000 229.837982 37.490807 108.756409 0.237433
1380.000000 451.035950 190.749649 12.587952 27.962097 0.206610
1380.000000 523.754028 200.286682 11.469971 27.618622 0.157431
1380.000000 504.122528 199.443527 14.876312 34.832275 0.134296
1380.000000 496.620605 164.281677 30.041260 70.159790 0.092386
1380.000000 496.217438 196.835266 10.179077 24.887878 0.090583
1380.000000 397.339783 203.694351 10.400818 25.443909 0.078747
1380.000000 506.239471 190.050873 19.654633 43.193665 0.056255
1380.000000 471.381622 200.885666 9.816772 27.668945 0.055912
1380.000000 492.139984 198.485718 11.290283 25.666687 0.053029
1410.000000 527.083191 203.463303 10.558105 24.822906 0.459425
1410.000000 88.999306 198.977692 19.791687 47.358398 0.241419
1410.000000 504.198914 200.094284 14.946533 34.272095 0.219608
1410.000000 601.887146 140.327454 16.375488 38.707611 0.138467
1410.000000 494.012085 197.786163 10.511108 24.782257 0.064228
1440.000000 531.678772 201.121719 11.234863 26.917999 0.574496
1440.000000 451.621765 190.854935 11.326416 27.037292 0.361326
1440.000000 506.698181 189.523468 19.281738 43.172485 0.322265
1440.000000 504.651855 199.461838 14.920166 34.986359 0.235865
1440.000000 498.765869 195.926071 10.131592 25.453094 0.166558
1440.000000 511.967926 185.962753 14.109772 33.326569 0.098750
1440.000000 602.734314 139.754837 16.953735 38.145721 0.077972
1440.000000 524.406494 164.928314 23.844604 62.336853 0.071525
1470.000000 534.990540 202.062775 11.270142 25.770325 0.495211
1470.000000 504.030945 198.880112 15.019043 35.490936 0.301238
1470.000000 573.189026 193.154099 13.661865 33.463745 0.225097
1470.000000 451.579224 190.244980 11.553955 26.605713 0.189004
1470.000000 493.769592 196.993546 10.190796 25.176788 0.175718
1470.000000 486.654297 197.435516 11.402527 26.197906 0.158462
1470.000000 507.278503 189.068268 17.710938 41.692566 0.147060
1470.000000 499.960724 194.022797 10.646118 28.002686 0.088377
1470.000000 617.044006 149.530792 22.678345 86.828766 0.079389
1470.000000 558.134094 194.709412 13.128784 32.204254 0.072747
1470.000000 471.739655 200.518829 9.931702 27.664886 0.068331
1500.000000 538.855225 202.269409 10.781616 25.617004 0.539270
1500.000000 486.475372 198.346649 10.529907 24.760803 0.225442
1500.000000 503.212921 190.735779 20.382904 43.663055 0.159810
1500.000000 451.076263 191.068756 11.488464 26.542999 0.141952
1500.000000 616.923767 149.058487 22.920288 85.408722 0.111554
1500.000000 571.822937 197.316437 10.961060 27.624512 0.081581
1500.000000 510.199249 191.378159 12.950592 29.807770 0.076895
1500.000000 586.549866 195.726852 14.775146 33.755707 0.076723
1500.000000 498.356201 194.713135 10.596924 27.262329 0.073918
1500.000000 494.079865 196.827148 10.214905 25.524353 0.073568
1500.000000 471.407379 199.763107 10.925354 29.430389 0.054576
1530.000000 588.000610 174.929993 16.455811 37.134033 0.225507
1530.000000 617.405334 148.022751 22.247559 85.937469 0.199347
1530.000000 451.677887 188.841064 11.529602 28.673065 0.195936
1530.000000 498.930511 193.389450 11.830505 27.772919 0.135533
1530.000000 540.831970 196.997833 12.830200 30.008392 0.127908
1530.000000 496.554413 164.142319 31.539032 69.348053 0.106647
1530.000000 506.621857 116.398338 19.572601 45.103172 0.065046
1530.000000 489.535828 169.700317 15.095093 36.445068 0.063757
1530.000000 502.858582 188.763596 20.640259 44.208221 0.058287
1530.000000 619.069824 154.579910 16.706177 56.555267 0.053733
1560.000000 542.776855 200.656479 11.873657 26.828064 0.454957
1560.000000 509.091949 189.483429 15.293915 35.458710 0.243464
1560.000000 588.864990 200.349136 12.123291 29.410736 0.202886
1560.000000 487.514618 198.529755 9.797424 22.513275 0.179258
1560.000000 504.905548 199.683868 14.328949 33.494537 0.176367
1560.000000 334.221863 190.686813 10.903687 25.750854 0.167307
1560.000000 571.783691 202.754227 9.630127 23.787598 0.157812
1560.000000 604.093567 193.352203 13.493896 33.369141 0.110094
1560.000000 500.652435 193.141708 10.500854 27.765778 0.087939
1560.000000 495.533051 197.278000 10.598511 24.949341 0.087634
1560.000000 618.955750 147.728638 20.957153 87.825836 0.053990
1590.000000 452.257324 188.692383 12.034119 26.820404 0.345065
1590.000000 549.108704 200.231155 12.064331 27.871216 0.329326
1590.000000 66.782440 141.371216 16.920303 39.698822 0.254994
1590.000000 589.688538 201.929321 11.841431 29.849487 0.233385
1590.000000 365.879486 209.611420 14.723694 34.976807 0.220305
1590.000000 62.779465 139.657150 24.938980 58.884827 0.161023
1590.000000 504.157135 189.154373 19.482452 44.121399 0.159362
1590.000000 571.375122 201.204712 10.917236 25.369904 0.119983
1590.000000 486.024994 176.292725 12.543030 30.339386 0.102620
1590.000000 556.996216 194.612656 13.245117 32.087952 0.098371
1590.000000 498.599945 194.465179 11.484924 26.885437 0.096145
1590.000000 620.901917 149.573059 19.044067 80.903259 0.076136
1590.000000 338.501343 192.347137 9.835999 24.269012 0.062720
1590.000000 50.757423 137.664139 34.195541 74.292450 0.060016
1590.000000 47.759743 140.105469 21.236954 50.017822 0.059761
1620.000000 237.623032 147.299118 35.966324 79.828156 0.187000
1620.000000 221.476456 145.166870 54.894089 113.942993 0.050738
1650.000000 556.107727 195.967468 13.057129 32.898132 0.344625
1650.000000 452.273376 189.368210 12.074036 26.763245 0.324633
1650.000000 503.937988 188.921860 19.985840 43.779388 0.279456
1650.000000 485.401031 175.241180 13.653320 32.832367 0.269813
1650.000000 564.245422 201.390274 11.502075 29.319092 0.259219
1650.000000 457.567444 167.707916 19.620605 47.979187 0.253299
1650.000000 482.559601 168.689041 21.128052 52.503571 0.217367
1650.000000 509.595123 189.738907 13.584015 32.078308 0.181379
1650.000000 588.125977 201.018600 11.793335 28.349335 0.167500
1650.000000 570.867554 179.759109 19.850098 51.860931 0.134990
1650.000000 603.704651 194.299423 13.845459 32.271149 0.121268
1650.000000 569.242676 199.058167 10.575195 27.450134 0.119783
1650.000000 527.623169 164.491623 17.910645 41.057007 0.094235
1650.000000 574.207886 178.799500 13.803711 33.135437 0.083884
1650.000000 488.276978 195.817688 11.654114 26.406403 0.082062
1650.000000 497.697968 194.204559 11.731567 28.396606 0.055956
1680.000000 557.744812 194.874268 13.472534 35.174194 0.506443
1680.000000 458.070984 168.864624 19.302124 47.088226 0.344522
1680.000000 562.991028 202.241226 11.115601 28.247101 0.215607
1680.000000 452.512634 189.046509 11.016846 27.030579 0.210768
1680.000000 504.978302 199.576370 14.008575 33.908875 0.079644
1680.000000 602.854614 193.636658 13.852905 34.541504 0.068226
1680.000000 589.313721 199.754791 12.124878 28.565155 0.062844
1710.000000 570.194702 180.509064 20.365845 48.694824 0.407681
1710.000000 562.012146 198.631577 14.307617 33.569366 0.349205
1710.000000 452.213196 188.939987 11.552673 26.790009 0.296847
1710.000000 601.292236 193.556946 14.600586 35.119324 0.205336
1710.000000 458.666748 168.918945 18.411743 46.709869 0.152399
1710.000000 365.916443 209.054169 14.294617 34.546356 0.097768
1710.000000 574.306152 179.466309 13.426514 32.557007 0.097389
1710.000000 370.815338 210.015823 12.177429 29.247192 0.057524
1740.000000 566.925476 201.244919 12.497559 29.781952 0.412463
1740.000000 452.363678 188.511383 12.006348 27.564911 0.406067
1740.000000 604.117920 193.348251 13.631592 33.436066 0.182658
1740.000000 504.210388 187.358032 20.627563 45.533386 0.141727
1740.000000 486.447601 176.603867 12.225769 29.836792 0.107962
1740.000000 488.816925 162.035156 16.767090 42.376343 0.099757
1740.000000 612.642029 201.954529 12.569458 29.261383 0.098618
1740.000000 497.825287 164.187576 29.932648 69.967957 0.071125
1740.000000 90.352715 198.098526 15.147415 36.025909 0.068447
1740.000000 529.217834 161.771133 13.462036 32.235992 0.065109
1770.000000 572.584351 199.954254 11.515869 30.283203 0.648882
1770.000000 457.993866 168.420837 19.591370 47.378723 0.500994
1770.000000 451.664093 188.671570 12.735596 27.547424 0.353913
1770.000000 485.259644 176.104767 13.485229 31.777496 0.252317
1770.000000 568.437256 175.085480 21.496704 55.898224 0.163953
1770.000000 488.588928 171.550278 15.646790 36.401367 0.153582
1770.000000 556.327576 193.708771 12.871216 31.687469 0.141971
1770.000000 497.066803 162.600021 30.403107 71.538239 0.083459
1770.000000 461.852325 169.255447 13.406860 32.417114 0.075082
1770.000000 572.324341 176.571472 15.079956 36.624359 0.072637
1800.000000 453.273865 189.154099 11.616089 26.539062 0.394030
1800.000000 578.715881 203.161148 11.137207 28.597717 0.229282
1800.000000 504.054993 189.046997 19.878052 43.710785 0.127954
1800.000000 459.105103 169.386871 18.007080 45.569672 0.094918
1800.000000 498.976257 192.204941 11.917297 28.456635 0.089191
1800.000000 558.216248 194.728668 11.694946 30.293518 0.060665
1800.000000 497.108490 171.441406 25.477753 62.713654 0.058167
1800.000000 365.299744 209.347992 14.664795 35.362701 0.054364
1800.000000 343.647491 191.006790 11.250183 25.294464 0.051521
1800.000000 570.486877 180.542877 18.155029 44.758972 0.050291
1830.000000 485.539093 176.799835 13.344543 31.874939 0.495474
1830.000000 451.817383 189.269424 12.588928 27.129547 0.312037
1830.000000 579.932678 200.717484 12.067139 30.265808 0.276281
1830.000000 504.147278 188.787674 20.532227 44.020386 0.134978
1830.000000 497.990540 159.927704 29.571289 73.525269 0.125988
1830.000000 458.701355 168.691467 18.543518 46.282501 0.125832
1830.000000 483.235535 172.191422 18.863159 49.403503 0.098595
1830.000000 601.823792 192.134064 14.459595 37.218262 0.064562
1830.000000 599.349487 192.116882 10.566406 28.801697 0.058442
1830.000000 447.457642 188.471298 11.593018 27.420990 0.057841
1830.000000 565.451477 205.590576 11.632690 28.427032 0.050152
