30.000000 581.869507 168.866486 15.093750 36.703705 0.098500
30.000000 586.496948 17.418770 15.512573 35.893791 0.084071
30.000000 606.000488 172.218079 11.005127 27.394958 0.073144
30.000000 593.246582 177.110245 19.867798 46.015503 0.069295
30.000000 409.238556 204.494461 14.370117 36.572479 0.060594
30.000000 589.330627 180.818039 12.328003 28.105377 0.058248
30.000000 507.953186 181.156006 14.629150 34.164154 0.051516
60.000000 5.398685 157.982788 33.262753 80.525787 0.563527
60.000000 409.730896 198.743591 17.476562 40.834930 0.460899
60.000000 522.543091 207.500336 18.010132 42.484161 0.455067
60.000000 492.111664 213.065002 22.149994 51.146179 0.370285
60.000000 579.520874 205.835938 24.432495 60.418488 0.333742
60.000000 457.762360 210.652283 16.696228 39.671417 0.197992
60.000000 595.232239 221.926697 20.386108 48.284698 0.118052
60.000000 14.184381 160.229584 23.413473 53.364960 0.114174
60.000000 508.236481 214.914841 16.447296 38.379211 0.101177
60.000000 75.251686 156.856781 13.421982 33.111725 0.091342
60.000000 39.450684 168.685730 15.377243 36.417908 0.090181
60.000000 513.972900 204.860046 23.674683 54.723145 0.073296
60.000000 484.525024 202.057587 15.304688 37.560272 0.070526
60.000000 561.924744 205.498734 20.432861 58.576126 0.055467
90.000000 591.154236 179.896210 22.659790 56.011292 0.429639
90.000000 413.647430 197.097275 13.897583 34.398163 0.372045
90.000000 595.051331 181.865921 15.472900 34.207428 0.169172
90.000000 614.197632 177.556381 15.861572 38.628357 0.163184
90.000000 485.475098 177.054794 23.052185 55.422729 0.150918
90.000000 577.252625 184.334229 13.172974 29.289978 0.124638
90.000000 8.216728 160.588333 20.175014 47.317719 0.102797
90.000000 66.734108 161.378265 13.606354 31.775757 0.102168
90.000000 573.131592 179.451782 13.480469 31.918365 0.099266
90.000000 556.582703 191.578918 12.495850 27.251099 0.087704
90.000000 409.706085 197.583130 21.153809 54.622284 0.084511
90.000000 2.814572 160.039368 27.216335 71.626587 0.069062
90.000000 592.347778 183.339539 13.180664 27.578766 0.061463
90.000000 571.233521 182.399475 18.636963 44.211029 0.061157
90.000000 521.828369 188.392090 14.727173 32.670227 0.060040
90.000000 517.703369 191.077911 26.674561 72.519257 0.057969
90.000000 562.272583 186.241470 13.651245 29.135132 0.057143
90.000000 612.512085 171.612305 24.223389 54.456818 0.052438
90.000000 418.041534 200.559082 12.601074 29.918793 0.051307
90.000000 483.544159 178.050873 31.459198 83.108917 0.050514
90.000000 414.428406 205.038498 23.775269 57.021866 0.050116
120.000000 8.947657 162.890961 22.433037 52.401367 0.747239
120.000000 588.813843 187.271332 14.720947 34.385712 0.225535
120.000000 454.500336 205.083344 19.066956 46.866333 0.127500
120.000000 12.964120 164.410385 15.698802 36.762146 0.103294
120.000000 70.957817 170.412186 14.225464 32.293457 0.084909
120.000000 86.290970 197.179596 12.441467 31.410248 0.075290
120.000000 451.325348 204.489471 27.095764 71.146790 0.068827
120.000000 579.832703 184.724182 12.828857 29.074707 0.068474
120.000000 195.629120 194.156677 10.547485 25.664490 0.066624
120.000000 25.749825 167.365799 13.139877 28.445068 0.065963
120.000000 100.905350 214.855652 13.851028 33.460785 0.062850
120.000000 605.250793 183.245453 13.339478 33.003967 0.059489
120.000000 579.124390 128.247253 18.380615 41.514099 0.057027
120.000000 459.287659 205.784225 12.739685 31.094818 0.052852
150.000000 532.560181 199.580032 12.363159 31.455902 0.217880
150.000000 6.951596 154.063187 15.418352 37.493530 0.203971
150.000000 528.345520 206.305481 12.937622 35.916901 0.173030
150.000000 2.986737 155.624985 21.838257 51.774933 0.171119
150.000000 609.622742 185.015533 17.421875 41.566833 0.155286
150.000000 510.125488 217.258331 15.001831 36.458954 0.126541
150.000000 458.416962 196.971863 14.371460 35.141876 0.113519
150.000000 533.175598 200.222992 16.863281 42.823181 0.089961
150.000000 77.861671 207.982910 12.836670 31.943481 0.072057
150.000000 444.052826 204.554398 18.485718 43.583801 0.071475
150.000000 599.359253 181.018402 19.518677 43.719971 0.070592
150.000000 604.255615 179.946014 13.299561 29.566986 0.058391
150.000000 525.867615 199.111572 23.328979 57.739197 0.057909
150.000000 520.197632 212.003662 17.315308 42.066803 0.056044
180.000000 493.784546 170.053574 18.427124 44.903412 0.341442
180.000000 483.851135 180.446381 17.725708 39.894196 0.231919
180.000000 482.710510 178.117722 26.004211 60.950226 0.170376
180.000000 616.939209 178.634354 14.657471 33.540283 0.154364
180.000000 603.686707 184.656570 14.214966 32.478241 0.151183
180.000000 18.835508 193.135773 13.200151 29.388245 0.149123
180.000000 187.117493 138.986893 14.758667 35.083527 0.140963
180.000000 611.710327 182.448532 16.475220 41.560883 0.134458
180.000000 581.734741 201.090988 14.693481 34.333710 0.131148
180.000000 481.598938 181.393539 13.645081 30.767578 0.082703
180.000000 610.947327 177.127258 22.735474 63.004883 0.082478
180.000000 597.152283 186.870712 24.111938 59.534210 0.079998
180.000000 200.350708 146.063766 14.170807 35.256744 0.068709
180.000000 0.000000 152.499741 21.999702 72.175995 0.058572
180.000000 493.874481 176.506546 24.051178 58.840393 0.052601
210.000000 552.668213 151.269882 23.576294 64.840179 0.586280
210.000000 510.521973 64.310959 16.422607 38.281616 0.165521
210.000000 533.221680 183.645828 14.704468 35.755341 0.148904
210.000000 93.652847 191.473343 11.819244 29.034637 0.148147
210.000000 399.681030 185.787094 15.452515 35.760712 0.053130
210.000000 545.639893 192.706696 18.400391 42.168945 0.050030
240.000000 577.408752 187.886139 19.682495 46.169373 0.451283
240.000000 592.111694 182.992432 26.166016 63.023407 0.277604
240.000000 485.822815 174.470978 28.321838 70.981506 0.194162
240.000000 596.076660 184.202911 18.307495 44.307922 0.180776
240.000000 546.980774 197.940292 18.027954 43.083008 0.170474
240.000000 576.574463 189.734741 14.784790 33.065857 0.149389
240.000000 601.421143 190.748642 18.812134 41.690399 0.144047
240.000000 571.973083 188.088608 29.443848 68.994919 0.111971
240.000000 463.493805 177.387115 17.075623 38.875000 0.111847
240.000000 192.174042 138.291000 14.645905 33.773712 0.111313
240.000000 22.468487 203.436630 12.095158 28.030151 0.108077
240.000000 583.528320 190.091797 17.412842 37.673126 0.102075
240.000000 213.803223 136.267181 17.221161 41.824799 0.094910
240.000000 437.748718 183.360519 14.124390 34.943695 0.089252
240.000000 549.298035 195.451416 12.245850 30.922211 0.083306
240.000000 5.936460 195.970078 15.948870 36.884216 0.077939
240.000000 425.428192 167.401535 22.300964 59.637787 0.076433
240.000000 0.000000 199.853287 8.339420 34.473083 0.069901
240.000000 595.514038 190.096649 30.615356 72.416168 0.067489
240.000000 477.476685 181.693161 17.919861 42.643738 0.056291
240.000000 441.998779 186.181564 17.747925 44.278412 0.054294
240.000000 11.013658 202.920074 12.860869 29.597748 0.052807
270.000000 572.312073 154.854752 19.977783 47.442657 0.305359
270.000000 497.069733 157.962769 17.692230 43.317078 0.180661
270.000000 567.020630 153.617249 28.769897 66.336914 0.157400
270.000000 541.319397 169.501190 15.919067 38.301300 0.117631
270.000000 548.001038 176.115173 13.224976 30.801514 0.114043
270.000000 587.210266 147.095001 20.875244 50.063019 0.110167
270.000000 510.652130 170.690384 13.238434 30.467896 0.074092
270.000000 60.394989 189.001694 12.480896 27.731262 0.066589
270.000000 562.033936 150.236053 25.405396 53.473999 0.066225
270.000000 488.876709 150.884781 24.073975 61.814667 0.065516
270.000000 546.314697 169.706238 29.071289 64.274078 0.064803
270.000000 573.503601 152.179565 14.493774 30.292938 0.061873
270.000000 564.109680 153.231537 13.299438 28.385101 0.053774
300.000000 386.649963 186.649887 15.484436 36.851074 0.140255
300.000000 506.021454 158.225769 18.859467 45.349762 0.099572
300.000000 502.861694 158.813354 29.651001 72.449921 0.083139
300.000000 372.084229 178.268524 19.698059 43.747375 0.068593
330.000000 18.045334 186.690567 13.752972 34.012756 0.123411
330.000000 562.742310 202.986237 12.375732 28.104431 0.077597
330.000000 22.243128 194.238281 11.847670 28.530548 0.077274
330.000000 13.542077 187.195297 13.991351 35.175446 0.070024
330.000000 451.928314 189.684952 15.306580 35.161316 0.055046
360.000000 120.488449 93.428352 28.918030 72.555016 0.400757
360.000000 7.350470 190.467529 14.046654 33.530670 0.389508
360.000000 158.403702 104.103882 18.169952 43.482529 0.227306
360.000000 476.393280 166.163925 12.525208 29.172028 0.191116
360.000000 1.536236 183.532059 15.056110 36.734192 0.141612
360.000000 39.866776 185.607895 13.667969 31.826843 0.138118
360.000000 473.984528 166.795898 17.534668 46.855255 0.136875
360.000000 152.060516 106.154556 17.535339 41.213608 0.133143
360.000000 11.407867 180.540787 13.870792 31.961945 0.122003
360.000000 316.254669 178.749146 12.947449 30.050537 0.092194
360.000000 150.833862 104.491318 24.410278 59.443420 0.081359
360.000000 31.616177 188.216034 11.831848 30.353424 0.075773
360.000000 419.314026 171.012115 10.989868 27.797913 0.064740
360.000000 186.193741 108.353951 19.402710 41.504723 0.064414
360.000000 125.490456 92.412964 20.152672 49.860275 0.054251
360.000000 170.493088 98.684830 22.142303 58.861359 0.052565
360.000000 0.107724 173.209671 11.462046 49.254059 0.052256
390.000000 575.943237 146.709198 14.698364 35.496826 0.667509
390.000000 547.903809 151.579636 15.272217 35.531281 0.223465
390.000000 541.557800 149.094757 14.969238 35.469940 0.155089
390.000000 466.763458 108.187614 15.959229 36.372047 0.149776
390.000000 78.053978 177.354584 15.891022 39.372925 0.101188
390.000000 534.460693 147.100220 22.623047 52.121765 0.074117
390.000000 333.332031 171.450577 14.124756 32.670563 0.073974
420.000000 568.757141 132.644928 12.190674 30.156525 0.397851
420.000000 30.224024 189.922424 12.736464 29.296997 0.269910
420.000000 592.740967 126.051590 25.820190 68.253967 0.198611
420.000000 596.078369 127.872589 17.513916 41.304047 0.164577
420.000000 46.634285 181.168488 12.345360 29.314514 0.099358
420.000000 556.476562 133.860138 12.235962 31.846954 0.094637
420.000000 613.683167 131.043137 10.361694 21.922058 0.073338
420.000000 313.989960 120.806534 16.971069 39.151855 0.068926
420.000000 563.981506 133.380661 13.428101 30.604523 0.062170
420.000000 605.916199 132.136551 23.689575 64.183777 0.061370
420.000000 38.214050 187.784744 13.428558 30.942352 0.060691
450.000000 573.706848 218.083282 21.554321 47.826202 0.131809
450.000000 455.514801 146.329666 21.329773 53.138245 0.123715
450.000000 161.532654 148.121826 17.775543 44.392883 0.123100
450.000000 369.046753 114.378616 15.945618 37.444244 0.071169
450.000000 401.816986 169.148712 15.485352 37.384186 0.058676
450.000000 276.695282 106.490807 19.021545 43.235542 0.055263
450.000000 407.829437 155.384216 15.741272 36.432983 0.052873
480.000000 432.074707 160.849762 19.108093 48.645142 0.216625
480.000000 56.740410 184.766953 12.675224 30.134644 0.152822
480.000000 503.808990 114.538841 12.511383 30.823250 0.078117
480.000000 565.282959 118.654327 14.919922 36.007416 0.076859
480.000000 10.237125 181.845779 10.467522 26.977295 0.068062
480.000000 256.712250 159.594543 10.698364 27.823792 0.057416
480.000000 543.154846 121.721947 16.145020 39.603600 0.051080
510.000000 499.432037 178.273972 16.782745 39.845947 0.798670
510.000000 36.682457 188.493866 11.555077 28.007446 0.239885
510.000000 13.355251 191.520004 12.865177 22.039795 0.118388
510.000000 494.659546 177.096710 16.508423 35.995117 0.104277
510.000000 129.274246 124.404228 18.053711 43.364510 0.088386
510.000000 491.303711 174.997116 24.751709 61.216766 0.086236
510.000000 488.158356 168.470856 18.702454 44.311798 0.063922
510.000000 492.474060 167.782333 12.122498 27.911255 0.059102
510.000000 389.255280 175.594040 13.732544 32.531494 0.055688
510.000000 562.005798 161.035049 12.561279 30.617310 0.053621
540.000000 551.249207 157.522858 16.626465 39.804810 0.301053
540.000000 453.159576 152.841446 14.326843 34.127869 0.278441
540.000000 526.720337 165.799927 20.675659 50.552002 0.256282
540.000000 565.754517 158.502029 12.010742 28.324432 0.246208
540.000000 45.782452 156.490494 17.813889 40.393616 0.157437
540.000000 538.907959 142.787018 12.558105 30.119720 0.154577
540.000000 564.701050 152.028473 18.214600 45.386322 0.139651
540.000000 447.776062 150.255432 21.102112 53.140900 0.134530
540.000000 532.030334 162.456512 11.368286 27.643982 0.118795
540.000000 533.570984 143.081024 22.734741 51.986877 0.088264
540.000000 500.110748 166.343918 25.630341 66.921570 0.081013
540.000000 542.777710 156.007278 24.217407 52.931213 0.080319
540.000000 458.839722 153.653152 11.221130 30.243347 0.076905
540.000000 1.118774 134.103882 15.138281 46.192688 0.074471
540.000000 527.935608 160.686600 11.642822 29.760376 0.064629
540.000000 401.770355 173.307175 16.783875 40.975555 0.053265
540.000000 556.674377 149.723541 25.313843 61.775635 0.050539
570.000000 374.350464 142.447937 27.101990 63.694977 0.308657
570.000000 289.057861 82.276093 21.300293 51.734055 0.261974
570.000000 7.525173 169.652344 15.546463 35.754669 0.184212
570.000000 582.686584 133.694992 14.784424 28.875824 0.183476
570.000000 569.367188 154.406616 13.627930 30.471405 0.146447
570.000000 567.017395 154.157928 20.250122 44.297272 0.144842
570.000000 580.881226 119.827332 25.432373 64.889465 0.102598
570.000000 491.573853 149.705917 16.504944 39.145111 0.088301
570.000000 129.923630 158.235016 12.524750 31.449921 0.079281
570.000000 488.356842 151.582993 21.981934 55.539764 0.064403
570.000000 561.710022 154.018250 30.029419 59.755341 0.064048
570.000000 397.817657 193.110550 14.782593 33.126251 0.061870
570.000000 446.790680 105.904488 15.875671 35.092781 0.055658
570.000000 378.578674 143.237854 15.130371 34.387787 0.054783
570.000000 277.580902 90.188324 16.326416 39.628799 0.054453
570.000000 547.896057 151.379364 42.085205 90.565552 0.053759
570.000000 99.427025 171.335297 13.964554 33.008087 0.050532
570.000000 589.039429 117.914703 32.390625 78.936249 0.050134
600.000000 449.340271 193.921768 17.842468 42.233093 0.207302
600.000000 540.059204 154.360382 12.482910 30.166473 0.188400
600.000000 573.846375 114.550217 29.389160 76.775085 0.185269
600.000000 517.225586 156.968582 14.572876 36.517395 0.136170
600.000000 500.991241 148.132965 23.306122 52.065247 0.106776
600.000000 409.298492 177.730026 12.595764 27.240021 0.105793
600.000000 600.831787 176.087982 18.230713 40.751526 0.096469
600.000000 500.954468 152.011871 13.818237 36.194366 0.092923
600.000000 512.766113 146.562164 21.017700 57.165833 0.090307
600.000000 607.283203 177.126846 13.205444 30.499481 0.083075
600.000000 439.793915 203.521698 12.796326 29.345276 0.077878
600.000000 509.337616 165.644180 12.823822 29.533722 0.077359
630.000000 508.018890 185.000061 16.895660 42.307861 0.415803
630.000000 241.992340 145.562225 15.311035 40.567078 0.175799
630.000000 251.962006 147.785416 14.805176 38.309906 0.151002
630.000000 295.042511 68.310699 16.689941 39.152893 0.100612
630.000000 502.400665 169.527237 15.664215 38.969238 0.097243
630.000000 449.498108 175.068344 12.661743 30.338959 0.093452
630.000000 594.540771 146.106949 12.296997 29.042389 0.066732
630.000000 296.593719 87.589989 19.676331 43.924400 0.059088
660.000000 546.898315 120.382309 34.362427 99.196350 0.464862
660.000000 448.909851 137.901611 16.965149 40.286133 0.369346
660.000000 254.918808 173.764664 12.167313 31.023102 0.257671
660.000000 445.190186 135.502106 23.810181 59.465820 0.142523
660.000000 547.942505 155.219482 24.722900 61.995728 0.106361
660.000000 460.066254 147.072418 13.860840 33.570770 0.093864
660.000000 465.953125 141.845978 19.206909 45.598236 0.068396
660.000000 45.094849 196.448105 11.436417 25.647064 0.067418
660.000000 34.012653 193.474976 10.809425 26.015869 0.062818
660.000000 0.000000 181.160736 8.703590 40.318848 0.051998
660.000000 460.530518 140.449387 28.280396 63.012115 0.051066
690.000000 239.133469 150.526764 24.913559 66.513092 0.567639
690.000000 231.335770 159.101059 23.353546 55.381073 0.153355
690.000000 12.787710 169.441177 14.317375 34.734741 0.136546
690.000000 242.221176 151.364716 18.222916 44.020081 0.133218
690.000000 462.397095 184.055588 11.034607 24.586639 0.094799
690.000000 434.373962 184.090225 11.153259 27.282318 0.092797
690.000000 3.542778 178.009277 14.062784 34.702118 0.081565
690.000000 323.302002 172.943680 12.076477 29.717316 0.076638
690.000000 437.596375 171.484360 10.790100 28.444427 0.061300
690.000000 42.882492 176.788330 11.445877 26.410797 0.051475
720.000000 590.938782 169.682022 19.763672 50.298615 0.572821
720.000000 458.986511 170.079926 18.695923 47.027802 0.570482
720.000000 601.194214 174.854858 15.687866 36.555267 0.296828
720.000000 588.227722 166.485596 16.886719 40.517792 0.289556
720.000000 496.140442 170.629852 12.499939 30.849365 0.244275
720.000000 559.681274 161.676758 16.991699 41.314545 0.238745
720.000000 548.419922 184.434280 12.832153 30.130890 0.213575
720.000000 579.088440 160.169495 21.479736 58.363495 0.176009
720.000000 596.556885 176.194962 14.125122 33.892120 0.174715
720.000000 549.106201 173.106430 17.591919 42.847656 0.133576
720.000000 576.237854 163.004807 16.640381 41.013580 0.114304
720.000000 552.560791 164.794373 20.293457 49.682678 0.095974
720.000000 491.533264 171.936783 13.545349 31.041870 0.093963
720.000000 584.515747 167.019150 14.075195 35.829163 0.092691
720.000000 504.919189 174.610779 18.738037 43.695496 0.079490
720.000000 569.323181 160.044418 14.394165 35.935883 0.069674
750.000000 606.118347 163.358871 21.657959 51.496460 0.212164
750.000000 32.254364 186.917587 10.439049 23.980865 0.147693
750.000000 610.693848 162.242172 12.998901 31.788269 0.101672
750.000000 46.867527 182.786011 11.829521 27.938232 0.084175
750.000000 479.307831 181.990509 13.539429 32.361816 0.072139
780.000000 438.709747 168.822601 12.219604 30.090088 0.254326
780.000000 412.004517 170.041260 12.708679 29.345764 0.228449
780.000000 12.505575 185.011124 12.386276 28.720978 0.170601
780.000000 31.988659 187.751999 11.270287 26.120667 0.138604
780.000000 518.415955 172.684052 14.421387 39.408539 0.137259
780.000000 442.944672 170.729172 11.861450 27.873688 0.092693
780.000000 509.796326 179.849228 13.253296 32.486176 0.090328
780.000000 472.279022 173.992706 10.328979 24.928894 0.087836
780.000000 479.278839 169.311935 11.663025 30.173828 0.087350
780.000000 397.953400 186.799301 10.401062 28.123566 0.076562
780.000000 431.004425 174.426559 12.194153 25.951691 0.066055
780.000000 405.154694 170.607498 12.239075 29.884613 0.064709
780.000000 530.428223 165.555893 19.309570 46.725006 0.058825
780.000000 549.124573 162.871292 14.129028 32.955627 0.051417
810.000000 404.955231 167.183548 14.743408 35.396790 0.557887
810.000000 493.309143 169.303024 13.216492 33.826599 0.398085
810.000000 603.885559 176.574997 16.541504 39.146942 0.342887
810.000000 479.764404 175.853745 10.955750 26.265228 0.284180
810.000000 542.023254 181.504669 12.867798 31.802277 0.184414
810.000000 446.613281 171.064240 11.981384 30.436890 0.170208
810.000000 435.463257 177.018219 10.598572 24.961823 0.169363
810.000000 609.921997 177.405014 15.904419 37.959991 0.122507
810.000000 591.628784 178.346924 14.427490 37.263031 0.107448
810.000000 485.459015 172.226486 12.295654 29.989258 0.106755
810.000000 474.543335 177.150452 11.129761 24.561127 0.088094
810.000000 546.769897 180.341370 13.663940 33.405457 0.083692
810.000000 450.819183 178.667648 9.923401 24.332886 0.077093
810.000000 541.795105 162.701523 15.676636 37.242279 0.073609
810.000000 602.988037 175.269760 12.002563 32.002167 0.066823
810.000000 497.135834 169.939117 14.683472 33.244019 0.056436
810.000000 45.331009 191.424835 10.036636 22.147095 0.051833
810.000000 419.131836 161.297577 16.346497 40.258453 0.050327
840.000000 524.469360 169.879242 15.482910 37.746185 0.788785
840.000000 398.308929 192.106781 11.333313 25.656952 0.363338
840.000000 53.412754 178.122482 11.771328 28.207031 0.248723
840.000000 591.714050 179.034607 13.847290 34.843445 0.207773
840.000000 439.809357 179.802444 12.377380 27.388733 0.201737
840.000000 332.367340 183.783691 11.249512 25.931366 0.192493
840.000000 43.451939 178.098389 12.260124 28.053436 0.183658
840.000000 606.618713 180.958878 16.518799 38.096375 0.141560
840.000000 556.354980 176.227768 11.782837 27.618652 0.131750
840.000000 596.879578 173.630920 13.464966 30.480469 0.112783
840.000000 607.457886 168.699265 14.187256 32.767212 0.104988
840.000000 208.679337 177.050095 13.024292 28.640625 0.088892
840.000000 465.494202 168.797180 15.696106 38.380829 0.088665
840.000000 603.541748 182.350861 13.255127 29.230011 0.078992
840.000000 111.235641 175.764526 11.919510 24.964020 0.073029
840.000000 540.836914 152.269928 13.895142 34.158569 0.069906
840.000000 424.534210 167.216629 15.000183 37.848175 0.065841
840.000000 626.889465 166.519104 13.051392 43.649475 0.056906
870.000000 559.543701 166.839523 16.597046 36.402008 0.553539
870.000000 547.724854 177.079056 11.807495 28.556946 0.457520
870.000000 460.561371 161.181992 16.522156 42.075256 0.375449
870.000000 196.411697 175.506592 12.912628 31.194885 0.299270
870.000000 139.062881 171.596466 14.030731 34.142731 0.270974
870.000000 1.462317 146.285721 28.057018 70.039764 0.200489
870.000000 13.032287 160.648880 23.463490 55.500671 0.187164
870.000000 4.797924 162.908081 19.350876 49.047791 0.166040
870.000000 607.900879 167.054825 13.295288 31.663300 0.165948
870.000000 18.990902 162.554276 15.690693 36.310883 0.157103
870.000000 523.952393 172.586334 13.363281 30.259399 0.151295
870.000000 206.037567 169.312485 11.521210 26.966675 0.108096
870.000000 335.819061 172.304184 15.497681 37.213654 0.104840
870.000000 66.774803 165.626221 13.810867 32.701172 0.093918
870.000000 485.311432 169.691132 13.934998 34.186462 0.093346
870.000000 182.578766 167.688461 12.831451 30.678680 0.088543
870.000000 552.815735 160.496704 14.802612 34.131531 0.086459
870.000000 11.602554 178.333801 15.453224 37.595520 0.074581
870.000000 558.083496 162.392883 12.897339 34.113159 0.069718
870.000000 302.258667 160.865479 10.783020 25.639465 0.068939
870.000000 544.101501 176.715027 10.000366 24.795105 0.066399
870.000000 105.428375 157.654221 12.294250 28.418274 0.062609
870.000000 580.634155 164.603836 15.008179 36.380066 0.057707
870.000000 538.910889 176.580276 10.012207 24.275604 0.057186
870.000000 471.677856 161.857346 12.738831 29.870636 0.052153
900.000000 175.067673 176.948547 14.591400 33.523010 0.392682
900.000000 77.701523 191.744553 11.376602 24.699066 0.311788
900.000000 586.198547 151.875458 17.196655 47.943939 0.237151
900.000000 598.834961 167.893005 13.873413 34.739777 0.173540
900.000000 196.878952 165.604950 11.174988 24.091064 0.171473
900.000000 206.124023 181.916214 12.147034 29.681213 0.078004
900.000000 412.913666 172.173325 13.904114 32.525757 0.069176
900.000000 448.613068 177.009628 11.976990 29.216187 0.062376
930.000000 523.858765 170.792267 17.056152 39.527466 0.470589
930.000000 476.267883 181.203827 11.330383 28.110413 0.170784
930.000000 524.400757 167.323837 12.396484 31.955566 0.139519
930.000000 618.725403 167.513062 13.106445 30.331635 0.118298
930.000000 497.823456 166.525314 16.128998 38.667542 0.069298
930.000000 609.198608 167.770920 11.063721 28.116211 0.058597
960.000000 324.525360 173.676727 11.490540 29.940857 0.704340
960.000000 10.160536 191.442490 15.162006 30.401154 0.265768
960.000000 21.634262 191.792496 11.674969 29.249908 0.220720
960.000000 463.787079 171.606384 12.291199 30.237793 0.203691
960.000000 101.607368 187.695511 11.914246 30.212830 0.145554
960.000000 0.245317 165.820068 18.658005 75.327484 0.100823
960.000000 487.301514 172.345566 11.258484 27.868988 0.089714
960.000000 571.736023 164.040787 15.209229 39.692871 0.072170
960.000000 594.480103 165.444275 13.351318 27.843933 0.059023
960.000000 110.984100 168.703857 13.495636 31.248138 0.051194
990.000000 575.426697 151.794525 15.680176 40.059937 0.181550
990.000000 332.505035 166.328827 14.165222 36.267731 0.103807
990.000000 0.028291 189.765808 10.337186 38.578888 0.081202
990.000000 12.445393 193.430786 11.798363 29.873932 0.064737
1020.000000 602.342285 157.321777 15.272217 33.309509 0.165923
1020.000000 607.692749 146.849396 15.401733 39.818451 0.126095
1020.000000 17.895737 182.528152 17.097958 39.954895 0.104891
1020.000000 108.247238 202.730820 13.968018 34.404266 0.103071
1020.000000 479.014923 152.955872 19.269714 45.412201 0.096931
1020.000000 83.321983 165.941589 14.856171 34.729523 0.087765
1020.000000 204.335083 195.224731 13.031586 32.744293 0.070000
1020.000000 33.191769 184.167618 17.335388 43.765137 0.066815
1020.000000 339.455566 159.141113 18.077698 43.802094 0.058802
1020.000000 446.537292 169.860931 12.170898 30.600372 0.056645
1020.000000 548.813660 161.282700 10.386841 27.144897 0.052818
1020.000000 571.067566 156.028717 13.970093 30.475677 0.050041
1050.000000 248.656021 162.451477 16.100143 37.207245 0.169043
1050.000000 620.946167 125.542473 12.655640 32.367928 0.063717
1080.000000 235.522095 174.876984 15.294312 34.329193 0.544207
1080.000000 151.259048 168.521973 17.201813 40.297943 0.415271
1080.000000 220.463394 176.627472 12.254364 30.370911 0.208852
1080.000000 249.734421 170.589920 15.899918 36.703094 0.195623
1080.000000 147.024063 157.174438 23.113007 63.586121 0.182079
1080.000000 231.800720 174.052475 21.422424 53.525452 0.166690
1080.000000 244.909912 168.995453 23.550781 56.524231 0.102435
1080.000000 506.649292 163.477905 14.712646 35.718536 0.100259
1080.000000 166.348404 170.606140 12.213562 29.338776 0.099759
1080.000000 481.583679 162.032181 14.112000 35.481232 0.091283
1080.000000 147.150009 159.395782 17.315033 42.332153 0.078279
1080.000000 572.185730 160.216339 14.876587 35.303284 0.075650
1080.000000 211.444229 163.219009 10.661743 24.616882 0.072802
1080.000000 457.055481 169.653748 13.554688 33.857880 0.072005
1080.000000 199.053940 165.303711 9.746124 21.976257 0.066965
1080.000000 138.406311 157.431412 16.258118 40.858185 0.063655
1080.000000 411.526459 164.327194 12.968323 33.766907 0.062344
1080.000000 496.957184 155.817688 14.210266 34.310760 0.054544
1110.000000 250.424515 167.911331 17.298752 39.982239 0.511161
1110.000000 515.141724 162.439606 13.338623 34.329926 0.379545
1110.000000 522.962158 166.100281 15.804321 39.242981 0.274126
1110.000000 276.201996 134.826523 16.313538 40.394897 0.254204
1110.000000 502.381348 153.248871 16.880798 42.600433 0.254154
1110.000000 149.901352 167.405441 13.007751 31.828857 0.251048
1110.000000 531.641846 161.691559 15.094360 37.964447 0.238601
1110.000000 246.125809 166.318726 24.954514 64.660034 0.227583
1110.000000 308.849121 153.700989 15.766418 35.403259 0.219865
1110.000000 582.247742 160.256485 12.945923 30.389709 0.215723
1110.000000 100.561630 171.586609 15.475449 38.135345 0.127707
1110.000000 198.212372 163.938934 11.216522 25.934875 0.123234
1110.000000 133.617142 166.657364 14.298798 33.717285 0.100090
1110.000000 168.982925 169.715469 10.601105 27.713898 0.079353
1110.000000 80.485291 132.108307 20.747269 48.388000 0.076651
1110.000000 566.068054 148.682190 15.750000 35.592987 0.060260
1110.000000 128.998764 164.793991 14.581848 33.579590 0.057812
1110.000000 96.983475 154.800262 15.767487 40.409454 0.056435
1110.000000 270.039124 135.488541 17.637817 41.240082 0.056397
1110.000000 527.636414 165.197296 13.814087 31.145660 0.054633
1110.000000 512.524963 162.683334 22.069824 44.612946 0.054595
1110.000000 157.696381 168.464691 12.120178 30.561676 0.050233
1140.000000 52.446957 151.389755 13.816563 33.928406 0.444298
1140.000000 12.112242 105.800545 16.215935 38.877373 0.386127
1140.000000 515.469788 165.072632 15.699341 38.584351 0.194987
1140.000000 68.680237 149.663574 14.816544 35.808380 0.157145
1140.000000 534.321106 162.683792 12.912720 28.834351 0.142507
1140.000000 582.254700 152.555923 18.230469 44.572266 0.118023
1140.000000 85.877296 158.652222 22.827698 57.632050 0.096888
1140.000000 291.806488 148.562973 26.049438 64.869110 0.091914
1140.000000 63.773464 149.235214 21.844433 57.391327 0.090169
1140.000000 48.540195 150.978790 22.229824 52.984894 0.090147
1140.000000 64.712334 150.642334 12.797134 32.729797 0.071996
1140.000000 139.476242 170.832504 17.298523 40.049316 0.071567
1140.000000 117.386948 166.057281 13.881653 34.128998 0.071293
1140.000000 208.907715 165.122070 14.623474 33.954803 0.063332
1140.000000 249.709503 167.932465 14.445312 32.982758 0.063305
1140.000000 124.850311 165.704681 13.402496 33.619507 0.060510
1140.000000 276.107910 137.959015 15.492920 35.752991 0.057708
1140.000000 532.477539 163.772507 17.347412 43.902679 0.053443
1140.000000 133.617310 168.867279 28.321320 57.035797 0.050555
1170.000000 293.690033 153.551620 21.533081 50.922546 0.628178
1170.000000 0.000000 168.575760 39.626453 152.168686 0.480966
1170.000000 138.379272 174.569702 19.000824 44.893616 0.451120
1170.000000 135.200394 172.990662 27.225983 63.599609 0.325517
1170.000000 381.699005 87.887871 15.740906 37.351471 0.287030
1170.000000 134.216446 175.762604 16.523193 35.865143 0.163301
1170.000000 443.752686 157.361008 17.619385 44.492767 0.140743
1170.000000 538.894348 168.995651 14.475220 35.344788 0.091611
1170.000000 306.387360 157.489624 14.930115 32.335266 0.079585
1170.000000 291.171661 152.199310 30.351746 76.423431 0.073439
1170.000000 274.552795 141.786072 19.049927 46.970490 0.071228
1170.000000 145.218201 173.265594 17.976959 43.814240 0.062409
1170.000000 450.517609 165.418213 16.761353 39.994049 0.062236
1170.000000 298.481232 153.241089 16.019348 32.841614 0.056879
1170.000000 0.025106 168.120270 26.239061 109.540466 0.051763
1170.000000 303.921875 155.141129 19.275208 50.476013 0.050754
1200.000000 417.654144 177.088394 15.195740 37.954773 0.329868
1200.000000 519.337769 173.317032 14.907837 35.047211 0.268752
1200.000000 439.438019 177.422256 15.950256 38.113434 0.176243
1200.000000 10.778717 174.646194 16.771782 38.243439 0.151002
1200.000000 444.712585 176.340088 13.947021 34.416443 0.147110
1200.000000 406.092407 182.598679 11.286133 29.183502 0.118603
1200.000000 3.047691 170.725647 24.314007 56.348999 0.110506
1200.000000 421.556885 178.791367 17.152588 41.481354 0.106276
1200.000000 24.110813 176.496017 14.815964 35.564880 0.088247
1200.000000 523.576172 177.976517 32.163696 74.877655 0.086920
1200.000000 472.980438 169.437408 12.960571 32.121521 0.081183
1200.000000 0.120419 175.686066 11.528872 41.820770 0.069333
1200.000000 427.007812 182.527283 13.656128 33.002350 0.058574
1200.000000 591.383545 169.839981 12.593018 31.365143 0.057543
1200.000000 466.463196 168.085876 24.139587 56.706116 0.056409
1230.000000 305.377777 168.320419 22.259155 54.379272 0.718260
1230.000000 294.065552 162.354309 21.036804 48.614044 0.232859
1230.000000 309.157440 169.030365 15.606384 37.182373 0.196997
1230.000000 122.413261 179.960800 18.648689 42.895386 0.079847
1230.000000 279.391083 162.415817 22.759277 53.871613 0.079312
1230.000000 83.647232 169.811432 13.303513 32.699646 0.076432
1230.000000 528.514343 169.589920 15.533691 31.664062 0.069164
1230.000000 137.899368 180.482513 18.569885 44.996826 0.055398
1260.000000 98.597450 184.339203 18.873611 44.526337 0.446139
1260.000000 138.653580 180.679504 18.263916 44.947571 0.204859
1260.000000 70.555893 196.063110 19.012665 45.921600 0.149995
1260.000000 306.425598 168.540878 18.264893 42.662537 0.099470
1260.000000 132.283218 181.068054 30.042114 73.327209 0.086980
1260.000000 571.105286 126.742401 26.534546 72.051025 0.082560
1260.000000 94.880157 182.591980 27.672623 69.194427 0.065413
1260.000000 113.254707 176.985413 25.616447 63.677551 0.059957
1260.000000 16.018497 198.105438 16.572868 39.879639 0.056765
1260.000000 74.848801 192.203506 15.103760 34.973053 0.053364
1260.000000 294.886353 161.923218 20.210754 49.325745 0.052014
1260.000000 282.571320 163.767151 17.957947 43.177887 0.050166
1290.000000 306.330658 169.406403 18.833191 43.828033 0.626017
1290.000000 373.250671 185.358490 10.714539 25.565369 0.390451
1290.000000 294.316010 163.334961 20.589050 48.425598 0.374936
1290.000000 138.957062 182.145508 17.186890 41.934174 0.305425
1290.000000 283.731995 164.729019 17.839294 42.487579 0.303991
1290.000000 308.959320 170.034790 13.564880 29.213959 0.281135
1290.000000 114.056160 177.166901 19.488548 46.319214 0.232414
1290.000000 45.875832 165.888382 18.900284 45.801270 0.207347
1290.000000 315.327972 170.334625 13.572998 33.571228 0.196520
1290.000000 0.796886 125.510468 15.485050 32.069977 0.153867
1290.000000 128.371826 182.119263 12.425781 30.130524 0.152696
1290.000000 118.425293 176.934265 13.181610 33.816406 0.129041
1290.000000 297.130798 162.722900 14.033569 33.179443 0.107317
1290.000000 276.789490 160.899109 27.849426 63.041138 0.098644
1290.000000 51.537323 165.706314 13.520683 32.843079 0.096627
1290.000000 84.377670 170.787323 14.524582 34.935577 0.096615
1290.000000 122.563705 181.774170 19.347229 47.988464 0.096541
1290.000000 133.717575 182.124252 26.671509 64.813690 0.090604
1290.000000 74.032188 161.826599 14.751923 36.784546 0.079724
1290.000000 110.555405 177.527557 27.951309 68.083649 0.075899
1290.000000 102.421173 182.947784 14.112747 32.849762 0.072269
1290.000000 301.985779 166.572205 26.726196 65.602051 0.061575
1290.000000 59.881458 163.790741 17.132793 44.170563 0.059554
1320.000000 306.240845 169.465118 18.147888 41.123657 0.538444
1320.000000 316.047455 170.327118 13.552490 32.717285 0.433475
1320.000000 373.338287 185.167007 10.858398 25.755096 0.385104
1320.000000 138.533401 182.104553 17.569489 42.957001 0.384284
1320.000000 283.725891 165.101608 17.781128 42.104034 0.303271
1320.000000 293.157532 163.084000 19.613159 46.308655 0.210039
1320.000000 84.779961 171.650482 13.918289 34.349487 0.153619
1320.000000 385.994965 152.257874 24.987244 64.162689 0.118072
1320.000000 297.796539 163.162155 13.991028 29.783752 0.094928
1320.000000 0.345870 179.314240 13.094755 54.679688 0.089151
1320.000000 48.028725 166.481262 16.237152 38.007751 0.081680
1320.000000 115.517342 178.028763 12.968117 30.941864 0.078430
1320.000000 130.174393 182.332703 29.801117 72.651031 0.077027
1320.000000 98.756233 187.195770 15.191299 34.471649 0.073498
1320.000000 103.866570 184.012787 13.612167 33.561279 0.071366
1320.000000 114.548698 176.914780 18.456779 44.418701 0.067736
1350.000000 306.475220 169.215057 18.412476 41.704071 0.669178
1350.000000 102.430298 184.175186 13.633499 33.781708 0.302127
1350.000000 373.651184 185.588379 10.171570 25.726562 0.243458
1350.000000 140.165863 182.652222 14.546906 36.143616 0.240659
1350.000000 315.733032 170.121338 13.609314 33.502869 0.198797
1350.000000 136.566315 182.154037 21.443695 49.961334 0.191548
1350.000000 281.290466 163.643661 20.276978 47.953766 0.184723
1350.000000 114.909904 178.533340 13.003708 30.614502 0.160922
1350.000000 294.401215 163.026382 18.766235 45.280151 0.143376
1350.000000 121.813087 183.699173 20.757774 50.278107 0.093627
1350.000000 72.675468 162.323944 12.590088 30.789734 0.083901
1350.000000 14.366451 188.191452 14.366585 34.287384 0.082755
1350.000000 285.261993 166.035919 14.263977 33.320404 0.081626
1350.000000 36.163422 171.135468 16.108665 37.284821 0.078374
1350.000000 50.206520 166.332504 12.558128 32.012177 0.072311
1350.000000 115.022491 178.126007 19.236526 44.927277 0.068880
1350.000000 325.036682 170.227600 13.244141 32.426575 0.063745
1350.000000 98.028534 186.269623 14.505981 35.954193 0.062725
1350.000000 301.727539 166.298447 27.078674 67.975555 0.062183
1350.000000 84.761383 171.865677 14.006714 33.827301 0.060970
1350.000000 107.270996 182.024948 13.976822 35.330902 0.058623
1380.000000 306.649261 169.381958 18.143555 42.685150 0.549238
1380.000000 373.394257 185.075943 10.557251 26.247437 0.442672
1380.000000 101.871826 184.172546 14.512817 34.942841 0.401669
1380.000000 138.819748 182.462524 18.438843 45.607117 0.371413
1380.000000 316.713837 171.090332 12.544250 30.826385 0.280701
1380.000000 47.711998 165.962387 16.265114 37.620331 0.253568
1380.000000 294.182556 163.310104 21.098022 49.696930 0.242119
1380.000000 133.860245 182.467545 26.763275 64.873993 0.195617
1380.000000 122.563004 184.046936 18.691833 43.632202 0.175362
1380.000000 74.778946 162.040878 13.143768 32.068726 0.110566
1380.000000 310.161621 170.201050 13.211243 27.331329 0.081239
1380.000000 283.153961 163.465042 20.310120 47.948181 0.080939
1380.000000 566.310669 184.281616 9.861816 23.177490 0.071306
1380.000000 129.611679 181.737320 38.881897 91.632645 0.056556
1380.000000 119.966660 182.358521 26.695312 64.550415 0.055654
1380.000000 114.868408 177.461487 19.589722 47.242554 0.050963
1380.000000 38.246559 170.251083 16.413879 37.571930 0.050795
1410.000000 306.668365 169.949707 16.508179 38.117340 0.524685
1410.000000 413.638794 176.447830 11.037231 27.772736 0.473465
1410.000000 102.798859 184.256622 14.485840 35.311584 0.302429
1410.000000 460.684570 178.489090 10.677124 25.778625 0.281361
1410.000000 138.804794 182.423294 17.677765 42.861572 0.277073
1410.000000 141.058304 183.380386 12.553986 29.918549 0.239667
1410.000000 424.685028 177.545151 10.458191 25.782562 0.207533
1410.000000 49.628643 166.911804 16.290546 38.477905 0.175048
1410.000000 295.147491 163.842972 19.383057 45.821960 0.155921
1410.000000 122.663765 183.673920 18.340324 42.707336 0.150042
1410.000000 16.074427 187.485214 14.617737 36.300201 0.142644
1410.000000 113.841255 176.821426 17.838585 40.630066 0.127084
1410.000000 73.805870 162.610687 14.970428 35.964783 0.120819
1410.000000 85.090065 171.761475 13.774536 33.231567 0.117908
1410.000000 373.227081 185.775635 10.801636 25.747559 0.115083
1410.000000 133.505173 182.516556 26.428192 64.640625 0.100376
1410.000000 97.580124 187.670486 15.326202 34.861298 0.090890
1410.000000 283.635559 164.770203 17.620667 42.003845 0.090496
1410.000000 453.785278 173.011765 11.837646 29.341766 0.087921
1410.000000 316.538086 172.929962 12.656006 30.547272 0.087829
1410.000000 297.383423 164.063400 13.557861 31.373383 0.071520
1410.000000 0.188851 180.295624 12.035070 51.506531 0.070921
1410.000000 114.535324 179.740356 28.733276 69.503021 0.060717
1410.000000 126.168556 183.253906 12.573021 29.313782 0.057897
1410.000000 0.240037 124.697327 14.943305 33.411804 0.056095
1410.000000 55.508667 167.019302 10.399551 28.003052 0.055792
1410.000000 22.132906 194.237839 13.588408 35.376404 0.054124
1410.000000 119.882759 177.164398 12.573982 31.638916 0.051500
1440.000000 305.710602 169.439758 19.444031 45.920685 0.620451
1440.000000 114.818024 177.175201 17.263077 40.707794 0.394412
1440.000000 101.331085 184.158646 15.454926 35.271027 0.387297
1440.000000 139.025635 182.279602 17.928741 44.526672 0.385056
1440.000000 282.185638 164.098267 19.155579 47.350189 0.309186
1440.000000 47.714180 166.290939 15.797577 38.299103 0.283229
1440.000000 315.919342 169.980209 13.395020 32.676758 0.268283
1440.000000 73.976357 162.127502 14.917923 35.627045 0.247846
1440.000000 133.834717 182.099747 26.470978 63.837524 0.189941
1440.000000 293.524414 162.258820 22.554321 56.310974 0.171240
1440.000000 84.467873 171.622879 14.906586 34.557251 0.170167
1440.000000 373.714508 187.763733 10.402771 23.782257 0.163367
1440.000000 2.439571 126.975479 12.225849 30.161835 0.162246
1440.000000 307.866516 169.755768 14.014160 30.774750 0.156299
1440.000000 122.939796 182.983139 19.100197 46.513855 0.123031
1440.000000 127.208473 182.549149 13.798805 31.779175 0.097635
1440.000000 38.858543 170.319702 15.399178 37.130463 0.096594
1440.000000 296.354431 163.160553 15.859375 37.259430 0.092222
1440.000000 105.539177 180.509827 18.217438 40.892365 0.075125
1440.000000 0.095170 124.770905 10.433580 35.011139 0.069441
1440.000000 322.617249 170.575180 15.236633 35.250092 0.063848
1440.000000 113.773102 178.643127 29.469513 71.128479 0.057198
1470.000000 305.583679 169.718399 19.305725 45.422150 0.644670
1470.000000 315.725281 169.414658 13.335327 33.291992 0.408890
1470.000000 103.099068 184.203979 14.316849 34.749451 0.310861
1470.000000 138.072372 182.251984 18.671295 45.128998 0.299629
1470.000000 293.126373 163.583191 20.841797 49.326599 0.213880
1470.000000 141.042801 182.900375 12.861694 31.497192 0.199600
1470.000000 282.141052 163.569443 19.791443 48.532379 0.197465
1470.000000 121.575142 182.411362 19.529411 47.952057 0.165972
1470.000000 130.704132 182.715912 27.727356 65.411041 0.155714
1470.000000 277.759979 152.469162 13.210022 31.302368 0.082561
1470.000000 114.804298 178.452545 13.748009 33.306427 0.081150
1470.000000 308.886108 169.725113 12.868713 28.458710 0.070608
1470.000000 115.941162 178.906525 18.922516 43.451752 0.069819
1470.000000 122.152130 178.964981 12.342621 31.049561 0.054932
1470.000000 299.057648 165.584030 28.327087 72.149567 0.054863
1470.000000 144.555725 182.094208 15.236450 37.134338 0.050277
1470.000000 114.874817 179.355484 30.627289 73.440430 0.050137
1500.000000 306.055542 170.633438 18.817017 44.111023 0.605782
1500.000000 280.923553 165.809845 20.015625 47.276764 0.316256
1500.000000 293.096619 164.269775 20.759888 51.494598 0.281842
1500.000000 315.805054 170.997635 13.466187 33.267975 0.279392
1500.000000 284.888580 167.961258 14.269348 33.123901 0.157403
1500.000000 277.314331 153.138641 14.168884 32.808350 0.087462
1500.000000 412.286224 179.853546 18.672119 48.948456 0.084151
1500.000000 325.556885 172.132584 13.751221 33.378845 0.073206
1500.000000 296.993195 164.927902 14.677979 33.965363 0.070097
1530.000000 306.230133 173.964386 19.033447 43.777435 0.437005
1530.000000 575.283142 142.825226 17.406982 38.770905 0.336402
1530.000000 592.394348 181.694565 12.365479 29.774048 0.183661
1530.000000 315.753510 173.280121 13.352539 32.710022 0.151061
1530.000000 277.979584 157.282990 12.528748 31.017517 0.150392
1530.000000 293.340851 167.598022 22.792908 58.661530 0.095391
1530.000000 303.314545 173.008118 26.360962 66.142242 0.071013
1530.000000 298.819458 167.245056 11.243530 25.659668 0.057642
1530.000000 325.816895 171.818161 12.668152 29.972260 0.056264
1530.000000 573.575012 137.705963 23.493530 61.075073 0.051561
1560.000000 373.450317 188.905563 10.734131 26.218597 0.338130
1560.000000 315.548431 171.686310 13.081238 31.187103 0.327105
1560.000000 307.348053 172.238266 16.457336 38.035370 0.290506
1560.000000 451.459045 172.203796 12.638977 32.268097 0.287924
1560.000000 298.127716 165.979874 12.866699 30.284546 0.190096
1560.000000 416.623291 178.715683 11.803040 28.592377 0.186061
1560.000000 461.238922 181.634445 11.004272 25.840668 0.179571
1560.000000 470.323456 174.011795 13.123291 32.289886 0.143851
1560.000000 294.326385 165.822052 18.227051 44.725647 0.136194
1560.000000 283.458557 167.942902 16.609497 40.870209 0.126934
1560.000000 528.372253 171.803925 15.831177 35.113525 0.111366
1560.000000 306.353485 171.751495 23.279846 54.838959 0.079669
1560.000000 474.955261 175.357620 12.428162 31.288574 0.071261
1560.000000 139.647156 185.236481 15.998108 40.304382 0.056303
1590.000000 315.575989 170.417526 13.331177 32.652252 0.509479
1590.000000 306.765320 171.203751 17.267212 39.328064 0.338301
1590.000000 373.492249 187.033798 10.120728 25.335327 0.320971
1590.000000 3.271939 128.860199 12.411648 30.208710 0.296714
1590.000000 601.632507 195.284973 16.836426 37.099060 0.292419
1590.000000 528.330444 171.770203 15.369751 34.362488 0.155466
1590.000000 461.672974 179.330200 10.891968 26.713989 0.112513
1590.000000 469.988953 174.661194 13.134216 30.014587 0.109719
1590.000000 0.012295 122.879791 10.168316 35.958740 0.099529
1590.000000 294.640778 165.099319 18.902222 44.779144 0.093187
1590.000000 308.291321 170.661102 12.588196 27.540283 0.089565
1590.000000 277.907776 154.497513 13.293091 32.891632 0.082324
1590.000000 298.078186 165.477966 13.557983 30.769104 0.066972
1590.000000 431.973602 173.297836 12.228149 30.418945 0.051743
1590.000000 452.069275 174.203827 12.866577 29.709198 0.051320
1620.000000 306.636932 173.055252 18.056213 41.225952 0.386975
1620.000000 316.751556 173.095520 13.536926 32.802307 0.254816
1620.000000 279.668884 167.027466 21.791687 50.595428 0.230048
1620.000000 137.487915 185.329941 19.828308 46.436157 0.185448
1620.000000 297.639618 166.704834 13.759216 30.067444 0.172111
1620.000000 294.529297 166.526947 18.762390 45.678986 0.166664
1620.000000 284.517303 169.326508 15.290649 34.695770 0.126580
1620.000000 128.695404 187.179337 12.162048 29.490936 0.105327
1620.000000 142.137802 185.669357 14.746246 30.784668 0.098765
1620.000000 129.331970 185.403671 32.513733 79.103836 0.097036
1620.000000 303.490051 172.592224 26.333740 62.057434 0.083423
1620.000000 276.740845 156.172302 15.457153 38.488800 0.080883
1620.000000 322.635498 174.144012 14.446777 34.201050 0.071417
1620.000000 123.704506 186.364838 17.861809 42.506104 0.058717
1650.000000 306.628571 173.609619 17.754822 41.528503 0.383469
1650.000000 110.481842 182.060913 29.980026 70.960022 0.286813
1650.000000 74.467247 202.045166 17.181290 40.436615 0.254814
1650.000000 373.051392 188.913864 10.413879 27.136139 0.159511
1650.000000 295.332855 167.047302 19.743835 49.030457 0.114996
1650.000000 315.996063 173.416092 12.931274 30.461456 0.114085
1650.000000 299.655029 165.891129 11.367676 27.312561 0.102547
1650.000000 102.120552 186.502380 18.969772 45.207031 0.099536
1650.000000 324.886200 173.229645 13.666748 33.190491 0.059662
1650.000000 135.463715 185.442215 23.215820 53.659607 0.053621
1650.000000 114.640366 182.243546 19.661316 44.572784 0.051100
1680.000000 315.850555 171.627884 13.518738 33.358459 0.415829
1680.000000 306.156189 171.358307 17.982239 41.661224 0.345494
1680.000000 2.725756 128.937531 12.080153 29.916687 0.169854
1680.000000 294.410309 164.974915 18.661194 45.533813 0.118610
1680.000000 278.904053 155.865738 13.827576 30.696533 0.115118
1680.000000 121.537086 184.077942 19.521263 47.300781 0.105647
1680.000000 309.077728 170.600800 11.833130 27.560486 0.097858
1680.000000 135.781189 184.176926 22.613159 50.896088 0.088466
1680.000000 303.810150 170.637192 25.652527 62.819580 0.066229
1680.000000 297.347748 165.135223 13.398438 31.105408 0.062675
1680.000000 0.078216 122.393494 10.688787 37.183868 0.057960
1680.000000 113.818298 181.451889 29.273682 69.201233 0.056793
1710.000000 306.241516 170.632812 17.830688 40.329834 0.659680
1710.000000 315.767914 171.476257 13.750732 33.401459 0.607335
1710.000000 294.273621 164.468918 19.262634 44.783844 0.376002
1710.000000 282.482239 166.556396 18.478821 45.000702 0.373914
1710.000000 303.860748 169.329559 25.053894 60.315155 0.146014
1710.000000 50.739922 166.822342 16.437439 39.286835 0.143446
1710.000000 99.011658 184.860809 16.428848 39.093750 0.095599
1710.000000 104.554764 182.353577 14.438751 33.800781 0.054983
1710.000000 272.483765 174.377594 17.821655 42.634460 0.052648
1710.000000 297.090363 163.864426 13.263306 28.719482 0.052614
1710.000000 285.772949 163.511017 25.407227 60.843170 0.051697
1710.000000 460.734070 179.717255 10.370605 25.809570 0.050524
1740.000000 306.517181 173.284271 17.965271 41.570221 0.677614
1740.000000 316.363007 173.461655 13.311584 33.666809 0.542920
1740.000000 293.360870 166.290070 21.768799 51.775604 0.472913
1740.000000 282.599091 167.959656 18.787048 44.978607 0.360726
1740.000000 297.196075 166.122696 14.168518 33.682037 0.314154
1740.000000 265.967255 174.124130 23.965759 54.858643 0.299660
1740.000000 303.108368 172.717606 27.014160 64.026398 0.226369
1740.000000 321.006073 174.242981 12.198792 30.887482 0.122327
1740.000000 275.855286 163.958694 28.904480 68.489319 0.113871
1740.000000 139.792435 185.464218 15.913818 38.990601 0.090897
1740.000000 324.405945 173.068954 13.745361 33.193970 0.079605
1740.000000 272.596863 176.432083 15.313110 37.063568 0.069552
1770.000000 315.523529 171.404434 12.981506 31.084717 0.407795
1770.000000 470.847107 173.432861 13.638245 33.141449 0.244756
1770.000000 308.836548 172.529266 14.296021 31.904510 0.136427
1770.000000 0.000000 203.159210 18.495693 110.672241 0.132071
1770.000000 383.964874 201.650299 11.494263 29.349609 0.111445
1770.000000 294.883850 166.166473 19.089233 45.646637 0.080776
1770.000000 298.148132 165.947296 13.475342 28.969025 0.053543
1800.000000 306.501282 170.211945 18.199463 41.613586 0.524749
1800.000000 316.367859 172.193481 12.557678 30.839203 0.389309
1800.000000 0.348287 125.632126 15.740485 32.035431 0.165516
1800.000000 293.780762 164.259781 19.875488 47.872650 0.164707
1800.000000 282.161102 165.695831 19.384216 46.449219 0.153339
1800.000000 302.984894 168.910812 26.970032 64.696411 0.095567
1800.000000 102.944763 183.329208 15.097855 35.767517 0.086539
1800.000000 296.794067 164.706223 13.920166 32.261963 0.062377
1800.000000 276.662384 162.593735 27.848450 64.912964 0.051632
1830.000000 306.710815 170.146210 17.895691 41.433472 0.398913
1830.000000 315.756134 170.918457 13.743042 34.106842 0.292476
1830.000000 461.092377 179.508728 10.661499 25.066315 0.178739
1830.000000 293.971130 164.544983 19.698120 47.349518 0.164584
1830.000000 282.207855 166.392151 18.597473 46.046692 0.081284
1830.000000 103.705910 182.208710 14.820709 36.980286 0.069124
1830.000000 304.540405 169.207886 26.136963 65.290192 0.063382
1830.000000 0.860908 125.289795 12.677868 32.333313 0.056109
