30.000000 340.462433 183.966217 12.322815 30.561462 0.087152
30.000000 214.628510 199.306061 11.529053 29.272156 0.073897
30.000000 114.731064 210.802689 9.710938 24.660645 0.056940
30.000000 218.689194 186.349518 15.717804 39.323334 0.056693
60.000000 164.430283 208.052917 13.001343 29.434570 0.149859
60.000000 27.592876 236.056610 22.348183 48.973450 0.089596
60.000000 30.445118 235.273071 15.180824 34.881958 0.065670
90.000000 449.984497 196.694550 15.726868 37.598083 0.408836
90.000000 577.408508 177.737335 15.912476 37.664795 0.210260
90.000000 466.148163 201.803360 12.591064 29.922577 0.148970
90.000000 444.423981 204.713699 11.280457 26.754395 0.129971
90.000000 60.127846 202.351181 17.504700 42.848419 0.082972
90.000000 572.749695 175.308502 23.629395 52.357635 0.082276
90.000000 581.393555 181.512772 16.469360 41.151703 0.069244
90.000000 51.684235 181.664551 15.833855 37.066956 0.065883
90.000000 456.156921 185.396729 17.452271 44.923676 0.052021
120.000000 558.194336 223.932129 13.978638 34.105988 0.274570
120.000000 85.111115 190.959473 13.305466 34.369690 0.263318
120.000000 521.395569 211.845383 17.299194 40.964264 0.136540
120.000000 562.514832 23.177313 13.648193 32.844185 0.123764
120.000000 565.823730 219.696075 15.585571 38.216980 0.123148
120.000000 99.990616 199.739349 12.230011 31.143799 0.110560
120.000000 76.134552 192.799515 12.573868 27.909485 0.058923
150.000000 536.809631 216.117691 16.767822 41.453110 0.684431
150.000000 548.808777 216.019043 17.956787 43.749786 0.682549
150.000000 514.795288 212.791168 13.325195 36.190704 0.564582
150.000000 490.421143 205.757797 15.233887 39.831787 0.433730
150.000000 445.951172 141.506119 12.527527 32.698975 0.424897
150.000000 618.735962 207.173492 21.059692 69.169983 0.376349
150.000000 599.655457 219.237991 22.923462 52.294174 0.331942
150.000000 570.754639 203.109695 26.575562 63.103012 0.267244
150.000000 346.879181 101.440292 17.192505 40.801468 0.210561
150.000000 529.276123 213.852798 15.380371 39.296082 0.139608
150.000000 372.333740 196.354477 13.370239 33.065643 0.139253
150.000000 460.827179 142.016815 16.785645 40.807800 0.107808
150.000000 538.737000 205.453079 22.613892 52.580429 0.105399
150.000000 329.438324 108.466408 16.259338 35.719810 0.068012
150.000000 523.873657 223.275116 12.857666 30.793457 0.065592
150.000000 509.541443 223.156036 12.158691 28.676605 0.064659
150.000000 466.782898 146.904846 12.500549 28.082397 0.061567
150.000000 581.527466 202.101517 13.002930 29.962555 0.061242
150.000000 507.429474 210.927307 15.718597 37.483490 0.053438
150.000000 608.917786 212.711639 23.030640 59.825653 0.052855
180.000000 492.951202 120.454224 20.832184 48.949677 0.305871
180.000000 164.449005 186.161377 13.189148 29.610321 0.197987
180.000000 492.468536 123.491776 14.827026 32.807831 0.147165
180.000000 500.546265 123.972672 14.551270 37.550781 0.113457
180.000000 464.073914 125.440544 18.016907 38.237480 0.098797
180.000000 422.022888 105.875916 16.348816 37.139160 0.084113
180.000000 497.703705 122.048279 13.825012 30.654480 0.070355
180.000000 508.225464 60.098312 10.971191 25.424026 0.064488
180.000000 14.427151 92.366905 19.816338 45.206642 0.052318
210.000000 432.024963 195.366791 13.964233 34.035095 0.158694
210.000000 50.790775 192.202271 14.435528 36.333313 0.099257
210.000000 231.110016 200.365540 22.448578 51.554962 0.056517
240.000000 553.929810 186.193481 16.203369 38.159821 0.089179
240.000000 458.644104 184.688095 13.138977 33.315399 0.068130
270.000000 46.054783 194.266785 12.459206 26.528503 0.436217
270.000000 510.036224 156.675537 20.777252 51.560211 0.076951
270.000000 64.519173 196.421051 11.902191 32.522247 0.060108
270.000000 69.344482 192.750961 12.437119 31.918701 0.059637
270.000000 452.692535 156.177338 28.452637 76.295929 0.050328
300.000000 344.898865 192.303711 11.442932 27.234222 0.362481
300.000000 11.042378 202.855881 13.321788 31.534760 0.313120
300.000000 45.876846 205.576538 12.621208 30.499817 0.279736
300.000000 431.739197 171.550552 16.959656 39.965820 0.122867
300.000000 2.659216 203.599823 12.440403 29.295990 0.122838
300.000000 498.656677 206.596588 11.236389 24.368988 0.103883
300.000000 0.027016 201.851456 8.177643 36.028229 0.073590
300.000000 63.381317 201.471497 9.505859 22.234528 0.070865
330.000000 389.821594 187.964172 16.812439 36.558746 0.513919
330.000000 387.583038 192.595413 12.933899 30.431671 0.328564
330.000000 512.657654 170.566147 15.534790 37.224304 0.242738
330.000000 445.368988 129.316010 13.523743 32.130341 0.225078
330.000000 525.710327 144.693253 15.502441 37.687744 0.175575
330.000000 377.038788 103.348503 14.040344 31.258690 0.119759
330.000000 502.809479 139.143143 21.411591 54.889709 0.104349
330.000000 450.033051 188.425690 16.423767 39.036591 0.080627
330.000000 528.150635 181.074341 13.519165 30.477448 0.071752
330.000000 318.281860 173.857986 18.071960 42.538055 0.071370
330.000000 509.623993 168.377670 23.930145 59.038696 0.064691
360.000000 481.244415 183.281540 22.461426 51.924255 0.756480
360.000000 266.591034 185.221909 22.002197 51.674591 0.726774
360.000000 323.237305 193.778152 17.675720 44.674744 0.136523
360.000000 335.728638 203.023087 12.273071 28.929993 0.129259
360.000000 314.779846 198.690552 16.650696 39.622223 0.125062
360.000000 274.867676 188.679459 18.532593 46.450684 0.104167
360.000000 115.163010 197.176651 12.570816 28.615753 0.100383
360.000000 580.082764 98.238426 13.373047 30.861778 0.091172
360.000000 605.035583 31.376703 12.548584 28.347975 0.084945
360.000000 553.182129 216.206665 27.354004 63.590027 0.065625
360.000000 280.739258 200.359039 13.870361 34.769928 0.058063
390.000000 328.786407 181.458893 27.317139 69.388977 0.053937
420.000000 400.527710 187.540726 14.473022 34.908356 0.310230
420.000000 44.987583 177.456680 12.258377 30.863861 0.285707
420.000000 381.520172 173.006470 14.288879 33.475189 0.131606
420.000000 30.231667 172.414658 11.596840 30.554108 0.060300
420.000000 387.762177 175.599106 22.969543 52.746552 0.059999
420.000000 391.375214 174.163223 14.487000 34.429962 0.057247
420.000000 374.822784 171.466431 23.219360 55.343292 0.052571
450.000000 487.557648 154.762115 24.016235 59.507477 0.545698
450.000000 517.083740 149.242310 35.915283 86.379181 0.447114
450.000000 551.018311 180.448318 21.668701 52.612213 0.123870
450.000000 452.228821 140.243958 19.370300 47.052979 0.113413
450.000000 465.581696 143.229858 18.369568 44.748535 0.112409
450.000000 438.468658 134.650253 23.814453 62.229187 0.093841
450.000000 442.106171 137.424576 16.908447 37.713165 0.065432
450.000000 521.509460 147.685898 26.214722 57.714081 0.058704
450.000000 492.203674 156.784744 17.578979 40.543762 0.052958
480.000000 10.902596 173.984467 21.055790 51.259094 0.826295
480.000000 71.285233 187.259552 17.549683 41.591156 0.218390
480.000000 537.210571 133.036499 14.940063 36.843781 0.191605
480.000000 75.843010 186.084152 13.913681 28.657501 0.129891
480.000000 481.793213 120.711830 16.429993 40.129723 0.082316
480.000000 62.966190 188.668427 18.284588 40.273682 0.071547
480.000000 205.095551 129.298492 23.145508 50.967957 0.064347
510.000000 487.928802 157.344269 19.982788 47.450073 0.165706
510.000000 491.448761 147.292709 17.386963 39.251190 0.076499
510.000000 383.300476 120.839874 14.540283 33.452332 0.069834
510.000000 366.048157 117.637321 15.072266 36.228554 0.061951
510.000000 338.029785 107.930702 22.665527 52.735405 0.059613
540.000000 386.277039 142.366379 14.866394 36.505981 0.175936
540.000000 418.442841 140.850891 16.242615 36.599823 0.125135
540.000000 251.810577 188.248245 10.891663 25.295624 0.082376
540.000000 609.154053 185.420898 12.879761 28.229675 0.071562
540.000000 533.228577 156.849716 10.652466 30.654480 0.059433
540.000000 245.284195 169.891220 17.560593 41.985992 0.053483
570.000000 554.275452 105.404510 30.588989 74.227966 0.146072
570.000000 535.767700 103.314980 22.256836 54.359520 0.111263
570.000000 537.757629 101.095978 13.861816 36.249268 0.063124
600.000000 279.317139 176.941650 15.904785 36.329041 0.386542
600.000000 274.717072 176.026443 23.184875 52.504089 0.189756
600.000000 319.611481 194.504120 10.068054 22.433960 0.180841
600.000000 334.686279 190.988434 12.379639 29.003906 0.143184
600.000000 341.457275 182.929108 14.475159 35.454926 0.133161
600.000000 503.634521 206.154068 15.234436 37.660126 0.055621
630.000000 332.726746 189.528946 11.798584 27.889832 0.509715
630.000000 346.830322 189.852966 11.544006 26.150818 0.508356
630.000000 389.869110 182.981613 12.626038 29.103912 0.319158
630.000000 384.998474 169.391006 17.251648 41.404602 0.228569
630.000000 360.259338 195.448547 11.365662 25.995483 0.224432
630.000000 363.802612 190.307755 13.014709 31.520355 0.190640
630.000000 354.623444 198.267258 10.212036 24.139282 0.091656
630.000000 362.845367 167.265518 20.617371 54.067780 0.078477
630.000000 340.358978 187.976105 10.341919 26.037048 0.068599
630.000000 278.803345 176.773056 13.443054 32.340759 0.063711
630.000000 303.377869 182.969238 13.475403 30.014282 0.050593
660.000000 360.661377 192.507355 10.644714 24.994354 0.439344
660.000000 308.201202 180.469269 10.325928 28.474091 0.369242
660.000000 437.487366 172.033325 22.352112 56.299500 0.281960
660.000000 392.837250 191.655258 15.263306 35.240631 0.264016
660.000000 410.621918 188.376358 14.820251 36.380463 0.242616
660.000000 407.327118 169.490128 20.945740 57.232605 0.097308
660.000000 433.623322 181.287003 13.201904 27.920898 0.090528
660.000000 441.105927 172.871658 15.850464 35.380676 0.062079
660.000000 481.943909 133.259293 17.855774 43.382965 0.056004
690.000000 468.348175 185.322449 22.051147 53.797607 0.931207
690.000000 441.080780 190.889633 20.286804 47.518158 0.902432
690.000000 381.534149 192.017654 12.360413 28.428009 0.757542
690.000000 458.590637 185.596619 18.673950 53.038574 0.734445
690.000000 370.598022 183.749161 13.269653 32.264069 0.604434
690.000000 481.427155 188.844940 20.632141 50.019073 0.383706
690.000000 447.268433 193.344955 14.207825 31.618317 0.253655
690.000000 325.819611 190.835968 13.848511 32.306366 0.221782
690.000000 514.032471 161.617432 30.568726 80.755493 0.127419
690.000000 377.057892 189.715027 11.661377 27.811707 0.118968
690.000000 503.250824 171.857422 19.400970 45.000336 0.075087
690.000000 387.818359 190.946869 11.963013 27.923309 0.069921
690.000000 313.899597 181.438126 10.670959 27.941101 0.067638
690.000000 587.511047 161.728210 22.475830 53.551300 0.065641
690.000000 579.430664 186.263351 16.499634 37.519562 0.060688
690.000000 477.780914 188.258850 16.133850 46.240784 0.056502
690.000000 524.163391 167.027222 20.812012 48.985504 0.052462
720.000000 550.853394 179.100342 35.978394 88.381165 0.968096
720.000000 598.688965 168.933716 38.014526 98.674347 0.956996
720.000000 403.523315 189.234665 15.811279 37.547668 0.952728
720.000000 578.395691 181.495590 32.978882 84.686966 0.874207
720.000000 530.021423 169.701874 18.477417 46.074585 0.372853
720.000000 523.178101 176.907913 13.946167 30.337799 0.207494
720.000000 620.258301 173.742432 19.741699 90.744659 0.162343
720.000000 565.507324 193.822342 24.338867 58.039764 0.152389
720.000000 509.297211 150.118408 27.157562 62.400665 0.138181
720.000000 334.492523 206.967422 10.979492 24.931396 0.135562
720.000000 564.527771 177.063400 38.005249 87.404617 0.116874
720.000000 389.687347 180.848846 16.441467 37.402588 0.085326
720.000000 525.551147 167.296600 28.049194 62.790985 0.070747
720.000000 397.692688 187.024124 13.665466 32.296448 0.069725
720.000000 563.662048 146.774231 28.599121 64.422485 0.065516
720.000000 433.356567 111.017189 14.551270 32.145912 0.061141
720.000000 519.151245 176.314392 19.206421 44.447540 0.058831
720.000000 521.535583 144.579437 16.318115 36.826691 0.055552
750.000000 444.842743 184.281372 19.458069 51.501190 0.978568
750.000000 421.061279 178.584152 25.886169 65.542847 0.526058
750.000000 426.352814 181.100174 17.864746 42.939758 0.433495
750.000000 501.500305 183.334152 12.491943 26.946991 0.130898
750.000000 456.211609 188.985062 15.298584 41.407166 0.123982
750.000000 420.057800 210.772079 14.165344 34.271179 0.122981
750.000000 525.271912 176.280090 11.112183 27.715729 0.105365
750.000000 347.166138 180.028015 15.393677 38.920013 0.083616
750.000000 428.283417 172.217087 14.591125 35.752106 0.078471
750.000000 515.947571 182.423187 12.511963 27.611908 0.055054
780.000000 552.680176 168.539566 33.442505 87.653885 0.977212
780.000000 471.919006 58.434460 22.238342 52.412418 0.179457
780.000000 356.233459 181.250763 11.582336 29.424347 0.152458
780.000000 560.944275 175.496750 22.634399 55.213959 0.143641
780.000000 554.285706 167.759888 23.122192 58.142853 0.122717
780.000000 528.216919 158.570496 20.283447 46.962219 0.078053
780.000000 356.212860 177.508728 17.923340 41.318726 0.076912
780.000000 360.287201 169.843872 12.318542 30.103363 0.063627
780.000000 468.533112 81.986992 12.589783 27.187988 0.062214
780.000000 521.474304 158.442673 16.939697 41.334717 0.057560
780.000000 475.280243 58.016052 15.301514 35.418198 0.053714
780.000000 468.053741 64.924347 17.325989 38.165390 0.053503
780.000000 370.051910 167.054321 21.534424 52.551941 0.052920
810.000000 615.775940 119.542961 24.026978 88.456886 0.131383
810.000000 365.380280 169.145981 10.887451 28.984802 0.059684
810.000000 623.311829 119.836670 16.406982 62.895721 0.057299
810.000000 405.438843 164.129242 15.318115 37.759338 0.055063
810.000000 412.433990 160.149033 17.412720 39.859558 0.054326
840.000000 457.082642 154.678650 21.764893 54.378998 0.394783
840.000000 462.301758 153.233826 13.479675 31.091797 0.353300
840.000000 487.753082 148.414963 18.189270 42.603241 0.132990
840.000000 591.441223 80.622101 13.336182 29.224731 0.125638
840.000000 481.687012 147.339355 30.890015 69.733032 0.124316
840.000000 451.588501 167.532623 15.426880 36.897644 0.115305
840.000000 235.570602 192.294067 16.635925 39.753021 0.085443
840.000000 275.216553 166.136337 15.162537 36.684021 0.070343
840.000000 463.107544 160.831223 16.710571 38.286865 0.070026
840.000000 367.647156 174.444031 12.208130 30.652252 0.060889
840.000000 458.773773 158.360580 15.624207 36.207794 0.060125
840.000000 506.812683 143.376068 23.287964 55.145660 0.051193
870.000000 262.751862 170.815613 13.565430 33.201691 0.262260
870.000000 252.420868 172.665848 13.590942 31.344452 0.155992
870.000000 247.264160 175.745163 13.561584 31.950989 0.113490
870.000000 257.977570 170.883606 13.661865 33.317535 0.107851
900.000000 515.099609 169.501419 17.963257 49.085602 0.261817
900.000000 598.907898 138.675140 14.309814 34.358398 0.189827
900.000000 414.773468 174.594940 12.794250 29.863373 0.176364
900.000000 397.810822 167.869537 17.150208 38.301086 0.145892
900.000000 215.322296 183.142807 15.109222 37.236359 0.141500
900.000000 458.604279 171.920731 14.876709 37.708771 0.127008
900.000000 608.364502 141.275238 15.858154 45.335297 0.097636
900.000000 228.385361 178.441788 12.925171 31.606995 0.083515
900.000000 483.873383 162.254242 14.824402 35.460510 0.073675
900.000000 444.997101 156.347717 23.693542 60.583740 0.068848
900.000000 540.538696 149.931625 13.412964 32.176483 0.059831
900.000000 515.990479 167.819916 14.705811 32.116394 0.058576
900.000000 447.358185 163.561203 14.761902 34.933838 0.057815
900.000000 265.330780 169.591415 14.021301 31.779846 0.056472
900.000000 397.315491 180.829742 13.240601 27.983643 0.052370
900.000000 452.316193 175.244247 13.331909 30.379120 0.052280
930.000000 196.304733 171.786560 16.533997 39.646301 0.707800
930.000000 443.724426 161.070129 14.157837 33.651001 0.379504
930.000000 178.431458 174.274155 16.024292 37.326294 0.301856
930.000000 557.612610 142.801010 19.836060 48.072723 0.237418
930.000000 434.322235 166.222504 11.573181 26.626495 0.229737
930.000000 127.226540 155.254547 22.630028 54.855499 0.169255
930.000000 561.217346 143.366318 13.737305 32.119904 0.123414
930.000000 555.965149 146.807220 14.386841 34.169373 0.123117
930.000000 563.899231 142.065247 17.910156 42.557617 0.108508
930.000000 224.659988 174.673355 14.825378 35.630219 0.103238
930.000000 237.860657 175.941055 11.682953 29.464691 0.100726
930.000000 452.704132 152.895752 23.218567 55.997437 0.082735
930.000000 453.304871 154.668961 16.283203 38.543396 0.070342
930.000000 129.067337 155.127731 15.659576 36.851288 0.057657
960.000000 470.292206 195.470901 15.881042 38.269196 0.486909
960.000000 493.064667 147.399292 20.292511 48.925385 0.367633
960.000000 463.146973 193.054428 14.120667 35.903748 0.325313
960.000000 456.462921 198.538742 13.666199 31.898346 0.266430
960.000000 117.584068 171.182190 16.568718 39.057770 0.202687
960.000000 275.581726 157.991959 14.618591 32.306885 0.186427
960.000000 277.814301 157.787720 18.344849 42.446106 0.184197
960.000000 187.981125 172.811691 14.105255 32.689056 0.155224
960.000000 195.860504 171.920822 13.627472 32.034973 0.150034
960.000000 293.730560 155.324142 15.629639 34.428009 0.124222
960.000000 470.587860 193.212738 12.103882 26.219604 0.113007
960.000000 472.210602 184.916656 14.220825 33.454498 0.105977
960.000000 165.901443 201.955643 14.294434 32.855316 0.094944
960.000000 466.759338 191.444153 12.271118 26.935516 0.085249
960.000000 123.427132 172.472473 13.821785 30.954163 0.084797
960.000000 148.853455 165.500183 12.975220 28.243500 0.079291
960.000000 152.471313 198.245728 12.270020 34.242371 0.074931
960.000000 267.108154 158.994125 18.481567 41.547974 0.072762
960.000000 236.518112 158.773682 13.022552 28.087250 0.071135
960.000000 31.745296 229.339386 13.072823 29.362793 0.066583
960.000000 111.084450 212.094330 14.061111 33.785950 0.063512
960.000000 147.865433 172.264984 15.116760 35.692291 0.062856
960.000000 430.303497 174.625412 14.286133 36.014465 0.057607
960.000000 505.950928 156.925415 17.613281 40.925018 0.054388
960.000000 414.541016 175.008163 17.113892 40.509216 0.050444
960.000000 435.139832 170.025375 16.659119 43.261414 0.050198
990.000000 51.916336 169.696426 17.556435 44.512115 0.659121
990.000000 214.922440 151.542938 24.552948 55.633240 0.334231
990.000000 1.901591 172.861542 17.081444 52.391571 0.324288
990.000000 45.879166 178.625092 13.035049 29.429840 0.260063
990.000000 0.566348 158.816986 24.300110 74.765442 0.200464
990.000000 151.112671 163.409058 21.275604 49.042938 0.198335
990.000000 136.946793 172.954529 17.960815 47.851959 0.186402
990.000000 130.705933 176.773987 14.521027 36.459106 0.183324
990.000000 187.330231 150.665543 25.951904 62.002563 0.137855
990.000000 479.000885 182.456436 12.836670 26.944305 0.132182
990.000000 462.341400 196.392731 14.662292 34.806671 0.128811
990.000000 138.591049 172.697800 13.366455 32.534729 0.115516
990.000000 216.949738 152.682159 17.402039 39.053040 0.113630
990.000000 110.263359 184.546722 14.540283 35.184692 0.103736
990.000000 123.055244 181.331726 12.099556 28.668671 0.098498
990.000000 62.100845 176.685471 11.866653 28.121948 0.094113
990.000000 31.548788 158.639572 23.794512 63.517273 0.088415
990.000000 469.642975 197.745453 13.226868 30.349884 0.085636
990.000000 47.684639 167.558533 25.836922 66.871002 0.085518
990.000000 474.857239 183.128128 17.761841 42.808411 0.083598
990.000000 339.993774 165.637802 10.053284 24.672791 0.072937
990.000000 0.465872 165.555817 11.984866 53.616486 0.065033
990.000000 237.677170 172.127228 13.847076 33.052856 0.060867
990.000000 243.647766 181.643616 12.106689 28.991608 0.056836
990.000000 326.824371 160.845688 13.109802 30.649933 0.056806
990.000000 108.547867 182.984283 11.963394 28.619476 0.052645
990.000000 93.103119 182.315582 12.613892 29.155487 0.050666
1020.000000 430.421021 184.483795 19.614319 49.849487 0.253020
1020.000000 381.824707 168.109665 19.164185 44.990601 0.172200
1020.000000 24.763702 160.427078 17.314720 40.234283 0.108380
1020.000000 52.097691 180.101517 15.905979 38.107727 0.102632
1020.000000 138.362137 178.534546 14.828888 34.225372 0.076918
1020.000000 267.729462 164.174774 12.652161 29.619324 0.073943
1020.000000 145.845154 177.840225 14.212524 33.756104 0.062084
1020.000000 282.433136 163.247452 12.288391 28.486542 0.050875
1050.000000 78.060196 158.854797 14.085922 34.590210 0.065820
1050.000000 209.843185 184.730103 10.767426 24.073303 0.054609
1080.000000 381.765656 172.422150 17.890381 42.116486 0.337072
1080.000000 34.914276 188.651764 10.937386 28.073608 0.282032
1080.000000 31.234026 190.140076 17.524603 36.996277 0.131157
1080.000000 389.642761 165.520599 14.278503 33.880676 0.111402
1080.000000 122.358360 195.083099 13.055641 36.069122 0.105097
1080.000000 465.811005 182.390427 12.485474 29.655823 0.081413
1080.000000 25.853127 197.355682 12.237431 29.186554 0.080810
1080.000000 456.114685 178.418610 12.122131 29.076691 0.064844
1080.000000 427.861664 168.972229 11.648071 30.101685 0.063382
1080.000000 396.836456 175.519241 9.856506 23.932343 0.059741
1080.000000 382.238800 171.574600 12.669312 30.252075 0.052804
1110.000000 411.043762 182.570480 15.852051 37.133728 0.875482
1110.000000 374.850494 185.573364 19.597778 42.339142 0.112077
1110.000000 328.613617 165.275482 14.717468 35.127136 0.090814
1140.000000 505.638214 173.923035 25.568817 64.412720 0.951663
1140.000000 408.945435 172.810043 12.788330 32.437225 0.113087
1140.000000 414.520142 174.621765 12.966736 29.981537 0.074343
1170.000000 485.427094 150.298889 13.464600 32.545715 0.281533
1170.000000 480.791077 151.778305 28.074524 67.692627 0.221928
1170.000000 111.009140 182.786011 12.368256 30.536591 0.208587
1170.000000 490.643768 158.949646 18.409668 45.435913 0.189750
1170.000000 498.989288 158.072113 19.351410 47.015259 0.147590
1170.000000 479.393280 99.642265 16.669678 40.345695 0.119360
1170.000000 535.560547 111.878883 23.005859 55.268089 0.116334
1170.000000 490.234314 155.985199 26.143250 66.783936 0.115192
1170.000000 502.597870 158.164642 13.292084 31.321198 0.063357
1200.000000 524.328491 169.730820 12.788940 33.673126 0.378914
1200.000000 182.607773 168.462280 15.284851 35.672455 0.295208
1200.000000 508.684937 173.645401 12.719849 26.914459 0.191087
1200.000000 365.528351 172.682770 13.810547 34.408020 0.136350
1200.000000 571.556580 132.324173 47.395874 135.887192 0.106836
1200.000000 442.912018 197.110153 14.849365 32.527069 0.079980
1200.000000 551.730103 158.198761 21.609863 49.664612 0.074270
1200.000000 572.139404 143.415787 32.216797 84.515625 0.069608
1230.000000 592.418518 84.795517 21.414429 52.901337 0.132879
1230.000000 409.681580 170.907837 18.532227 46.054047 0.106000
1230.000000 627.751892 167.083694 12.215698 41.672028 0.084276
1230.000000 573.364319 106.310188 13.343262 31.468895 0.082785
1230.000000 17.843412 181.478439 18.304209 46.097290 0.078292
1230.000000 614.109558 179.410675 13.899780 29.431366 0.069389
1230.000000 133.312027 199.742249 12.982086 31.963318 0.064276
1230.000000 72.680923 205.118729 12.161057 29.644501 0.059630
1230.000000 71.180534 196.222946 9.442093 23.885406 0.054425
1260.000000 15.737131 204.551254 9.887058 22.006073 0.194578
1260.000000 545.866943 128.973282 13.146973 29.244537 0.159972
1260.000000 542.968201 129.993973 18.344238 43.248444 0.097834
1260.000000 4.665869 201.683258 10.961916 26.759247 0.095056
1260.000000 474.007751 153.820786 20.777588 52.089844 0.074707
1260.000000 481.628723 162.573700 20.047913 47.019775 0.051350
1260.000000 596.614502 108.154846 12.989990 30.404205 0.050778
1290.000000 451.636658 181.593018 15.957947 37.094238 0.837307
1290.000000 338.662292 178.762970 14.119751 34.671875 0.192282
1290.000000 237.154404 175.465286 11.507202 28.248260 0.144399
1290.000000 458.253906 181.459717 12.162537 29.298767 0.130878
1290.000000 445.862976 180.902725 12.279358 27.756683 0.128221
1290.000000 329.032074 147.819626 25.762939 64.178009 0.125834
1290.000000 346.546722 160.485596 18.263916 41.234009 0.072938
1290.000000 349.435516 160.289978 12.624207 28.135986 0.053801
1320.000000 544.071899 177.927368 23.789429 62.764557 0.975011
1320.000000 542.086182 178.361450 17.309082 41.900726 0.438165
1320.000000 556.698486 184.518341 14.339233 34.662476 0.314442
1320.000000 489.071869 92.985657 14.152954 34.167023 0.295323
1320.000000 480.022583 100.278778 15.585083 38.500534 0.260488
1320.000000 578.089966 165.706909 12.823120 31.116241 0.247613
1320.000000 507.146271 79.727448 16.323151 39.145538 0.235182
1320.000000 574.492310 166.108200 18.909912 48.198822 0.137054
1320.000000 459.851562 103.077209 12.241943 28.738861 0.108833
1320.000000 498.931213 88.429123 14.652283 35.626663 0.099255
1320.000000 503.831512 77.439377 23.460419 62.997345 0.071371
1320.000000 556.290649 169.974823 13.558105 30.528107 0.056203
1320.000000 548.049011 184.862457 17.458618 41.092834 0.050530
1350.000000 76.450714 153.072845 28.969498 71.512665 0.079867
1350.000000 550.964661 56.306511 16.573975 39.643982 0.051090
1380.000000 21.695953 185.326172 15.874905 38.159454 0.283288
1380.000000 356.951324 188.613678 10.895203 27.568176 0.100927
1380.000000 451.681610 181.307068 13.424072 32.935760 0.091213
1380.000000 41.759174 170.426697 22.969707 55.123047 0.072758
1410.000000 480.551910 187.429047 15.455627 36.303345 0.070886
1440.000000 0.000000 203.040375 8.293169 38.679535 0.056977
1470.000000 481.134155 200.274353 13.990784 33.851654 0.185839
1470.000000 384.496765 177.449203 12.261719 31.014343 0.095505
1470.000000 132.852325 200.013977 11.541626 26.884827 0.064147
1500.000000 395.401276 191.242142 11.086365 27.147858 0.110796
1500.000000 556.037964 201.112976 13.843384 33.042297 0.068005
1500.000000 546.798279 202.160797 11.655884 29.077606 0.059610
1530.000000 387.079041 185.558426 13.285156 33.790649 0.646895
1530.000000 593.536560 188.577271 13.609131 33.003662 0.449096
1530.000000 380.781952 187.349243 10.690063 27.978912 0.352291
1530.000000 379.580414 188.343887 15.451599 38.332397 0.272248
1530.000000 430.885925 184.346054 12.217224 30.118683 0.251732
1530.000000 511.802307 191.043976 14.047729 34.782959 0.229116
1530.000000 493.870758 195.098282 12.590698 30.602844 0.192958
1530.000000 520.049438 187.537201 14.517456 35.455750 0.189659
1530.000000 399.063782 185.661011 14.751953 34.667023 0.161071
1530.000000 436.284973 194.396439 13.265442 31.222076 0.151211
1530.000000 516.231628 188.279388 10.945068 31.520294 0.126191
1530.000000 548.307678 184.257767 15.348022 37.379120 0.121615
1530.000000 395.841309 178.431107 13.234070 31.452209 0.112370
1530.000000 361.322144 182.230164 12.417725 30.441071 0.104401
1530.000000 431.092316 195.996704 17.734314 43.389771 0.100103
1530.000000 526.229858 185.605545 14.358032 35.668945 0.090523
1530.000000 371.956757 185.842590 11.387573 26.697693 0.072622
1530.000000 340.831970 185.563965 15.939758 36.696442 0.071219
1560.000000 476.715027 186.858917 17.440308 42.320679 0.789907
1560.000000 487.779785 189.434326 13.833069 34.997955 0.539857
1560.000000 483.498627 191.789261 14.310425 40.298920 0.205795
1560.000000 492.915894 193.568237 11.139343 28.050079 0.170184
1560.000000 415.947235 198.815826 10.759094 26.511230 0.141447
1560.000000 442.611847 193.727539 17.328796 41.389587 0.125556
1560.000000 449.224152 194.179276 10.931274 30.034546 0.113474
1560.000000 455.751617 184.854691 20.187317 53.174835 0.069845
1560.000000 513.601624 206.469666 13.109253 32.626984 0.062284
1560.000000 414.431976 201.102676 14.888611 36.997314 0.062140
1560.000000 445.317932 195.079117 11.716003 30.592957 0.060515
1560.000000 432.668823 191.116776 24.333130 57.724518 0.053150
1590.000000 320.398071 188.920334 9.648499 26.622070 0.282675
1590.000000 555.815674 171.824402 18.906738 43.629211 0.138426
1590.000000 222.916107 164.709091 16.369720 41.291534 0.116124
1590.000000 515.294128 183.478683 18.540283 44.763306 0.086976
1590.000000 324.712372 191.478775 11.032837 24.260132 0.076535
1590.000000 582.844849 224.259323 19.829468 44.875992 0.076318
1590.000000 525.874573 191.306168 16.809570 39.768982 0.062094
1590.000000 375.389435 183.350967 13.808105 33.540802 0.053714
1590.000000 491.974091 185.774414 17.419128 39.999359 0.053266
1620.000000 173.299515 183.802551 11.667114 28.281097 0.067009
1620.000000 432.496399 184.314301 13.349243 30.963959 0.061854
1620.000000 421.417084 183.272614 11.512817 26.547882 0.057313
1620.000000 320.504272 195.922699 10.006714 23.541901 0.051926
1650.000000 341.252197 186.948654 17.954041 42.805206 0.879499
1650.000000 483.139832 181.384995 15.190247 37.144775 0.821710
1650.000000 356.467651 195.990509 12.504883 31.581238 0.299335
1650.000000 458.111206 160.271957 24.250610 67.891937 0.244481
1650.000000 347.909485 192.785828 14.944702 36.161835 0.209308
1650.000000 393.293762 192.976746 15.079529 34.964172 0.168827
1650.000000 330.907227 190.316223 11.555725 27.402283 0.125071
1650.000000 382.568542 178.036835 20.315735 49.605560 0.102361
1650.000000 489.777557 182.511826 13.152832 33.153778 0.091530
1650.000000 459.973053 167.298615 17.130615 40.122559 0.085628
1650.000000 526.729675 209.205109 13.087280 32.299530 0.079618
1650.000000 476.957520 184.500381 13.527222 32.522552 0.077354
1650.000000 321.397095 191.184219 10.223938 24.312622 0.068906
1650.000000 385.502167 178.302338 13.818237 33.634552 0.059756
1650.000000 133.214691 196.726120 9.504822 25.915619 0.058105
1650.000000 524.705872 207.861542 18.639282 49.255524 0.057575
1680.000000 548.107422 188.634583 17.180786 41.426392 0.963514
1680.000000 373.143372 181.593323 23.050354 59.752686 0.918853
1680.000000 598.333008 149.944672 24.757812 61.445648 0.347984
1680.000000 447.358643 198.891113 15.114319 35.600342 0.292536
1680.000000 364.206726 190.707672 17.901733 43.017029 0.242430
1680.000000 545.831299 188.964905 12.729980 33.743835 0.198754
1680.000000 556.426514 190.839310 13.846558 34.562103 0.175354
1680.000000 413.980774 159.323654 23.406128 58.166504 0.164174
1680.000000 390.311829 193.284409 18.605652 49.024261 0.152973
1680.000000 445.716431 194.003784 13.364319 31.984283 0.135455
1680.000000 418.756683 161.230209 16.500488 37.510193 0.110095
1680.000000 168.124023 191.027985 9.308044 23.224823 0.082541
1680.000000 409.789185 167.890900 17.982361 43.541473 0.073290
1680.000000 381.416840 183.817703 15.390869 39.998260 0.064924
1680.000000 421.891632 178.668015 12.797119 30.129089 0.064165
1680.000000 44.421707 197.054550 11.157867 28.805603 0.057488
1680.000000 593.356140 145.832108 33.875000 95.947540 0.050084
1710.000000 440.271484 161.751434 52.451172 124.889740 0.992872
1710.000000 400.590729 174.890335 15.441284 37.421173 0.336856
1710.000000 425.732178 178.686829 18.216858 41.716919 0.212951
1710.000000 352.207001 161.048981 15.478149 38.438202 0.132587
1710.000000 391.602417 166.639938 14.596558 34.095490 0.121192
1710.000000 420.101624 176.922073 12.880737 30.187683 0.116737
1710.000000 343.307251 160.840515 16.321472 39.687714 0.110141
1710.000000 342.433228 156.061523 13.883850 30.716888 0.105077
1710.000000 390.257324 183.045898 12.513000 28.854004 0.081800
1710.000000 400.062927 176.563660 21.531006 53.295227 0.072001
1710.000000 416.902832 185.084427 13.100403 29.533142 0.062217
1710.000000 330.168060 160.280594 15.815979 38.387451 0.055990
1710.000000 416.672424 177.052536 24.123413 55.858398 0.052180
1710.000000 391.526550 182.999329 17.376465 39.356873 0.051039
1710.000000 409.804993 178.073853 20.011902 50.100555 0.050803
1740.000000 323.432861 174.148361 11.819397 26.715454 0.174268
1740.000000 331.376495 184.499008 12.927368 31.101685 0.145216
1740.000000 405.374023 169.748520 16.031372 38.649414 0.132119
1740.000000 343.493896 182.842117 14.940979 34.845245 0.109999
1740.000000 122.671616 192.638611 10.825195 25.930115 0.076641
1740.000000 428.805267 169.840454 15.760315 34.310730 0.069441
1740.000000 498.814819 175.592590 12.954346 28.439026 0.068442
1740.000000 505.072601 169.767578 14.902618 36.496124 0.058386
1740.000000 59.235191 189.234573 13.352875 32.546692 0.057921
1740.000000 398.512787 168.362885 20.106140 51.306274 0.055718
1740.000000 113.473450 193.417450 11.542648 30.685577 0.051662
1770.000000 364.819794 185.581924 11.845154 29.625580 0.338110
1770.000000 566.261475 168.518265 18.277466 43.289734 0.284310
1770.000000 561.249084 170.626389 14.410034 34.905640 0.275753
1770.000000 342.557678 175.615540 12.406616 27.749451 0.209970
1770.000000 446.949188 155.752716 16.060242 37.960907 0.200811
1770.000000 573.606018 164.052948 13.343384 31.625000 0.132161
1770.000000 513.066345 161.230286 17.664307 40.921173 0.123525
1770.000000 558.067139 168.484238 22.366333 52.359589 0.120195
1770.000000 337.151672 174.402908 12.001465 27.838501 0.120119
1770.000000 562.461487 165.136810 27.425049 62.180237 0.093065
1770.000000 575.320923 169.582382 16.782471 41.499573 0.058374
1770.000000 604.507874 167.924454 15.285156 35.578491 0.054216
1770.000000 83.530090 197.349854 10.911911 25.237244 0.051118
1800.000000 476.381042 142.278748 20.840393 47.830231 0.543362
1800.000000 470.247040 139.286819 29.290100 68.887634 0.166286
1800.000000 189.568756 176.564789 15.075348 35.206085 0.160763
1800.000000 43.529346 193.405945 14.033371 32.444489 0.153632
1800.000000 467.196442 162.198730 20.274292 47.756989 0.150247
1800.000000 50.938236 178.478806 12.667274 29.202393 0.118007
1800.000000 461.350525 136.580521 13.175049 30.101562 0.093621
1800.000000 479.525635 141.219574 15.307861 33.291290 0.090664
1800.000000 124.838676 185.085342 13.307869 32.830872 0.079716
1800.000000 197.541489 178.849411 14.606506 33.037872 0.054114
1830.000000 433.859314 170.854340 19.978271 52.350067 0.448514
1830.000000 391.386169 168.834824 20.306946 44.760834 0.305658
1830.000000 566.319763 142.371292 20.723267 52.178009 0.205535
1830.000000 558.035156 138.526184 32.352661 77.029755 0.161625
1830.000000 396.615509 167.416992 14.835388 31.871246 0.099194
1830.000000 388.164551 177.232620 14.943359 34.869751 0.090294
1830.000000 409.968750 174.105957 15.603210 40.726715 0.089611
1830.000000 532.430359 132.136353 21.171997 50.165070 0.087800
1830.000000 570.099548 144.733734 14.344360 34.878265 0.086867
1830.000000 382.937714 177.465088 14.682129 33.788483 0.071066
1830.000000 44.104065 191.695694 12.935867 31.991425 0.062357
