30.000000 154.325150 187.834381 17.503448 44.682831 0.348045
30.000000 80.446579 184.885147 18.761322 42.783813 0.296981
30.000000 82.409401 185.595963 12.557495 30.346039 0.178381
30.000000 103.718903 186.086670 16.675415 38.408966 0.154463
30.000000 413.956390 207.570084 16.191650 41.282867 0.139363
30.000000 75.680626 184.445068 26.763397 62.554291 0.126083
30.000000 2.365859 188.865097 13.687454 43.254028 0.074999
30.000000 99.916214 185.063293 24.708084 58.948639 0.057713
30.000000 429.932617 204.646576 17.556519 40.948730 0.053571
30.000000 14.336602 184.697433 15.432647 33.225708 0.053303
30.000000 596.114136 1.052483 39.305786 101.718391 0.052090
60.000000 10.228191 174.559601 16.272243 38.525940 0.256828
60.000000 143.244736 195.254837 13.472076 33.188324 0.188247
60.000000 35.120857 181.924820 16.755341 40.434692 0.076766
60.000000 445.974792 208.286133 23.220764 56.821411 0.056584
60.000000 130.115540 175.797668 12.641174 27.682251 0.055518
120.000000 42.436256 200.267334 18.938377 46.857941 0.757537
120.000000 28.312832 191.833862 25.106377 58.233185 0.540450
120.000000 21.610771 192.552536 21.604225 51.122833 0.264181
120.000000 26.373852 190.343384 15.134964 36.944580 0.140707
120.000000 16.457907 192.533844 15.363750 35.520081 0.119830
120.000000 12.052742 207.092880 17.406158 38.286987 0.062106
120.000000 21.245392 191.853424 15.372715 32.887848 0.055438
150.000000 66.920692 124.433350 15.033905 34.977875 0.131159
150.000000 109.098030 175.758057 13.947327 33.301758 0.087003
150.000000 10.850222 149.422592 17.261711 39.551605 0.076130
150.000000 114.653519 167.752411 12.375763 32.838776 0.067030
150.000000 109.593292 172.201889 19.392059 49.835724 0.056349
180.000000 125.174294 182.930328 13.207298 33.318085 0.150487
180.000000 121.407173 178.780258 12.775139 31.394592 0.054178
240.000000 520.783997 9.645430 22.090332 59.770393 0.336790
270.000000 526.228333 223.613358 14.872681 31.005371 0.163157
270.000000 531.000793 222.360107 15.312378 33.575989 0.076388
270.000000 410.219177 223.375427 18.737305 40.874817 0.075097
270.000000 412.868469 222.811249 12.507507 31.027618 0.061245
300.000000 79.468262 124.322578 39.295212 101.189507 0.291589
300.000000 594.407776 204.861923 15.676025 38.379669 0.101345
300.000000 20.523102 155.905029 30.116432 72.913483 0.100425
330.000000 113.003754 146.681946 13.947479 34.743225 0.163438
330.000000 25.899038 161.381760 18.501245 41.323853 0.116920
330.000000 31.295643 129.839523 14.220055 34.620911 0.116100
330.000000 298.883545 173.654755 16.873596 40.118378 0.114327
330.000000 2.258762 127.093521 20.009481 53.728729 0.090096
330.000000 509.010956 182.930206 15.992096 38.990601 0.069252
330.000000 69.623123 246.754517 17.842575 41.655640 0.065078
360.000000 122.484215 169.672440 18.261116 38.936859 0.196267
360.000000 104.342422 168.213684 22.793472 57.058685 0.162155
360.000000 93.832947 184.355774 14.697983 35.022125 0.137918
360.000000 89.127373 91.347916 17.625275 39.372238 0.122306
360.000000 606.031433 195.022034 22.077759 48.840027 0.105963
360.000000 129.211533 171.688110 14.482849 32.389099 0.103040
360.000000 597.475464 165.962616 31.659790 87.712769 0.089475
360.000000 106.469414 169.190598 15.178696 33.726685 0.078205
360.000000 145.378128 176.260559 14.945587 33.468048 0.071946
360.000000 47.457184 169.480972 25.585564 67.205444 0.065395
360.000000 35.691223 179.547943 15.844345 35.261688 0.064928
360.000000 64.993698 172.971207 13.935257 32.689667 0.054862
360.000000 52.014759 174.207092 14.036892 32.385834 0.052216
390.000000 56.686432 178.639984 17.914871 44.946747 0.161078
390.000000 492.525330 163.480972 15.758728 37.948914 0.128012
390.000000 501.786896 152.619598 17.855560 42.348755 0.087887
390.000000 1.755734 167.687164 20.356827 59.803131 0.075280
390.000000 12.343795 144.356613 14.578168 33.981812 0.073627
420.000000 587.940369 129.949097 15.875244 35.552948 0.109697
420.000000 533.300537 200.077621 18.016968 42.206635 0.105866
420.000000 356.581024 177.760712 13.653748 33.518829 0.102235
420.000000 106.844673 187.454910 17.265884 40.027008 0.064424
420.000000 547.747742 207.703033 21.976562 49.227936 0.061315
420.000000 280.182648 176.718155 13.259399 31.017242 0.050646
450.000000 26.024933 214.190063 13.661179 29.915588 0.481948
450.000000 575.324646 148.376831 21.044067 48.339081 0.451323
450.000000 71.673027 167.230499 18.750381 44.757751 0.241470
450.000000 362.446594 172.718124 18.263245 45.288300 0.209204
450.000000 594.468567 150.736435 12.997559 29.175476 0.135133
450.000000 574.295776 151.262817 15.617920 35.625488 0.117849
450.000000 66.979530 167.312134 26.563431 67.379578 0.104085
450.000000 573.026917 145.816483 30.460693 70.087463 0.096813
450.000000 101.606583 175.216064 20.117416 50.720306 0.082614
450.000000 104.154655 175.754150 14.089951 32.142181 0.079356
450.000000 268.923767 180.279602 12.713867 30.443085 0.076806
450.000000 118.147003 186.646576 14.934448 35.932526 0.061813
450.000000 124.269562 169.153595 30.868134 69.871857 0.056363
480.000000 388.027283 164.501404 23.542725 60.895508 0.468225
480.000000 58.162857 193.286469 12.431854 30.197784 0.174231
480.000000 494.849823 167.569031 15.199890 37.929962 0.125636
480.000000 284.681458 174.133438 15.520203 39.338440 0.120281
480.000000 476.288971 165.999802 15.865784 42.507202 0.109922
480.000000 456.155884 180.361023 10.893860 25.415283 0.104240
480.000000 325.946472 149.483719 22.161682 58.700836 0.090008
480.000000 388.910004 167.807114 18.256287 37.566193 0.082967
480.000000 182.203461 139.684097 36.570160 84.035187 0.070222
480.000000 86.902229 182.129883 14.442841 35.203339 0.057713
480.000000 393.959106 174.707565 15.944763 35.202209 0.057109
480.000000 171.500626 177.791351 17.080505 41.646210 0.052480
480.000000 510.125854 166.170395 16.471191 43.035583 0.051960
510.000000 514.433655 161.195053 17.936279 43.535950 0.573063
510.000000 381.226532 148.173676 24.208313 58.676270 0.417440
510.000000 198.579849 181.578766 24.298035 65.603333 0.330388
510.000000 180.300476 177.018494 15.175873 36.783539 0.319926
510.000000 12.462097 176.576813 12.321541 30.156311 0.211592
510.000000 571.579834 172.002701 14.866211 31.571228 0.198681
510.000000 201.918915 180.922394 17.530762 45.701935 0.122496
510.000000 191.464508 179.747253 15.486511 36.753174 0.110911
510.000000 395.557465 131.892365 24.378784 64.925201 0.101554
510.000000 285.529510 173.299988 13.739807 34.889465 0.097833
510.000000 176.687775 171.018051 23.715790 58.359253 0.096804
510.000000 200.014542 140.430176 21.484406 46.050415 0.091527
510.000000 29.758757 174.718353 11.853994 28.637634 0.081142
510.000000 477.233246 157.689758 17.986938 41.437836 0.077603
510.000000 282.026245 169.710052 22.413391 49.813416 0.066912
510.000000 335.423401 144.368790 20.272034 46.112366 0.064232
540.000000 515.342407 90.805397 13.589355 31.693665 0.458290
540.000000 194.647888 172.670792 16.930267 41.177307 0.204509
540.000000 212.117294 181.566330 18.047882 46.714294 0.185780
540.000000 423.644592 130.054291 23.945984 66.266113 0.159789
540.000000 103.062935 156.947952 13.190186 32.460266 0.115881
540.000000 107.603134 160.974838 15.722336 36.495239 0.085513
540.000000 480.573486 122.551147 13.280640 31.695404 0.070447
540.000000 102.343719 158.539841 21.990265 53.142151 0.067780
540.000000 203.769485 181.178055 13.498566 27.801392 0.059941
540.000000 203.077332 164.716766 14.662842 34.596436 0.058602
540.000000 83.807861 173.121170 15.677353 36.430817 0.057760
540.000000 427.161865 129.936279 14.718506 36.269836 0.052206
540.000000 220.551315 180.890625 14.787109 36.445709 0.052097
570.000000 192.238617 177.832214 15.045288 36.391296 0.190288
570.000000 148.787674 182.293686 13.036652 28.716034 0.184908
570.000000 336.438110 177.099136 13.135620 33.358246 0.179588
570.000000 584.451721 77.690613 18.293091 43.904129 0.177660
570.000000 200.696381 178.481842 15.726776 37.628021 0.147495
570.000000 107.667259 188.340317 11.948395 29.874237 0.146137
570.000000 360.525757 156.195190 26.605225 73.405457 0.118235
570.000000 205.726700 181.629059 13.620148 29.342590 0.112903
570.000000 68.721336 166.152435 12.492432 28.944916 0.106703
570.000000 304.788849 190.207352 16.082214 38.711243 0.088152
570.000000 208.503387 166.756210 16.555634 39.445038 0.079426
570.000000 202.239594 164.662247 27.328400 68.392365 0.072704
570.000000 171.095261 178.508606 13.704315 33.439148 0.069900
570.000000 568.828918 166.347046 19.191895 47.175049 0.064829
570.000000 189.270996 171.891907 21.820770 55.185944 0.059867
570.000000 4.684491 164.841507 10.709940 27.926788 0.058011
570.000000 481.149567 181.603424 17.436096 41.109741 0.055818
570.000000 204.817429 178.549774 19.025818 45.966797 0.055324
600.000000 208.613434 178.540482 14.602814 36.447662 0.485330
600.000000 140.700790 186.995544 16.109955 40.035187 0.198775
600.000000 207.789459 172.889908 21.706146 54.239288 0.178482
600.000000 173.841232 154.771484 25.759796 67.692322 0.165706
600.000000 214.139648 171.019745 13.547058 31.899658 0.148114
600.000000 218.054001 186.116226 14.111969 34.743073 0.147223
600.000000 7.831213 226.078445 13.929472 31.995346 0.138804
600.000000 168.150772 183.243652 16.007355 38.263397 0.093266
600.000000 174.790787 177.812057 20.801910 52.215912 0.075430
600.000000 179.040405 164.286819 15.349487 36.504730 0.075028
600.000000 101.752296 188.514435 12.292770 32.674927 0.071124
600.000000 564.712402 145.850708 26.971436 62.475494 0.069450
600.000000 2.625855 189.114410 16.242069 45.797272 0.063682
600.000000 570.343750 146.755066 18.403198 40.849579 0.063244
600.000000 196.210419 164.371368 13.951080 33.829865 0.058998
600.000000 174.396576 182.225464 13.748901 30.957245 0.058973
600.000000 186.356049 186.481003 14.293762 29.998260 0.054926
600.000000 226.511932 176.000183 18.204407 47.723236 0.051097
630.000000 222.280350 175.126968 15.594208 39.234436 0.307718
630.000000 229.227753 181.401398 15.191589 35.210693 0.149084
630.000000 195.752655 186.530609 15.808685 35.850586 0.111585
630.000000 183.998810 181.109756 15.874237 38.047729 0.103493
630.000000 290.930206 169.909836 16.503967 39.070709 0.097304
630.000000 237.549316 186.103943 11.688171 29.702026 0.091036
630.000000 309.150909 159.050400 19.983093 46.683350 0.078219
630.000000 246.679474 182.925308 10.936157 26.178986 0.074594
630.000000 281.080811 160.787033 21.221130 51.346344 0.062728
660.000000 30.369902 209.209991 12.475176 25.226257 0.447766
660.000000 239.645859 178.105606 11.853516 30.696442 0.178587
660.000000 236.983963 174.314514 17.768524 44.119110 0.086147
660.000000 511.867004 200.247147 12.656006 30.292389 0.056954
690.000000 234.743988 152.034714 30.034882 73.056519 0.343437
690.000000 172.761261 167.239792 14.194763 33.747681 0.231515
690.000000 25.600037 186.772873 16.298393 40.101288 0.226960
690.000000 12.901263 198.936890 17.772449 44.285919 0.138677
690.000000 41.353485 192.851303 15.693710 38.323242 0.131000
690.000000 228.289780 163.748459 18.157715 45.113556 0.099438
690.000000 221.771347 156.226761 26.050995 66.040802 0.070267
690.000000 207.051834 177.470978 16.794098 38.911560 0.051463
720.000000 185.844574 159.759979 19.728333 49.358246 0.197489
720.000000 165.733704 191.118332 11.980530 30.475494 0.094509
720.000000 217.005066 159.520889 15.488342 38.194641 0.075071
720.000000 231.085709 170.484970 18.962585 46.585236 0.069988
720.000000 51.677673 201.884796 13.110199 31.179932 0.065672
720.000000 195.289902 160.629990 19.895416 51.504486 0.063936
720.000000 188.401184 160.070206 13.755219 33.400360 0.058392
720.000000 225.852158 157.891754 27.356628 70.191620 0.051438
750.000000 412.154419 168.620850 16.404175 38.261017 0.395487
750.000000 400.164124 169.884384 13.330811 32.651031 0.364859
750.000000 362.566467 191.591660 13.191467 29.925110 0.337822
750.000000 0.000000 224.995590 35.386505 108.601425 0.121899
750.000000 187.730804 184.113144 16.776459 39.233734 0.068835
750.000000 433.655212 211.455368 15.642212 37.076599 0.055319
810.000000 484.939056 152.930695 20.361023 56.749817 0.486726
810.000000 474.189392 155.163544 23.143311 55.617065 0.092716
810.000000 498.161591 168.795578 18.793671 44.668945 0.057463
840.000000 233.714706 181.647491 14.357788 34.108459 0.177503
840.000000 221.951462 183.550110 13.587952 32.305878 0.173049
840.000000 468.381714 174.524033 11.341492 29.480347 0.126747
840.000000 228.861740 183.249924 13.330994 31.120239 0.125755
840.000000 507.528870 143.214630 15.267944 35.808441 0.118365
840.000000 463.901398 155.885300 11.308411 27.295868 0.089863
840.000000 539.035950 153.521225 15.281738 35.821350 0.076016
840.000000 210.616211 180.458160 16.045502 39.049744 0.063195
840.000000 471.582458 157.735748 15.358337 37.143646 0.058613
840.000000 564.458313 146.671112 16.210571 38.463989 0.052738
840.000000 475.602020 171.798050 14.660461 33.140900 0.052616
870.000000 568.412048 146.565964 21.770386 57.037170 0.058649
870.000000 618.195618 84.970192 15.150757 32.768814 0.052529
900.000000 138.547501 208.379837 15.412445 33.801147 0.141680
900.000000 399.123383 165.225311 17.821594 44.854553 0.069064
900.000000 221.651764 166.813843 13.187836 32.318176 0.052484
960.000000 204.797256 176.568146 14.472870 34.843781 0.055862
990.000000 416.856873 135.873749 42.039917 115.225647 0.107030
990.000000 175.066406 183.358490 16.317444 38.056061 0.075917
990.000000 192.655670 177.373581 12.134644 30.191681 0.061081
1020.000000 114.654037 218.431717 21.674469 53.883011 0.581747
1020.000000 546.138916 205.696487 18.500610 41.698975 0.107962
1020.000000 147.390457 176.785049 14.460327 31.206360 0.070121
1050.000000 544.740356 166.915054 11.644409 29.356354 0.058982
1080.000000 101.343117 218.619339 23.583557 58.758377 0.108583
1110.000000 236.520035 172.358032 13.345215 32.950928 0.337106
1110.000000 301.702850 194.209991 12.424255 30.195374 0.271590
1110.000000 162.686172 209.675766 10.113281 23.470398 0.223582
1110.000000 374.884308 186.374695 12.146667 29.454559 0.117805
1110.000000 426.173615 171.586273 12.377075 29.789337 0.110160
1110.000000 283.902893 182.749756 15.928101 38.881927 0.085373
1110.000000 221.034790 180.517303 12.623413 29.475586 0.083408
1110.000000 396.552338 185.665131 13.177856 31.800262 0.082250
1110.000000 224.369644 176.989624 13.382446 31.231476 0.077006
1110.000000 292.697174 183.165924 15.777588 37.913910 0.075029
1110.000000 433.902618 170.446548 12.586609 31.667542 0.073168
1110.000000 125.373642 209.356827 12.180634 28.826355 0.072977
1110.000000 241.695297 175.159180 13.688873 31.789124 0.064959
1110.000000 232.903091 170.088898 21.236481 50.821472 0.062118
1140.000000 138.681305 207.133316 12.306061 29.628571 0.528796
1140.000000 165.294907 209.590088 10.799255 25.960754 0.292524
1140.000000 307.826721 170.171371 17.979065 40.992676 0.139619
1140.000000 438.609436 171.362625 14.517517 33.843750 0.092695
1140.000000 360.709717 164.278564 15.858948 35.710114 0.068521
1140.000000 359.875641 163.868896 20.942749 54.223419 0.055325
1140.000000 444.480530 172.199722 14.269653 35.297852 0.053642
1140.000000 480.824005 168.065674 10.835205 29.485687 0.050579
1170.000000 504.017975 183.626709 12.066193 28.396942 0.158795
1170.000000 501.091400 184.962418 10.503662 26.156433 0.096524
1170.000000 579.667786 184.513275 18.917480 44.493774 0.082555
1170.000000 268.144318 196.109650 11.886597 28.655243 0.072916
1200.000000 608.858521 103.903748 30.523682 109.954712 0.374069
1200.000000 314.618866 172.007553 11.111084 28.498810 0.229408
1200.000000 553.542542 149.955826 16.424927 42.617157 0.142565
1200.000000 409.459869 163.670441 18.868469 47.619110 0.104749
1200.000000 586.460754 145.933289 20.444458 51.809113 0.067863
1200.000000 544.688171 110.777534 13.826294 32.985863 0.063949
1200.000000 146.666916 105.480545 19.685516 44.512772 0.062026
1200.000000 619.559204 114.289932 20.086670 74.485199 0.054719
1230.000000 523.106201 114.649239 19.504517 46.438972 0.224732
1230.000000 483.348969 126.009735 21.408203 47.834747 0.175776
1230.000000 497.683472 129.152344 15.899780 36.702789 0.148965
1230.000000 407.105652 174.585617 12.785828 31.103546 0.113505
1230.000000 402.510162 177.177750 10.522949 25.058533 0.107902
1230.000000 183.755600 182.855835 12.754608 28.749817 0.069000
1230.000000 525.473633 115.146515 14.581665 29.573883 0.068121
1230.000000 388.129517 174.548050 14.332275 35.025299 0.065484
1230.000000 394.913788 178.162918 12.692505 33.122833 0.060182
1260.000000 66.541222 217.827209 27.698608 69.502075 0.134738
1260.000000 235.542709 166.393295 13.409729 32.354095 0.070275
1290.000000 315.885071 174.667618 12.280701 30.502533 0.055357
1320.000000 336.806763 165.181641 19.329834 50.672760 0.357754
1320.000000 292.651550 184.448654 10.618286 27.361450 0.083398
1320.000000 0.000000 4.198990 126.682121 345.642944 0.054207
1350.000000 408.811615 121.567299 9.975037 28.532707 0.274156
1350.000000 594.124268 105.276833 14.988892 32.367668 0.126514
1350.000000 342.307190 176.588150 13.389832 29.392181 0.064261
1350.000000 566.040222 123.100449 14.001831 29.813354 0.063931
1380.000000 422.769318 116.065056 14.498962 34.174889 0.447467
1380.000000 329.214508 171.914673 13.889587 36.110962 0.321519
1380.000000 506.002197 107.727753 15.622803 37.944595 0.268434
1380.000000 509.676147 136.770981 10.877075 22.463928 0.084506
1380.000000 506.666382 120.215912 16.546265 38.849091 0.072105
1410.000000 520.082520 110.131012 13.246704 31.559982 0.365950
1410.000000 593.246948 185.178436 13.119873 29.979309 0.140269
1410.000000 549.996704 177.839661 11.637817 30.522430 0.120598
1410.000000 413.838043 147.079865 18.705505 44.001526 0.110367
1410.000000 341.308319 171.993881 12.166016 30.386444 0.069847
1410.000000 526.951233 116.426872 11.401367 25.280617 0.055899
1410.000000 351.145721 176.370514 16.870300 40.823639 0.055428
1410.000000 515.611450 182.449722 14.172729 35.944855 0.051275
1440.000000 417.505005 158.899857 15.764038 38.251678 0.294017
1440.000000 363.887421 164.251450 13.783936 34.085327 0.287460
1440.000000 348.860199 169.226151 11.714600 29.937927 0.122791
1440.000000 457.314667 111.572868 18.874146 38.546577 0.051553
1500.000000 406.336273 150.795914 21.717773 53.204590 0.258117
1500.000000 527.801514 119.422958 13.549316 31.402893 0.116693
1500.000000 368.832703 170.070267 14.910950 36.443573 0.095285
1500.000000 407.324890 153.137985 14.703308 32.076019 0.062687
1500.000000 352.910370 178.984711 14.844849 39.523254 0.057959
1500.000000 625.263611 93.052872 14.644409 44.800186 0.056147
1500.000000 413.746338 156.147980 19.280945 46.793823 0.051988
1530.000000 505.627594 139.144348 15.686920 37.590942 0.286996
1530.000000 410.373260 141.222153 14.109192 32.651886 0.121585
1530.000000 455.153625 133.257721 13.541870 32.202179 0.095622
1560.000000 481.858215 141.689041 15.730957 36.169922 0.170597
1560.000000 371.260284 147.823166 20.599854 53.061707 0.143513
1590.000000 361.381531 134.081482 23.077759 59.006439 0.221463
1590.000000 327.769165 143.627228 18.166870 40.618988 0.180515
1590.000000 445.814636 122.628784 15.998291 40.190216 0.177303
1590.000000 386.310974 142.027481 11.867310 29.342682 0.171368
1590.000000 341.938751 153.887573 15.838013 40.668610 0.149136
1590.000000 382.819061 127.177170 26.990051 73.246796 0.129995
1590.000000 429.118866 140.042648 11.792358 28.275513 0.129123
1590.000000 365.217102 133.299408 16.501648 40.102386 0.126728
1590.000000 467.392670 207.184814 15.465332 35.420593 0.104078
1590.000000 488.787964 140.505478 19.376770 45.849640 0.081877
1590.000000 390.897308 140.412308 15.324219 35.797516 0.078345
1590.000000 379.018616 144.723984 22.291138 55.036896 0.069339
1590.000000 449.282898 119.738930 19.464355 45.683510 0.064755
1590.000000 330.094940 142.867325 12.593323 29.313263 0.054253
1590.000000 492.892120 142.687180 12.265503 29.769257 0.053648
1620.000000 335.076752 168.103683 15.370117 35.889191 0.202434
1650.000000 424.334198 158.334290 17.446472 41.792480 0.382285
1650.000000 444.594238 133.922501 12.878601 28.797699 0.239716
1650.000000 439.405670 164.211731 15.032837 36.248993 0.168852
1650.000000 379.856232 174.531113 12.601379 30.358826 0.157943
1650.000000 344.713898 164.626419 14.629395 35.202606 0.087509
1650.000000 357.510956 173.580032 15.251953 39.817444 0.062752
1680.000000 354.152008 161.830170 22.727478 53.459198 0.446358
1680.000000 347.167114 166.453857 19.543457 47.253113 0.353449
1680.000000 192.709000 208.331741 25.963409 62.460190 0.193786
1680.000000 389.092926 169.699768 26.420959 61.401794 0.125725
1680.000000 355.905670 167.103775 15.857422 37.314667 0.108737
1680.000000 314.076996 144.326462 14.588257 34.633148 0.099783
1680.000000 242.292236 143.994354 14.987671 37.357452 0.066343
1680.000000 362.417480 160.680130 18.342041 45.218384 0.064567
1680.000000 461.674774 132.464035 15.285339 33.776581 0.057548
1680.000000 416.502991 145.657181 14.941711 34.779968 0.055837
1680.000000 443.291901 134.216232 18.279602 45.832672 0.053579
1680.000000 363.667511 159.092773 14.277771 31.213318 0.050167
1710.000000 369.411957 167.700882 25.078369 61.305542 0.419794
1710.000000 381.342438 159.094330 21.652832 54.978638 0.347724
1710.000000 284.856903 184.729935 12.529236 32.401276 0.224837
1710.000000 517.612610 177.716522 14.749634 35.512268 0.188912
1710.000000 262.364990 148.812698 16.160278 37.888000 0.130387
1710.000000 559.867371 80.207077 24.157593 61.657532 0.093770
1710.000000 348.783112 156.355103 14.240845 33.826385 0.086108
1710.000000 354.108765 170.355545 13.985535 33.169159 0.084984
1710.000000 371.069702 167.940567 17.198120 41.166687 0.077948
1710.000000 384.451172 159.691452 14.396606 32.977386 0.075782
1710.000000 414.256958 170.576843 15.021606 36.039276 0.063313
1710.000000 341.290863 129.035141 14.213196 31.130035 0.054014
1740.000000 75.625587 209.768753 14.864319 34.841644 0.535450
1740.000000 393.410217 141.887482 33.941040 87.489288 0.208689
1740.000000 43.717838 216.765411 13.326248 31.296753 0.156250
1740.000000 278.509674 181.101700 14.941772 37.251678 0.114379
1740.000000 358.325806 157.930054 15.057739 35.456512 0.106228
1740.000000 20.760761 218.138245 12.204426 30.572815 0.101185
1740.000000 400.184509 146.200897 17.629944 41.758514 0.084970
1740.000000 386.745789 158.794510 19.564819 47.084045 0.081544
1770.000000 413.210114 130.924210 16.547546 39.266876 0.253168
1770.000000 289.867004 111.263855 17.932922 41.368744 0.210590
1770.000000 61.043358 208.074158 10.586212 27.344666 0.161164
1770.000000 12.444793 213.640671 12.951280 29.179260 0.131729
1770.000000 2.635302 199.370880 15.457722 39.180695 0.090446
1770.000000 212.944489 202.529449 18.964417 45.292419 0.077742
1770.000000 117.947273 244.540298 12.385994 32.307297 0.068060
1770.000000 410.191895 131.930206 24.458069 56.991882 0.051553
1800.000000 560.550781 101.154114 14.217407 33.002838 0.218345
1800.000000 39.053452 205.881805 11.654610 27.783264 0.199776
1800.000000 3.657723 199.460724 13.724116 33.234680 0.153824
1800.000000 49.383045 208.454590 10.992165 26.862000 0.073861
1830.000000 11.100021 191.706589 13.938698 35.170044 0.564372
1830.000000 29.094505 171.660706 14.193031 33.195160 0.379395
1830.000000 0.326192 195.123047 12.339691 33.535339 0.293457
1830.000000 50.388344 208.919022 10.934807 25.965637 0.254794
1830.000000 39.068840 202.649094 13.424683 31.125427 0.167649
1830.000000 211.159470 193.827393 10.227448 24.231567 0.147373
1830.000000 26.430519 170.782745 20.970490 54.066132 0.105224
1830.000000 163.224106 206.223114 14.199463 33.626404 0.087017
1830.000000 16.432608 191.741867 12.617584 30.873810 0.080600
1830.000000 33.577682 172.813446 15.136032 35.216431 0.076144
1830.000000 171.280594 198.900223 10.916473 25.147461 0.067119
