30.000000 466.010071 155.576843 29.886658 76.025635 0.988747
30.000000 359.514648 195.275604 12.575684 31.059265 0.104412
30.000000 466.814636 158.740433 18.584900 40.855255 0.101558
30.000000 139.995895 189.290848 13.478455 32.499298 0.099912
30.000000 359.603210 187.159592 17.983765 45.471649 0.058660
60.000000 349.941803 167.537094 26.616943 66.838867 0.992889
60.000000 554.463501 141.886673 38.342651 100.423035 0.992406
60.000000 406.501129 168.659821 24.723633 62.543243 0.722816
60.000000 323.106720 177.696182 22.629883 55.933044 0.456302
60.000000 156.570969 177.707138 12.731354 32.183380 0.334944
60.000000 408.340424 187.187531 17.583984 44.195831 0.288469
60.000000 381.973663 175.777542 30.224670 74.697754 0.211549
60.000000 321.798676 182.874191 14.792419 35.677643 0.188970
60.000000 326.443634 178.917862 15.241028 35.584381 0.079942
60.000000 362.387939 182.093246 21.812683 51.389221 0.073278
60.000000 370.963165 166.885788 15.253479 36.364777 0.073042
60.000000 380.496124 177.500900 15.767944 35.155823 0.053004
90.000000 433.127228 158.009918 34.694946 88.713898 0.992027
90.000000 386.676300 154.105423 37.563171 93.297882 0.984142
90.000000 358.175385 149.195068 27.131714 71.437805 0.274574
90.000000 24.118830 202.479950 14.884375 35.697144 0.154660
90.000000 432.972534 161.261047 20.796448 50.806274 0.129307
90.000000 446.865753 159.163223 29.688721 83.205017 0.123434
90.000000 283.987152 187.264893 12.472351 30.891968 0.110812
90.000000 463.042389 133.468933 56.644867 145.580566 0.107408
90.000000 390.351166 154.739258 24.958069 57.909424 0.072302
90.000000 367.637299 149.880920 30.830505 70.711914 0.058307
90.000000 0.000000 182.061218 19.004936 99.591125 0.056751
120.000000 503.915588 145.801178 55.655518 135.564392 0.990158
120.000000 476.941101 140.416534 50.318665 139.721558 0.989316
120.000000 460.248993 174.087189 25.762390 55.487122 0.552233
120.000000 517.853821 152.416840 34.101562 72.960602 0.255107
120.000000 509.074341 146.591949 25.642334 57.584991 0.141435
120.000000 163.541138 185.845917 15.548248 37.434082 0.111648
120.000000 379.491638 151.662369 16.175171 37.201965 0.076094
120.000000 148.943024 190.224609 14.735931 36.863525 0.062310
120.000000 531.786560 159.909332 24.845337 60.214539 0.054397
120.000000 502.204742 151.556152 38.188446 88.324921 0.052897
150.000000 8.348806 209.427109 18.746700 42.093536 0.294193
150.000000 158.610565 204.652313 13.769043 34.167694 0.167054
150.000000 0.143518 199.523529 11.601402 49.376099 0.101996
150.000000 597.993347 197.507538 14.252075 35.155945 0.101281
150.000000 133.307175 189.467117 15.491852 37.133179 0.099409
150.000000 576.509399 204.954987 12.591797 30.511230 0.096214
150.000000 626.404846 183.243057 13.448486 34.105896 0.094568
150.000000 397.448517 192.041916 14.403320 35.533447 0.087049
150.000000 220.307449 195.377182 13.875519 34.142334 0.082536
150.000000 623.206665 176.062210 16.611328 66.144806 0.075280
150.000000 372.807465 188.181244 12.647461 32.322510 0.069084
150.000000 591.765686 197.495407 12.170654 25.783142 0.065492
150.000000 573.904236 191.811432 14.562866 31.911774 0.058837
150.000000 4.575125 205.855011 15.747131 39.150299 0.051304
180.000000 125.097885 204.696579 12.920135 35.872559 0.180526
180.000000 562.383606 167.682022 18.760498 46.396820 0.153637
180.000000 25.059513 222.840942 15.272385 38.787994 0.095282
180.000000 482.413361 181.518433 13.293030 33.861694 0.093217
180.000000 560.747314 160.975983 32.647217 84.917938 0.066294
180.000000 441.216888 175.323044 15.210632 34.325989 0.063619
180.000000 600.341187 170.952805 29.759399 73.234222 0.061200
180.000000 626.820740 187.600220 13.179260 53.090912 0.060090
180.000000 180.392502 213.200378 14.114899 31.534668 0.058902
180.000000 383.771576 187.253860 13.778625 32.480499 0.052312
210.000000 344.064148 177.380112 17.334412 41.796356 0.318097
210.000000 170.933945 197.292679 18.169617 43.647400 0.126359
210.000000 97.894318 191.482330 28.071075 57.324524 0.122209
210.000000 431.433167 198.831436 11.016907 27.544891 0.117284
210.000000 37.922844 216.392853 15.862480 37.750977 0.100090
210.000000 130.860718 196.808731 15.633179 36.528076 0.097537
210.000000 269.280060 203.486862 12.654358 29.913177 0.088305
210.000000 104.581886 193.769012 17.159561 42.870331 0.071019
210.000000 522.033264 179.286591 16.469971 39.204529 0.059375
210.000000 115.128799 194.469910 17.394608 42.696075 0.054095
210.000000 300.974823 200.540237 10.929626 27.471069 0.053630
240.000000 244.835449 190.429688 13.770538 32.685394 0.168832
240.000000 17.164402 159.796036 18.412922 43.260681 0.133414
240.000000 13.454187 157.352783 27.244360 62.330505 0.095822
240.000000 390.554962 189.687927 8.899658 24.813354 0.093827
240.000000 186.050583 160.931320 18.360657 42.134277 0.092791
240.000000 123.487244 159.855515 31.881714 75.202332 0.086685
240.000000 17.344402 182.352142 18.505608 40.377075 0.081211
240.000000 531.020813 181.060638 12.066284 27.935028 0.073708
240.000000 428.668854 182.131714 10.555603 24.533661 0.062829
240.000000 40.823414 161.696823 28.187054 69.283417 0.057516
240.000000 0.000000 161.219803 10.837088 64.955322 0.050201
270.000000 244.728455 194.025421 10.188019 26.742340 0.431444
270.000000 238.381744 191.539490 11.867188 29.218933 0.389364
270.000000 564.002563 178.387360 12.621216 29.779175 0.236862
270.000000 531.529785 182.515411 10.592407 27.549469 0.213507
270.000000 527.655518 182.781876 17.224243 39.973053 0.175871
270.000000 346.325165 184.066544 11.853516 29.631104 0.150775
270.000000 606.634766 143.596237 24.017578 53.936859 0.146670
270.000000 520.476501 173.779785 14.124634 35.127136 0.144970
270.000000 319.277527 181.591263 10.585083 28.549927 0.116965
270.000000 287.954071 185.027756 11.888245 28.641907 0.098876
270.000000 464.655487 185.551971 12.822144 30.969818 0.097827
270.000000 398.528564 177.918152 9.795959 23.355072 0.089483
270.000000 552.066711 179.269852 15.450195 34.365723 0.084158
270.000000 283.357635 186.438950 10.622620 26.667816 0.083833
270.000000 575.184753 161.383087 19.441284 47.999390 0.082411
270.000000 436.366333 184.543106 11.873657 27.734039 0.073965
270.000000 121.131012 185.527847 11.989868 30.381317 0.061394
270.000000 276.094604 188.135056 10.627625 24.373749 0.061168
270.000000 102.218857 192.066483 14.878708 39.144714 0.057404
270.000000 123.363892 192.735901 14.169647 34.813110 0.056829
270.000000 560.344727 175.955200 17.630127 43.260345 0.054823
270.000000 576.209534 162.594406 13.040161 31.588409 0.052224
270.000000 268.197449 187.313751 12.325378 27.715210 0.052047
270.000000 613.330994 145.344803 13.817139 32.801208 0.050837
270.000000 176.471512 190.916748 16.610168 40.431458 0.050108
300.000000 85.634872 195.822342 11.540268 30.473846 0.766633
300.000000 114.727379 191.244888 12.846451 31.498505 0.557168
300.000000 516.457397 209.369415 14.732178 34.753571 0.551117
300.000000 104.018227 189.311035 11.992996 30.472351 0.538295
300.000000 588.608032 167.916534 22.806519 57.839081 0.331035
300.000000 65.343994 193.417648 11.941040 27.964172 0.328266
300.000000 401.614624 174.699097 17.603943 41.889252 0.273726
300.000000 11.366566 195.497894 13.519310 32.848999 0.270148
300.000000 139.839249 186.924820 11.579407 27.273285 0.209173
300.000000 187.857452 187.643158 12.728271 33.239929 0.192564
300.000000 495.956421 195.842087 17.815308 41.867645 0.168622
300.000000 405.103180 172.481934 12.556213 32.109192 0.155625
300.000000 580.646545 195.907166 16.016357 38.583160 0.153755
300.000000 441.248779 167.659546 16.229065 37.207581 0.145053
300.000000 125.082657 183.931671 11.470673 27.089874 0.128781
300.000000 109.055908 190.118286 10.972122 26.275818 0.117707
300.000000 499.061279 195.610245 12.355225 29.917267 0.112067
300.000000 36.700287 201.066818 13.579140 30.638367 0.087696
300.000000 412.582092 184.243378 17.189819 43.221771 0.085905
300.000000 151.134460 178.145920 13.172516 31.506470 0.069670
300.000000 523.944702 197.937759 16.066040 38.819183 0.068136
300.000000 260.958893 180.648575 10.069092 23.097076 0.062154
300.000000 625.931641 146.035690 14.010498 53.208466 0.053660
300.000000 414.851349 184.434143 11.085938 25.195648 0.051398
300.000000 437.665741 166.949417 25.374634 59.372955 0.051098
300.000000 620.537109 138.827438 19.400757 83.762177 0.051008
330.000000 563.903687 203.753159 18.121094 47.068298 0.447675
330.000000 553.614380 204.187012 17.450806 46.816437 0.380976
330.000000 545.079773 183.540100 28.564209 67.979767 0.236878
330.000000 370.834320 175.799438 17.007507 40.040863 0.196650
330.000000 353.331268 166.758163 21.180420 49.275085 0.185390
330.000000 484.090546 188.852097 16.524597 40.717041 0.151315
330.000000 361.306152 167.242523 25.264709 55.242340 0.139623
330.000000 542.910828 209.634430 17.626343 39.117218 0.119012
330.000000 354.430450 170.137375 14.564148 32.898041 0.114015
330.000000 374.657257 175.017960 12.213928 28.815125 0.109296
330.000000 419.820312 182.445465 14.741638 35.735443 0.107921
330.000000 336.510406 178.144333 15.220825 38.576721 0.101300
330.000000 366.776764 169.583069 12.540222 30.912964 0.101210
330.000000 385.357574 165.791916 24.018188 59.356598 0.073817
330.000000 595.696167 175.498672 26.894897 69.503571 0.073678
330.000000 360.205292 169.471573 13.106995 32.457581 0.071097
330.000000 348.297974 208.127869 17.876282 44.212006 0.068725
330.000000 479.668793 187.440964 23.990784 60.702759 0.068163
360.000000 370.821777 155.381485 25.302246 61.606415 0.351103
360.000000 211.540344 170.079895 11.072205 28.322327 0.299092
360.000000 455.332092 180.510742 19.079956 47.283112 0.237683
360.000000 376.428162 156.558701 18.176086 42.436829 0.204817
360.000000 565.157776 172.110748 13.417236 33.813477 0.172100
360.000000 37.051682 179.254150 13.898109 34.454376 0.166592
360.000000 543.646729 176.979523 22.076416 56.261078 0.135731
360.000000 387.433441 152.692368 15.096436 35.702698 0.086756
360.000000 46.299267 181.076721 13.593613 32.828033 0.086708
360.000000 548.309265 168.451599 16.166260 39.907501 0.082906
360.000000 458.520294 178.971970 13.592773 33.998138 0.082532
360.000000 26.891514 178.299332 13.118156 31.982269 0.078139
360.000000 379.694336 155.270584 13.289551 29.461395 0.068031
360.000000 1.210441 188.572037 12.480965 29.087982 0.067723
360.000000 203.726685 173.433792 10.479553 23.611328 0.063010
360.000000 562.090759 173.538635 18.650513 49.311554 0.052765
360.000000 355.835938 139.601074 12.942627 30.987183 0.050718
390.000000 548.509888 172.401260 18.967285 44.693298 0.385651
390.000000 451.385864 178.328156 13.799866 33.152100 0.305454
390.000000 340.463409 129.479797 14.404236 32.386322 0.297577
390.000000 83.162117 118.291931 14.127274 35.408783 0.273274
390.000000 569.565369 170.854706 19.048340 46.480225 0.272380
390.000000 269.052490 145.078339 17.486450 41.759277 0.178079
390.000000 28.742855 80.480042 17.666283 40.298965 0.166418
390.000000 551.445740 171.372910 13.699585 31.230957 0.144930
390.000000 363.578583 139.440262 13.732361 33.283813 0.112468
390.000000 77.714798 166.926834 14.348343 33.940033 0.110247
390.000000 388.067261 170.610336 12.793701 31.177460 0.105263
390.000000 383.846588 121.959808 28.636169 68.942200 0.095096
390.000000 565.627319 177.517822 15.118164 36.166534 0.082299
390.000000 262.119690 144.078918 28.955627 80.399323 0.077941
390.000000 393.255615 121.672012 16.255554 37.332123 0.075805
420.000000 451.354889 183.974197 13.873413 33.108551 0.081279
420.000000 401.571350 181.477936 10.396301 26.402954 0.050611
450.000000 392.003998 189.823761 13.385193 32.085327 0.063812
450.000000 581.401917 151.400360 18.371338 46.119202 0.052375
480.000000 399.842590 175.761017 13.004089 28.673981 0.246823
480.000000 18.351212 190.700302 17.382965 42.682526 0.238130
480.000000 435.205688 197.568329 13.426758 32.709320 0.152516
480.000000 417.103241 201.086639 13.937073 32.881927 0.106047
480.000000 413.359344 198.890411 12.554016 31.671539 0.086640
480.000000 395.888184 174.588318 18.035400 42.979858 0.079887
480.000000 431.088806 199.177261 20.220520 51.132599 0.058537
510.000000 408.053375 161.796951 29.895447 71.023621 0.228393
510.000000 385.698669 174.831528 19.935791 49.757416 0.163761
510.000000 459.453247 178.876495 23.167664 54.622864 0.095911
510.000000 351.142090 191.714401 15.858948 37.071899 0.090309
510.000000 463.149231 180.342987 15.782654 37.424530 0.089962
510.000000 532.286560 194.747406 16.029785 40.692780 0.089595
510.000000 414.723602 165.607651 18.980164 40.374664 0.059661
510.000000 454.251617 196.302872 15.087036 34.851044 0.053956
540.000000 514.207031 187.959671 14.916138 35.360260 0.529907
540.000000 510.818939 186.928680 21.622101 57.347351 0.412175
540.000000 391.941315 169.983459 15.412659 37.421295 0.326921
540.000000 432.749298 179.665466 19.016113 46.187256 0.194762
540.000000 327.815338 205.172211 22.248352 56.798309 0.189115
540.000000 335.357178 210.506775 15.428772 38.402130 0.166126
540.000000 532.742065 186.283966 13.035156 30.974640 0.136922
540.000000 483.613220 188.484421 14.856262 35.393646 0.118334
540.000000 418.621185 144.316986 17.207092 40.898804 0.084245
540.000000 212.090790 197.486542 11.634613 29.152588 0.083698
540.000000 507.053589 192.265640 14.191162 32.128357 0.075150
540.000000 385.822601 164.129303 21.065796 57.976837 0.070709
540.000000 503.395050 186.282120 31.213104 81.710526 0.065285
540.000000 529.980225 187.215744 17.997803 44.492920 0.060099
570.000000 540.775085 178.142609 23.900146 56.283722 0.537465
570.000000 136.230881 193.097031 12.230927 29.505280 0.275615
570.000000 446.267975 148.078278 16.918152 45.233002 0.249240
570.000000 545.125977 178.826706 16.509277 37.383057 0.157364
570.000000 585.520630 184.922501 17.175049 41.080505 0.149481
570.000000 534.034485 177.317474 33.821899 87.405304 0.142634
570.000000 22.034842 208.044418 12.463884 31.072449 0.129314
570.000000 432.979584 173.249329 13.346619 31.372772 0.119776
570.000000 108.551247 198.947952 11.839523 28.920441 0.097705
570.000000 408.755524 164.450653 14.696472 34.537842 0.095991
570.000000 241.932175 195.957489 13.127197 31.701416 0.090058
570.000000 413.315063 162.863586 16.498352 39.227722 0.069055
570.000000 403.146759 165.782303 19.275940 48.933960 0.066199
570.000000 455.135834 163.118805 16.725525 40.897736 0.059102
570.000000 490.079010 142.550720 15.583130 35.949646 0.054513
600.000000 394.570190 181.569611 17.759644 42.569427 0.310726
600.000000 393.776398 174.767853 15.133667 34.908691 0.284423
600.000000 482.356812 161.064941 22.345215 55.781921 0.276860
600.000000 258.416046 188.293579 12.769043 32.587524 0.208658
600.000000 83.514511 194.234573 13.126785 31.566620 0.161792
600.000000 185.047394 177.531296 14.433563 34.889740 0.155588
600.000000 480.374908 162.743500 17.092224 38.101654 0.126895
600.000000 427.849335 181.811096 16.109619 38.224335 0.107210
600.000000 434.803162 162.114395 17.623108 42.317993 0.106807
600.000000 473.451813 161.752075 24.534607 56.714233 0.085781
600.000000 402.852325 165.161285 17.189026 42.503998 0.080896
600.000000 42.128105 177.478058 19.581085 48.042938 0.079014
600.000000 432.220947 158.017456 28.183105 67.824402 0.076629
600.000000 223.522064 183.216492 11.632843 25.882416 0.075251
600.000000 219.032867 185.284561 11.531219 27.724609 0.074558
600.000000 285.931122 163.657349 25.011536 66.780121 0.067338
600.000000 475.456940 161.026627 33.140930 79.677521 0.059356
600.000000 365.187683 198.819458 12.264954 30.593109 0.057889
600.000000 292.480896 167.072571 15.733704 37.087921 0.056758
600.000000 199.434021 183.898041 12.605255 30.675232 0.056685
600.000000 559.009644 189.709778 15.230103 37.110046 0.056081
630.000000 207.176392 193.423264 12.194855 29.807220 0.523739
630.000000 506.904633 152.567154 15.971405 37.571503 0.353724
630.000000 202.626007 190.164627 13.472717 33.951599 0.263349
630.000000 76.500389 196.535461 16.477631 41.566772 0.233018
630.000000 444.855560 179.377182 14.050781 33.206390 0.192243
630.000000 396.032379 200.253052 15.783142 36.643463 0.179769
630.000000 375.137360 179.039093 18.879150 45.961456 0.153955
630.000000 113.466629 203.076935 11.941116 31.023285 0.149638
630.000000 412.963470 194.020798 14.732300 34.038971 0.142934
630.000000 499.851440 157.876572 15.206787 34.281586 0.116817
630.000000 488.223450 152.366409 24.716064 62.024384 0.114490
630.000000 497.884491 150.094162 27.641571 63.343658 0.085666
630.000000 295.066376 183.373901 13.655396 31.976501 0.081155
630.000000 206.604889 175.872940 14.093536 34.456390 0.071244
630.000000 496.509857 157.216354 13.545349 31.431213 0.069109
630.000000 157.580109 186.851761 13.250183 33.085785 0.068328
630.000000 569.190979 145.499969 33.364990 80.412476 0.065831
630.000000 513.489685 183.841858 14.109253 33.825623 0.060569
630.000000 524.020752 146.431396 13.303833 32.636993 0.059746
630.000000 170.568115 196.688812 12.801880 29.790985 0.059276
630.000000 19.948105 159.051361 13.211605 30.533661 0.056730
660.000000 555.436890 185.502304 13.548462 30.230225 0.402540
660.000000 510.508942 190.958740 15.419403 36.761322 0.284219
660.000000 603.449585 132.502518 14.602661 35.986725 0.267262
660.000000 595.500916 130.092102 25.176758 65.556702 0.259915
660.000000 499.909424 189.731262 16.088440 38.329803 0.250144
660.000000 171.837830 190.681564 13.269684 31.242981 0.228793
660.000000 593.175781 143.315033 19.912964 49.921478 0.189417
660.000000 551.168335 185.359070 19.341675 42.572479 0.149332
660.000000 248.149567 187.046371 12.456238 31.571014 0.148607
660.000000 267.986450 196.308670 11.238831 25.948761 0.109309
660.000000 598.412720 169.455872 17.201538 40.556305 0.088095
660.000000 604.548340 183.794647 11.483521 28.424255 0.086384
660.000000 621.705811 182.656555 16.082031 45.706024 0.085092
660.000000 572.478516 180.599808 14.074463 35.086975 0.082142
660.000000 496.550537 190.820343 14.198242 30.783630 0.081741
660.000000 625.628479 183.226242 14.268799 31.171936 0.078679
660.000000 489.375000 216.729141 21.204163 51.379074 0.071731
660.000000 244.776596 171.894150 19.528458 45.342468 0.066428
660.000000 587.734131 140.047852 29.821289 72.630615 0.065012
660.000000 623.542358 140.686844 13.677734 29.577728 0.061627
660.000000 596.571716 143.645355 12.693726 27.077209 0.055129
660.000000 191.760193 194.293594 15.380463 35.043091 0.054017
660.000000 256.598114 198.506271 10.558289 24.329742 0.052586
690.000000 292.262909 191.267578 13.092834 32.331207 0.774203
690.000000 1.028211 187.048782 22.845398 55.098389 0.404064
690.000000 577.480469 189.855209 14.121094 32.867523 0.283592
690.000000 585.793579 190.095734 13.350830 27.493256 0.277564
690.000000 567.969849 215.359985 26.890625 67.571259 0.271984
690.000000 160.405365 192.368256 14.833008 35.412872 0.256027
690.000000 1.664631 187.086456 15.271315 38.012390 0.233736
690.000000 400.000366 193.786270 11.454712 27.732727 0.226246
690.000000 243.927887 165.630875 20.290100 49.887390 0.197201
690.000000 583.908020 191.755676 17.385010 41.740631 0.190107
690.000000 623.917419 188.831573 15.899292 43.505524 0.166409
690.000000 615.746704 190.587479 16.545410 42.478058 0.129726
690.000000 567.695984 189.893234 16.944458 37.838837 0.126562
690.000000 578.787109 189.599686 26.524658 58.995361 0.120623
690.000000 603.062927 193.303589 16.857788 40.254395 0.120059
690.000000 0.224767 183.598633 13.621674 63.988373 0.118602
690.000000 601.796326 192.162125 12.375610 29.351227 0.114295
690.000000 247.294449 180.750031 14.617294 36.104034 0.113497
690.000000 571.286194 187.869980 21.536865 47.303345 0.099307
690.000000 297.452698 191.269455 11.693665 31.019257 0.096756
690.000000 621.338196 193.363144 10.888916 30.595459 0.095264
690.000000 611.580750 192.289734 11.620239 32.235413 0.091873
690.000000 582.404175 189.831924 12.101196 25.800415 0.088592
690.000000 13.594179 182.097504 19.864897 48.267609 0.087537
690.000000 590.542542 190.500000 12.860718 30.362427 0.068692
690.000000 608.347412 190.439453 19.975952 46.368317 0.066409
690.000000 625.972717 187.409058 11.714111 30.084900 0.053918
720.000000 257.665680 192.932434 13.200378 31.583008 0.690874
720.000000 281.446075 190.297577 13.781250 35.450989 0.393097
720.000000 53.890160 182.862869 18.421326 43.824646 0.342002
720.000000 288.424103 188.683365 12.881348 34.284851 0.334020
720.000000 606.085815 225.517197 25.760132 62.345688 0.295672
720.000000 594.718567 206.486343 38.203369 114.918198 0.245525
720.000000 583.310730 185.168274 25.947632 60.269867 0.204795
720.000000 24.463490 201.910873 13.477253 33.439026 0.203386
720.000000 597.248596 192.968384 13.523682 32.863800 0.187884
720.000000 60.340202 184.926407 20.588974 48.401703 0.161087
720.000000 589.226746 185.290176 17.005371 40.167450 0.145921
720.000000 353.716278 200.973068 11.101929 25.297150 0.142208
720.000000 592.954468 192.159302 19.565552 47.128754 0.138619
720.000000 448.245880 193.212860 12.932312 30.573059 0.131377
720.000000 474.590393 178.550903 14.118103 34.605652 0.090095
720.000000 1.341625 203.550201 15.805412 36.771332 0.081851
720.000000 49.063457 182.917358 28.307941 61.892975 0.077424
720.000000 63.881618 185.479004 13.714298 32.241577 0.076072
720.000000 295.362152 192.919220 12.143616 28.477570 0.075874
720.000000 325.164551 199.021484 11.575928 29.901093 0.072819
720.000000 0.000000 194.555283 9.408337 41.513153 0.050538
720.000000 20.708012 201.865768 20.755623 49.235931 0.050218
750.000000 292.947906 188.477402 14.452087 35.029510 0.547874
750.000000 337.680389 194.077362 13.300476 33.279633 0.350131
750.000000 346.976715 193.978119 12.548584 31.411560 0.341664
750.000000 466.785156 181.390930 13.901733 34.302429 0.331529
750.000000 511.594635 171.689850 22.721893 60.442078 0.280447
750.000000 307.666168 195.321915 13.642578 34.382965 0.278368
750.000000 93.377792 201.439896 13.240402 31.157684 0.276391
750.000000 351.040894 193.358414 11.898132 30.010651 0.264504
750.000000 252.721985 198.588470 12.415771 33.171387 0.189257
750.000000 482.895172 184.397812 14.721985 32.027069 0.183714
750.000000 474.061157 179.596100 19.143066 43.807526 0.168251
750.000000 467.708374 179.758621 19.395813 45.992310 0.160313
750.000000 60.835228 195.846191 13.653748 32.700043 0.152938
750.000000 516.748108 170.043533 12.786499 32.715454 0.152576
750.000000 289.744110 188.229980 12.013062 30.213440 0.117935
750.000000 478.450256 183.461807 19.520996 49.036957 0.104688
750.000000 477.367706 181.597534 13.396362 31.072601 0.094607
750.000000 54.165581 200.251129 12.597656 30.804443 0.094578
750.000000 327.135956 194.524750 12.561218 33.970062 0.084342
750.000000 234.297775 184.157257 14.797516 35.711975 0.081723
750.000000 547.049988 177.418701 16.856567 39.252380 0.057092
750.000000 325.230804 175.315521 14.269958 34.911560 0.056285
750.000000 32.603893 202.726349 11.651978 27.437836 0.055297
750.000000 280.620667 192.720886 13.521912 29.586884 0.054430
780.000000 301.555695 188.972916 12.360352 31.122223 0.338316
780.000000 352.418823 183.323883 13.827698 34.531372 0.334784
780.000000 360.592346 186.713821 12.702087 31.702057 0.323169
780.000000 84.715683 197.027985 11.489075 27.999298 0.225526
780.000000 363.046600 190.749207 13.862122 33.330658 0.195939
780.000000 407.968201 181.967194 12.249756 30.106171 0.185174
780.000000 14.371290 198.250748 16.678711 42.714935 0.174240
780.000000 370.152985 183.928711 11.891724 28.380890 0.165827
780.000000 570.001648 188.370728 15.267822 35.561951 0.156094
780.000000 608.755310 179.265930 14.616699 35.104462 0.137797
780.000000 17.680435 197.932159 11.884747 28.149872 0.132338
780.000000 355.226532 184.621841 19.969543 50.623413 0.121004
780.000000 412.561920 181.926514 11.278992 29.251923 0.119153
780.000000 483.766876 190.875992 13.124573 29.612213 0.114677
780.000000 427.785614 180.398895 12.099182 30.524109 0.112801
780.000000 416.502319 179.921432 12.108093 30.867462 0.099689
780.000000 246.040146 183.630112 14.797318 34.510345 0.098082
780.000000 579.176819 200.526398 16.442871 35.033691 0.097715
780.000000 367.248291 191.257370 15.291809 32.999115 0.092089
780.000000 224.027710 194.451111 12.901031 31.639221 0.090213
780.000000 356.865753 184.313873 11.610596 28.805939 0.088153
780.000000 558.057312 186.268875 16.153076 38.292206 0.086622
810.000000 442.576752 175.905685 26.353638 64.500610 0.737562
810.000000 449.058899 178.145096 17.862366 44.210571 0.610288
810.000000 457.027954 180.333115 25.419373 63.004883 0.608066
810.000000 374.424866 186.749420 16.249878 38.686737 0.544782
810.000000 262.905762 187.011734 16.387207 36.764496 0.383225
810.000000 85.885849 190.014862 12.684219 32.047821 0.233086
810.000000 371.958832 182.967178 23.682556 54.120148 0.220214
810.000000 419.317810 187.511902 14.420166 31.324951 0.211401
810.000000 462.685242 185.879654 17.060120 43.651459 0.178216
810.000000 282.989624 196.450272 13.944519 33.418854 0.172516
810.000000 210.857864 190.013367 12.899536 33.732635 0.163150
810.000000 264.260040 179.920120 23.056946 53.664917 0.160462
810.000000 205.201935 189.579681 12.030457 28.106537 0.153852
810.000000 583.126282 181.555389 13.266724 29.711700 0.145411
810.000000 379.517883 182.287033 15.442078 36.783234 0.144098
810.000000 450.241333 176.949036 12.775208 31.818542 0.134322
810.000000 366.765137 183.676193 12.814636 29.435211 0.132281
810.000000 293.669220 201.769836 14.648315 36.999664 0.119439
810.000000 278.707367 189.328033 13.933533 34.016510 0.102699
810.000000 625.747070 163.370956 14.207275 56.837036 0.101165
810.000000 271.394226 197.528351 15.370544 40.174927 0.079980
810.000000 259.950897 188.626389 12.603088 30.172882 0.079968
810.000000 362.458008 180.268005 18.808594 47.640930 0.078178
810.000000 268.394531 189.198441 14.967285 33.419464 0.077603
810.000000 115.499023 192.234619 9.753494 23.399963 0.075661
810.000000 465.742920 175.557022 13.250732 29.461212 0.071465
810.000000 345.148560 183.552094 14.247864 33.190002 0.067410
810.000000 359.056000 184.009399 13.502258 32.924805 0.066936
810.000000 410.744659 186.878876 12.715332 34.648590 0.061315
810.000000 243.866547 191.305252 14.147675 32.409882 0.054900
810.000000 251.931656 189.117172 12.272873 28.832001 0.051345
810.000000 560.950134 181.127792 12.753540 31.402008 0.050111
840.000000 572.449829 166.981339 30.612549 80.236481 0.983171
840.000000 591.149841 171.211487 26.580200 70.398376 0.947435
840.000000 476.681976 176.119217 24.407532 63.783752 0.914777
840.000000 85.019524 182.773621 13.972046 34.857880 0.723734
840.000000 218.996628 176.995026 27.294495 66.344635 0.702610
840.000000 68.293640 181.474670 12.769897 29.241272 0.502137
840.000000 222.615952 179.133942 18.670685 44.985413 0.502011
840.000000 480.241302 181.492981 17.158264 40.439880 0.456067
840.000000 72.407433 166.735947 21.628571 51.972290 0.354806
840.000000 232.987350 179.363785 23.245682 54.703491 0.341925
840.000000 285.602325 174.005859 16.993652 40.657318 0.283863
840.000000 243.693344 153.193832 16.713211 39.478943 0.274499
840.000000 183.932755 179.588104 17.495483 41.446747 0.249471
840.000000 239.623154 152.279144 23.359726 57.353912 0.236612
840.000000 603.430481 153.509521 16.457031 39.303986 0.231616
840.000000 195.903870 180.043060 15.987732 39.752991 0.208857
840.000000 12.174252 178.839005 13.694550 32.154266 0.189263
840.000000 32.884670 177.652359 14.038208 35.442535 0.176322
840.000000 599.535034 171.998596 18.968872 44.944061 0.159079
840.000000 229.549927 180.084137 14.694672 32.490570 0.149478
840.000000 214.663651 177.722534 18.550598 43.006561 0.144942
840.000000 589.327332 169.073990 15.273804 36.855621 0.141238
840.000000 241.314453 180.427429 16.377563 38.238037 0.136713
840.000000 578.447144 171.614883 20.554810 50.720154 0.110062
840.000000 237.077698 181.180542 15.334900 32.968994 0.104980
840.000000 378.808167 188.246399 16.321655 39.251038 0.103656
840.000000 260.733429 169.623840 14.668335 35.507141 0.102355
840.000000 290.322662 171.566437 12.411255 31.449219 0.100033
840.000000 170.230225 174.219513 14.926910 36.338806 0.091032
840.000000 601.773315 152.130005 24.555298 58.168640 0.067712
840.000000 200.780121 177.929977 14.494171 32.180084 0.066564
840.000000 199.194519 179.939774 19.425934 46.844971 0.062316
840.000000 422.392120 199.174774 19.721069 46.511993 0.060371
840.000000 595.321838 169.677063 15.182495 31.936310 0.057000
840.000000 373.003448 191.874741 16.564148 38.009888 0.056511
840.000000 44.884434 176.981979 13.189651 31.440460 0.050904
870.000000 580.035095 164.447266 34.453857 89.740845 0.992164
870.000000 117.430725 162.094727 36.340668 89.307556 0.947922
870.000000 135.678329 161.303314 32.836517 88.428833 0.570644
870.000000 159.176498 149.453278 27.000580 61.271881 0.453969
870.000000 282.882843 161.523712 14.933777 35.307526 0.228914
870.000000 343.128540 152.922470 22.899841 56.640289 0.212856
870.000000 586.650696 168.576920 23.359253 57.757507 0.207690
870.000000 125.750175 155.325928 14.117455 35.861511 0.169930
870.000000 200.406677 171.782471 12.597351 29.804169 0.163145
870.000000 277.825500 163.105865 12.595154 29.684814 0.152376
870.000000 620.369141 181.192154 15.526001 34.048004 0.134165
870.000000 158.536392 211.830292 16.604431 40.943420 0.129788
870.000000 345.959229 153.549728 16.782654 37.966797 0.118884
870.000000 596.553162 164.686508 14.858765 35.872711 0.106305
870.000000 594.709229 160.015625 13.659546 31.422729 0.093926
870.000000 334.051636 166.126892 10.711304 26.636505 0.090084
870.000000 150.366028 171.221924 17.825287 40.987457 0.083530
870.000000 54.777847 172.249954 20.655258 38.173126 0.071449
870.000000 117.858429 155.658356 23.295044 54.566376 0.065100
870.000000 273.716217 164.931931 13.584656 32.048035 0.063380
870.000000 211.876923 167.308746 12.284790 30.834412 0.056572
870.000000 45.085880 173.713181 16.204193 43.341919 0.056503
870.000000 597.821838 169.140793 17.997192 42.042755 0.054640
870.000000 408.264221 158.944168 14.370483 33.030914 0.050957
900.000000 579.497864 164.183548 15.731079 39.872223 0.166925
900.000000 626.220581 160.722290 13.745239 61.803253 0.138885
900.000000 560.142639 169.662872 13.723633 31.698669 0.127169
900.000000 220.293579 164.592072 14.869598 33.853790 0.111223
900.000000 625.344971 167.791916 13.375488 33.486267 0.109094
900.000000 604.333618 164.411545 14.390381 32.844635 0.092966
900.000000 268.884644 167.999908 12.696472 31.177673 0.081859
900.000000 467.620361 151.333298 17.632996 43.524719 0.063627
900.000000 277.804321 168.539093 13.373962 30.985474 0.059900
900.000000 288.018463 174.758072 15.228882 35.023438 0.052954
900.000000 605.613403 164.463882 18.548584 45.398224 0.052895
900.000000 572.023315 162.577713 26.838989 52.756470 0.050073
930.000000 124.131752 177.851974 11.487083 26.484406 0.507602
930.000000 190.760925 177.141632 15.144836 32.502747 0.452516
930.000000 403.662689 152.017334 16.860962 39.744537 0.248314
930.000000 502.386871 152.698944 16.343658 38.727325 0.217973
930.000000 170.577042 158.681671 14.153961 33.677429 0.142284
930.000000 593.914246 158.490265 15.492798 35.348969 0.137487
930.000000 226.449615 171.602707 16.519562 39.063354 0.099673
930.000000 539.292419 140.853577 20.752686 51.896423 0.075862
930.000000 589.663330 156.464478 21.291382 52.522552 0.070915
930.000000 212.024033 182.140106 15.868011 39.029449 0.070079
930.000000 583.240356 160.034393 13.988892 29.307312 0.069057
930.000000 600.207092 161.654236 12.035522 29.494141 0.067605
960.000000 612.188049 179.222168 14.962769 35.990662 0.486919
960.000000 47.866901 171.982117 13.984612 34.559265 0.474385
960.000000 570.677612 157.957077 19.881836 47.527832 0.434517
960.000000 480.585266 152.784988 15.660034 34.587646 0.315479
960.000000 54.540306 173.396912 14.464722 30.401062 0.266006
960.000000 571.600403 158.702942 12.305664 29.832092 0.228981
960.000000 140.634918 161.934830 20.475464 48.428406 0.183086
960.000000 163.265686 176.257690 13.554199 32.570404 0.162752
960.000000 161.263123 180.313797 19.053070 46.493713 0.133829
960.000000 43.085857 173.203537 15.020058 36.871338 0.132957
960.000000 142.108368 162.037811 14.686157 33.166412 0.117985
960.000000 401.437134 142.595139 27.842163 70.265320 0.115984
960.000000 595.671875 185.737946 14.751953 33.462982 0.109849
960.000000 608.133545 181.541504 13.206421 32.572479 0.093011
960.000000 567.884521 159.411758 11.906982 27.689728 0.085221
960.000000 575.718933 159.143524 12.878296 30.249176 0.070234
960.000000 59.211559 175.199463 13.433483 31.215973 0.065423
960.000000 68.464470 184.945007 10.963074 24.066193 0.061129
960.000000 556.363647 160.461899 18.985962 44.585724 0.051618
960.000000 199.446884 144.141632 15.460083 41.078735 0.050068
990.000000 34.379944 186.038666 14.207291 33.686646 0.581087
990.000000 17.971544 186.111694 14.836981 33.486694 0.329205
990.000000 46.604210 180.093323 13.377434 31.521210 0.231323
990.000000 141.626282 164.097031 23.874176 55.454224 0.218540
990.000000 140.054764 171.212219 14.118530 31.378174 0.163724
990.000000 546.245117 190.908432 10.620605 27.638214 0.148150
990.000000 147.896255 168.787109 14.898499 35.025146 0.137524
990.000000 578.872742 160.265320 15.812378 38.950226 0.080652
990.000000 573.629272 159.577942 23.537476 57.517059 0.074120
990.000000 521.253662 192.883881 13.924805 30.676422 0.073829
990.000000 66.258995 190.049011 10.745621 24.390045 0.072814
990.000000 127.470795 175.493637 15.903320 37.961548 0.051895
990.000000 588.834106 168.969223 14.670044 35.031250 0.051884
1020.000000 616.960938 197.772079 13.982056 33.277557 0.718258
1020.000000 83.661346 151.475220 15.478882 36.929901 0.317379
1020.000000 610.168091 196.034317 13.564575 34.373322 0.246678
1020.000000 77.019119 151.172897 23.127808 52.481689 0.198036
1020.000000 89.928795 153.148422 11.635757 30.538177 0.178050
1020.000000 72.202545 150.921478 34.620544 79.337860 0.097183
1020.000000 69.114311 152.200958 23.563553 52.648224 0.065709
1020.000000 125.680138 161.521866 23.895592 62.615448 0.055528
1020.000000 524.097351 201.360489 11.103149 27.686768 0.053249
1050.000000 625.066284 201.330627 14.446655 33.168091 0.836437
1050.000000 100.873428 193.655579 11.288528 25.836578 0.359607
1050.000000 174.642731 185.786804 15.524078 36.947662 0.353603
1050.000000 18.050499 196.561081 13.993404 32.379761 0.343988
1050.000000 55.632847 189.639053 14.103771 31.242401 0.321420
1050.000000 61.394989 191.144989 14.384277 29.578125 0.267659
1050.000000 142.571350 179.860199 16.910553 37.791260 0.221360
1050.000000 170.207077 184.064194 21.715881 53.655792 0.189164
1050.000000 141.683060 172.260864 23.579193 58.526276 0.148955
1050.000000 129.935837 184.871506 15.193207 34.198822 0.105547
1050.000000 66.578751 194.269012 12.867722 30.769318 0.096395
1050.000000 46.097324 192.177536 12.317368 30.013062 0.095289
1050.000000 152.485672 179.814392 15.478546 34.847229 0.084558
1050.000000 35.766125 199.564102 13.850266 31.560699 0.078384
1050.000000 483.295593 173.984375 11.773193 28.662262 0.071125
1050.000000 603.925110 125.811218 14.323608 33.004150 0.057076
1080.000000 613.088074 200.843536 13.485596 32.366119 0.643625
1080.000000 45.695034 192.897812 14.195259 34.486694 0.516286
1080.000000 58.144215 194.061890 13.166271 29.893280 0.421574
1080.000000 141.810471 179.612457 19.168549 40.918213 0.342766
1080.000000 16.151115 198.729462 16.632778 35.004639 0.315156
1080.000000 52.110229 192.470947 14.558304 30.995453 0.279152
1080.000000 35.280148 203.334641 12.041862 29.861267 0.206755
1080.000000 594.883057 208.742599 13.757446 32.554077 0.179443
1080.000000 418.657349 183.052277 15.412231 36.662140 0.169851
1080.000000 161.599930 200.090988 16.515717 40.765015 0.101390
1080.000000 500.451294 212.933075 12.759399 30.062164 0.093502
1080.000000 139.365952 183.698013 14.716125 31.171387 0.093312
1080.000000 64.956963 197.871643 12.421432 29.746857 0.085562
1080.000000 626.854431 203.845840 12.654419 33.943146 0.084989
1080.000000 146.247299 177.063263 13.273468 31.345947 0.062889
1080.000000 522.074646 208.833328 12.590332 30.892761 0.062055
1080.000000 414.998993 181.597778 21.567505 54.887939 0.051753
1110.000000 162.170898 200.803726 16.123566 38.146606 0.453740
1110.000000 59.079865 197.617706 12.400345 28.132385 0.378287
1110.000000 142.010544 179.126556 21.978058 50.795746 0.242835
1110.000000 17.712452 201.263626 13.237122 30.258484 0.229750
1110.000000 46.710869 192.346329 14.085648 33.417053 0.198086
1110.000000 53.402061 195.243927 13.403885 30.417511 0.192462
1110.000000 142.509399 183.675583 15.690796 34.282288 0.131666
1110.000000 130.600571 187.214355 13.776917 31.997559 0.105990
1110.000000 35.042755 203.328735 12.828163 31.824341 0.095528
1110.000000 482.681610 177.307053 12.989014 28.856110 0.094360
1110.000000 74.654808 190.924362 11.611969 26.936859 0.065386
1110.000000 137.705338 187.153488 17.894196 40.585388 0.062208
1110.000000 71.875862 198.249847 13.617798 31.946350 0.059388
1110.000000 94.687912 193.204117 11.262482 28.549683 0.050077
1140.000000 162.536896 200.482574 15.488007 37.662445 0.529608
1140.000000 626.650452 207.516418 11.318115 29.550873 0.489356
1140.000000 17.705812 201.285675 15.130438 33.949371 0.395427
1140.000000 141.647842 177.533096 23.145966 55.824585 0.350666
1140.000000 418.993469 186.646637 14.502686 35.429382 0.325181
1140.000000 595.319397 208.486710 16.418823 36.387238 0.271358
1140.000000 59.396233 199.194122 12.897018 30.243256 0.266440
1140.000000 46.130981 194.435303 13.671219 32.427460 0.254461
1140.000000 53.133175 194.945419 13.264774 30.977448 0.233210
1140.000000 34.817074 203.941879 13.125755 32.472534 0.167196
1140.000000 327.972839 162.085800 24.716431 64.631989 0.163220
1140.000000 415.115784 184.349640 21.179504 54.110199 0.158854
1140.000000 144.687546 179.629028 16.209473 39.664154 0.131163
1140.000000 88.186226 200.037354 10.586639 27.734467 0.108184
1140.000000 157.387802 197.392105 14.664978 33.864929 0.107575
1140.000000 130.555115 190.805939 14.494629 33.131317 0.091755
1140.000000 539.302917 200.760620 13.308838 28.656097 0.079493
1140.000000 342.189514 167.630615 18.726318 46.301727 0.063121
1140.000000 522.862244 210.260941 11.533569 27.889832 0.056064
1170.000000 162.617676 200.988007 14.509735 32.547028 0.380558
1170.000000 58.006924 199.308411 13.138966 30.253418 0.357690
1170.000000 46.249405 197.389389 12.034218 29.190033 0.312400
1170.000000 610.975403 142.419922 14.134155 33.924469 0.284120
1170.000000 53.772751 196.421539 13.487213 31.087860 0.255607
1170.000000 18.861122 201.910065 13.492325 30.694183 0.253790
1170.000000 594.898743 210.654724 14.682861 33.602631 0.239679
1170.000000 626.167603 206.920624 13.041626 30.961090 0.232432
1170.000000 600.598022 142.822403 15.637085 35.808380 0.149342
1170.000000 140.906357 185.608017 14.219116 33.144775 0.113896
1170.000000 35.421547 204.012619 13.869400 34.765533 0.103755
1170.000000 177.413696 188.884186 19.001129 46.985748 0.098162
1170.000000 399.185608 176.613586 18.254272 45.427917 0.089493
1170.000000 157.454178 197.519196 15.130524 34.137909 0.082312
1170.000000 594.202026 144.581024 16.665283 37.926392 0.081596
1170.000000 411.806641 192.980682 15.114990 36.164520 0.072627
1170.000000 600.921021 135.887680 21.550293 53.662628 0.070560
1170.000000 394.822052 174.091095 25.921814 66.410553 0.065329
1170.000000 569.849792 183.764511 11.626343 26.791992 0.056865
1170.000000 419.309753 187.617249 14.352234 34.459961 0.054360
1170.000000 521.738342 201.896561 10.963623 27.045135 0.053583
1200.000000 18.441851 201.880569 13.485233 32.072113 0.493631
1200.000000 328.145966 163.700958 27.227478 65.675842 0.373576
1200.000000 35.235218 201.801544 13.517715 35.270386 0.275129
1200.000000 160.042480 199.934875 17.015228 40.691467 0.261214
1200.000000 625.783569 206.659775 14.014893 33.384155 0.260964
1200.000000 54.875046 195.651596 12.343811 28.303741 0.211435
1200.000000 46.035450 197.363266 12.135674 30.090851 0.176659
1200.000000 58.370754 199.315109 12.372005 29.579742 0.156089
1200.000000 523.411316 201.898026 10.203491 25.590820 0.142934
1200.000000 157.042084 196.319031 15.583466 36.415192 0.137926
1200.000000 100.467422 200.067383 9.846313 22.828674 0.075305
1200.000000 57.857029 205.490707 15.665012 33.540558 0.073545
1200.000000 611.090637 142.249130 13.394531 32.125763 0.073051
1200.000000 141.305557 185.263596 14.319519 33.151398 0.071087
1200.000000 602.246094 143.097656 14.318237 33.968842 0.069231
1200.000000 95.025360 202.866959 10.217041 23.984436 0.057446
1200.000000 334.849091 166.738495 20.842773 42.422791 0.052539
1230.000000 45.406906 195.504837 13.110420 31.775116 0.467293
1230.000000 19.113890 199.730530 14.461351 34.791870 0.383990
1230.000000 56.896538 197.522720 13.676498 30.181976 0.326248
1230.000000 614.319946 202.220947 14.543823 36.411774 0.269437
1230.000000 163.033310 200.749344 15.670868 35.535675 0.220928
1230.000000 54.529179 194.089188 11.767132 28.684357 0.121273
1230.000000 596.373413 209.922089 15.010864 36.061981 0.116538
1230.000000 156.691956 197.183975 20.014465 49.962555 0.115569
1230.000000 610.725525 141.406921 13.565430 33.261688 0.112466
1230.000000 85.134148 201.609451 10.772385 23.315460 0.111299
1230.000000 141.310669 185.532852 13.504089 31.850372 0.105056
1230.000000 602.469055 143.492584 15.054932 34.149475 0.080761
1230.000000 100.639900 197.239517 10.606522 24.301300 0.080129
1230.000000 49.304581 195.956543 15.020226 30.495270 0.078483
1230.000000 34.068958 198.080536 15.116791 39.329926 0.074773
1230.000000 155.438004 196.406158 15.245697 35.515808 0.072934
1260.000000 610.504333 205.338959 14.082520 33.989258 0.751676
1260.000000 158.655746 196.896271 17.446686 39.944977 0.484581
1260.000000 13.801656 197.595779 16.184708 38.165009 0.451677
1260.000000 54.741909 195.716385 13.398090 30.674561 0.253663
1260.000000 46.245117 197.225800 12.491570 30.867401 0.144264
1260.000000 139.424255 185.915466 16.328369 32.397888 0.132244
1260.000000 141.486542 179.651642 23.544922 52.643890 0.123767
1260.000000 156.112488 194.779541 14.547089 32.503845 0.108256
1260.000000 58.471561 199.215027 13.648556 28.748871 0.097357
1260.000000 596.478943 209.867096 14.057617 33.973358 0.080809
1260.000000 397.404633 168.257141 14.715332 35.612244 0.074378
1260.000000 35.280445 201.233231 14.780350 36.224213 0.068745
1260.000000 177.589798 189.364334 18.438904 45.655273 0.065002
1260.000000 595.018921 147.128555 11.292114 27.949860 0.064323
1260.000000 419.637329 190.069901 15.995117 37.166138 0.062780
1260.000000 82.151512 199.488754 10.552933 24.697693 0.055732
1290.000000 608.303711 207.583313 13.894897 31.373505 0.797064
1290.000000 15.413414 198.403046 15.501831 36.011627 0.746297
1290.000000 326.556458 163.858841 27.289612 66.663300 0.520792
1290.000000 163.101288 201.073593 14.513947 31.978394 0.450353
1290.000000 629.705444 208.876648 10.274170 29.889221 0.414791
1290.000000 57.139503 197.740967 13.931335 31.109314 0.347325
1290.000000 597.722595 208.085373 13.348755 33.284485 0.287737
1290.000000 46.035213 196.192657 13.190514 31.070465 0.223271
1290.000000 458.850311 172.237488 17.133301 42.297394 0.168242
1290.000000 156.722305 196.476425 15.215637 35.350128 0.099663
1290.000000 329.763214 163.833710 19.251526 45.430298 0.076883
1290.000000 50.378548 194.837463 16.296852 34.721924 0.075638
1290.000000 321.553894 161.737213 37.735657 108.482330 0.068641
1290.000000 140.326233 186.842499 15.056122 33.647034 0.066393
1290.000000 626.490295 212.697876 11.211304 29.746918 0.063514
1290.000000 634.912964 165.136688 4.930054 314.863312 0.061916
1290.000000 603.221863 130.967575 12.680298 30.881378 0.058386
1290.000000 616.777405 208.344376 10.488525 24.112366 0.058064
1290.000000 522.489075 201.700394 10.594604 26.501678 0.055443
1290.000000 603.928589 143.287140 12.629272 31.392303 0.051166
1320.000000 15.264215 198.154846 16.023495 38.208923 0.712095
1320.000000 161.849823 200.894989 16.461914 38.334869 0.340870
1320.000000 58.336411 200.993073 14.490509 33.986969 0.309188
1320.000000 44.887852 195.778961 13.598282 33.550781 0.304014
1320.000000 607.778198 205.970734 13.234497 32.643616 0.277604
1320.000000 624.724548 210.886475 10.204590 27.402679 0.275135
1320.000000 53.742374 195.268433 12.838810 30.055481 0.213658
1320.000000 417.449158 189.523468 14.807617 36.576660 0.180186
1320.000000 596.799988 209.629471 14.180664 32.994141 0.138698
1320.000000 141.561874 186.838211 13.484772 31.016815 0.134850
1320.000000 522.415039 201.773239 10.556641 25.056519 0.108766
1320.000000 34.858513 204.685181 14.308357 33.552826 0.074517
1320.000000 482.222015 180.023544 11.538635 26.310638 0.067363
1320.000000 414.473419 188.723419 21.763733 51.704803 0.062803
1350.000000 15.738481 198.374512 15.870437 37.546112 0.621525
1350.000000 45.207561 196.206406 13.704834 32.341248 0.410957
1350.000000 55.663601 196.869781 13.095432 29.338470 0.378137
1350.000000 606.972473 204.621185 14.224854 33.231750 0.366743
1350.000000 161.182770 200.691803 15.390564 35.213898 0.301209
1350.000000 602.499817 131.770477 14.454346 34.832367 0.282462
1350.000000 617.317810 206.326370 13.221069 33.119965 0.270250
1350.000000 610.425720 141.805359 14.886597 34.637634 0.163144
1350.000000 459.938232 168.909821 14.154175 32.721161 0.129263
1350.000000 59.343666 199.523514 13.189774 29.414703 0.126335
1350.000000 598.399170 132.133041 20.759766 54.336456 0.112629
1350.000000 597.568115 145.596558 12.555786 30.621765 0.101299
1350.000000 156.226166 195.071915 14.778351 34.914581 0.089932
1350.000000 585.318115 181.401154 19.285767 49.498077 0.089786
1350.000000 612.019653 207.995026 14.443359 31.709290 0.084469
1350.000000 53.302456 194.835861 18.984440 43.790222 0.079208
1350.000000 480.941162 177.885956 14.129272 29.042572 0.063228
1350.000000 72.407089 199.703171 12.743439 28.307220 0.062380
1350.000000 155.469208 196.628250 22.924042 54.466644 0.061340
1350.000000 515.026611 102.925278 19.913696 45.700363 0.060471
1350.000000 138.346436 189.876022 14.608795 33.135529 0.053804
1350.000000 593.643127 143.934692 18.970947 43.946716 0.050050
1380.000000 611.724304 207.723404 13.833496 32.099548 0.802483
1380.000000 607.811951 206.998657 11.860596 30.356384 0.637967
1380.000000 44.446369 195.902817 12.503510 33.043152 0.366920
1380.000000 54.485851 196.325516 15.289616 36.437744 0.340256
1380.000000 163.402237 201.117599 14.155884 32.002838 0.276969
1380.000000 596.887573 203.012329 15.033081 37.744720 0.191768
1380.000000 140.990616 185.876892 13.973236 32.002838 0.158823
1380.000000 45.659271 194.335922 17.862602 40.565887 0.124225
1380.000000 141.596237 178.771942 23.532501 53.787781 0.117749
1380.000000 327.394714 165.136673 22.805298 56.495850 0.085194
1380.000000 603.522705 130.245270 13.117676 31.500153 0.077195
1380.000000 596.127258 147.711517 10.555054 27.099152 0.074728
1380.000000 157.152878 196.229218 17.083649 38.243561 0.072327
1380.000000 68.549782 200.108856 13.874008 32.016998 0.062400
1380.000000 84.507484 161.544296 13.289948 31.327087 0.052160
1410.000000 609.998169 204.781860 14.492676 35.729248 0.782246
1410.000000 14.658152 197.669662 16.458809 38.821320 0.635027
1410.000000 598.244324 210.516296 12.843384 29.869385 0.378796
1410.000000 329.060425 165.631134 20.444641 52.832336 0.288711
1410.000000 57.348473 198.218765 13.585510 31.378815 0.220158
1410.000000 605.431763 208.853302 12.923340 30.287994 0.176736
1410.000000 157.288208 196.134430 14.606934 34.001160 0.162016
1410.000000 481.808044 178.798874 12.358948 28.469055 0.155321
1410.000000 174.972092 190.887711 19.377686 44.900696 0.112024
1410.000000 85.405365 200.115295 11.297882 22.397736 0.098638
1410.000000 155.123718 196.686493 21.592133 51.525757 0.065671
1410.000000 485.416779 178.324432 13.488708 31.016144 0.061780
1410.000000 588.595886 182.977249 14.416382 35.067657 0.060982
1410.000000 324.094330 164.209305 30.894531 82.720917 0.057370
1440.000000 14.528269 199.791855 15.832020 37.428345 0.719635
1440.000000 610.763489 207.049179 13.524536 33.364868 0.667046
1440.000000 45.113052 197.161514 13.641800 32.676788 0.405509
1440.000000 56.368782 197.658447 13.043709 28.779480 0.367245
1440.000000 607.946289 205.432571 12.063354 30.737579 0.335516
1440.000000 596.976929 209.595963 14.423828 34.618896 0.335443
1440.000000 34.388042 205.156036 13.928146 33.497528 0.306968
1440.000000 91.170959 187.663818 17.820267 42.344238 0.160878
1440.000000 428.473145 198.889145 12.179321 29.147705 0.157475
1440.000000 75.684158 199.957809 13.339157 31.160706 0.154235
1440.000000 414.003723 192.987732 19.076477 45.086243 0.134070
1440.000000 419.868652 193.360199 13.096741 31.468719 0.099893
1470.000000 15.619785 200.088486 15.086651 35.952179 0.729759
1470.000000 549.268433 172.930878 18.439453 47.253906 0.412340
1470.000000 45.362705 196.594360 13.628174 32.519379 0.343152
1470.000000 144.594681 182.003769 14.779388 34.638062 0.270683
1470.000000 161.630310 202.163101 15.295349 35.293945 0.227692
1470.000000 56.597679 197.375305 12.845192 29.803436 0.143088
1470.000000 140.781372 184.145493 21.731476 44.749207 0.126529
1470.000000 139.595200 187.387070 15.440033 34.968994 0.109256
1470.000000 174.814941 193.048355 18.369019 43.398926 0.088621
1470.000000 70.564629 202.582474 12.952637 28.648621 0.080881
1470.000000 130.800323 191.529037 13.235291 32.470306 0.077956
1470.000000 34.760582 206.140549 14.096001 33.077728 0.062774
1470.000000 482.061066 179.107437 12.039429 26.148590 0.061435
1470.000000 598.905151 135.731812 24.772827 58.199860 0.053405
1500.000000 615.088013 209.552353 13.521484 30.505188 0.684467
1500.000000 608.040039 209.746033 12.636353 30.231628 0.677961
1500.000000 15.706497 201.314743 15.765884 35.503021 0.607096
1500.000000 59.321835 200.667236 11.959698 28.023499 0.411868
1500.000000 53.839058 197.999527 13.095192 29.974945 0.201070
1500.000000 146.839920 209.444031 14.998108 35.435394 0.177875
1500.000000 394.484802 198.449097 18.347412 43.274567 0.170098
1500.000000 156.693069 207.247787 13.699677 32.737427 0.164948
1500.000000 160.592987 207.289902 17.022766 40.042847 0.146520
1500.000000 47.982731 196.382462 13.156197 30.903076 0.141934
1500.000000 35.169098 205.526245 12.687569 33.684082 0.120385
1500.000000 86.280075 164.510880 12.636703 29.937225 0.082984
1500.000000 115.727707 209.899750 11.429489 29.808624 0.054285
1530.000000 609.491150 216.912109 11.988403 30.995819 0.614271
1530.000000 34.616440 209.304718 13.491295 32.695831 0.592267
1530.000000 110.457008 217.391769 18.413841 44.992386 0.405079
1530.000000 46.052429 207.120850 11.544655 28.138275 0.398893
1530.000000 100.420090 216.796204 20.135635 48.959198 0.285162
1530.000000 16.144157 208.699081 14.993729 34.144470 0.249196
1530.000000 54.245880 204.166519 12.260384 29.230072 0.215931
1530.000000 194.257477 191.827698 18.954498 47.198578 0.214450
1530.000000 116.880264 204.859222 13.715332 32.901367 0.188046
1530.000000 140.342590 195.336502 16.210938 40.826416 0.164014
1530.000000 60.292950 208.453842 11.447193 25.853333 0.161202
1530.000000 116.703217 215.042358 16.646622 45.187286 0.152498
1530.000000 598.930115 217.597244 13.244507 33.664276 0.148262
1530.000000 107.560089 216.488708 15.929291 36.324158 0.093309
1530.000000 122.650635 213.842957 12.503235 32.693787 0.086491
1530.000000 571.596497 185.917404 21.886719 53.910767 0.082742
1530.000000 572.577271 189.493073 13.584106 30.039215 0.078363
1530.000000 619.148010 212.731522 12.341187 33.041962 0.077402
1530.000000 98.131218 213.285721 11.600082 26.151978 0.069807
1530.000000 214.153931 186.026581 13.737793 33.589264 0.065139
1530.000000 196.975876 190.908371 12.759888 31.787628 0.064621
1530.000000 10.544598 212.020264 14.298252 33.664886 0.051266
1560.000000 118.675804 206.892227 19.415138 45.352966 0.749951
1560.000000 8.755503 208.954071 15.721798 35.782166 0.524809
1560.000000 33.642250 204.127441 15.149254 31.914703 0.439059
1560.000000 45.863060 204.546738 13.237495 33.093048 0.377787
1560.000000 571.877258 184.616180 17.095581 40.979095 0.356498
1560.000000 570.227722 179.601883 26.156982 61.325745 0.355145
1560.000000 109.507439 211.633972 16.446136 41.153503 0.329519
1560.000000 601.952698 145.873718 18.043823 43.973267 0.248255
1560.000000 577.311279 182.008591 17.930664 42.283325 0.175083
1560.000000 200.742645 193.560272 17.920807 41.815674 0.167334
1560.000000 26.981594 217.124252 13.574471 29.962738 0.144548
1560.000000 124.998596 200.930481 14.942413 39.637207 0.142761
1560.000000 29.587667 209.155838 14.279699 31.830017 0.133735
1560.000000 76.845215 195.424179 13.647751 33.733215 0.122350
1560.000000 174.023895 205.507233 16.892029 41.294037 0.093134
1560.000000 169.341934 193.879410 14.287201 36.395844 0.083845
1560.000000 214.907745 186.160110 13.911041 33.998535 0.081555
1560.000000 282.467224 178.856842 27.673584 70.028015 0.076762
1560.000000 59.993561 209.955063 14.527603 33.934143 0.071757
1560.000000 134.381653 200.302567 12.965912 29.805023 0.067140
1560.000000 361.933289 204.612991 14.299744 33.750702 0.061688
1560.000000 40.294632 205.930939 14.110649 32.768555 0.060826
1560.000000 599.379211 142.659409 25.654297 65.621277 0.057161
1560.000000 104.492668 209.758377 14.811172 37.893768 0.056200
1560.000000 480.736572 184.306564 13.072815 29.462891 0.055971
1560.000000 50.247845 217.216660 12.074631 26.686829 0.051780
1560.000000 179.646637 203.665985 13.017212 30.877625 0.051218
1560.000000 83.107147 169.440704 10.788483 29.577972 0.051031
1590.000000 63.623386 211.178162 17.922680 43.595886 0.697234
1590.000000 610.173096 211.267365 14.282349 33.305450 0.427051
1590.000000 278.170929 179.912247 23.752747 55.806732 0.351344
1590.000000 343.019073 199.002716 16.846130 37.864105 0.336937
1590.000000 615.494812 211.272385 13.615601 31.038818 0.262782
1590.000000 280.697906 181.460052 16.934753 38.134308 0.215791
1590.000000 570.411682 193.007904 16.473755 38.403290 0.135714
1590.000000 620.034729 212.796738 12.675049 30.164917 0.117147
1590.000000 211.378815 182.943420 15.058228 36.936523 0.112767
1590.000000 186.405777 193.059128 25.192047 60.057831 0.105604
1590.000000 108.297478 198.122894 15.624161 34.782166 0.093638
1590.000000 148.214828 186.955338 17.286011 44.343658 0.089886
1590.000000 564.778809 191.704224 24.280884 58.844177 0.075037
1590.000000 627.370911 193.883026 12.467285 54.856506 0.073290
1590.000000 184.706787 197.194885 17.818268 41.514832 0.064229
1590.000000 613.849731 140.218384 11.976318 27.326630 0.062031
1590.000000 360.529480 203.647049 14.811218 34.603973 0.060133
1590.000000 100.233231 206.868652 15.268616 36.615479 0.057457
1590.000000 364.373199 201.884064 10.978943 24.670868 0.055995
1590.000000 346.767792 197.353043 12.295593 26.322662 0.053311
1620.000000 15.855448 200.571106 12.835449 33.409546 0.401297
1620.000000 0.000000 200.241379 9.140250 37.967712 0.300251
1620.000000 2.547752 203.371414 13.235081 33.517609 0.294070
1620.000000 24.498413 198.187134 13.434689 33.453705 0.259517
1620.000000 340.891724 199.367279 14.676453 33.720428 0.243599
1620.000000 30.370640 200.697525 12.853310 31.326996 0.153530
1620.000000 11.667851 202.792435 13.236342 32.198975 0.151678
1620.000000 612.710449 209.791626 13.365845 32.449951 0.151613
1620.000000 500.926514 192.740845 12.992004 34.365448 0.057627
1650.000000 104.090530 182.682739 19.532150 49.351868 0.332791
1650.000000 118.449776 183.885040 17.107201 39.226227 0.298865
1650.000000 578.891541 175.225937 13.105591 32.174561 0.287410
1650.000000 117.490204 179.633087 24.677490 56.366913 0.219220
1650.000000 572.137878 175.059174 17.377075 43.364990 0.163649
1650.000000 155.965073 182.311768 15.787872 38.665222 0.158696
1650.000000 52.558006 189.915314 22.450607 52.749756 0.090291
1650.000000 539.671082 207.928864 13.098389 30.896301 0.085874
1650.000000 604.038391 138.953293 14.750122 36.181549 0.066328
1650.000000 96.364609 181.668930 33.169510 68.610626 0.059136
1650.000000 572.314636 174.864807 12.836792 28.234894 0.058420
1680.000000 349.683350 195.582993 13.732300 33.408844 0.223435
1680.000000 66.424835 197.795654 14.927048 35.467499 0.214022
1680.000000 407.558594 195.546692 12.741150 33.177155 0.162630
1680.000000 476.514313 176.869736 15.054932 34.795349 0.161160
1680.000000 580.445129 178.974808 12.494751 27.481995 0.159702
1680.000000 330.720062 188.019089 13.663818 32.555420 0.155950
1680.000000 69.329391 196.622025 19.570221 46.645233 0.130000
1680.000000 491.411011 189.856110 14.225281 30.300385 0.061079
1680.000000 125.235229 178.019318 12.545715 33.016113 0.057349
1680.000000 325.263245 184.972839 19.306396 47.153931 0.054265
1680.000000 122.422226 178.675110 18.297729 45.858948 0.052045
1710.000000 603.457214 220.932205 22.012695 49.633987 0.632533
1710.000000 534.487061 209.249741 12.633789 29.353699 0.372351
1710.000000 579.655518 178.575592 14.311157 34.967896 0.174827
1710.000000 335.528687 193.641006 18.076416 42.751129 0.155949
1710.000000 548.449280 211.722229 12.533447 29.986450 0.144114
1710.000000 575.626526 177.409698 23.448120 54.981506 0.140455
1710.000000 340.798920 194.758743 12.761658 29.477051 0.118893
1710.000000 41.220291 158.681915 24.857872 60.233978 0.077150
1710.000000 91.125290 181.645630 14.798920 37.643036 0.069603
1710.000000 46.170403 159.598831 15.951416 36.608032 0.057485
1740.000000 7.057922 200.097687 14.459087 33.426788 0.316890
1740.000000 579.304382 183.529358 10.860962 24.325531 0.182381
1740.000000 13.865712 205.039993 13.110232 28.667023 0.138460
1740.000000 592.935852 171.879761 13.850586 33.626007 0.131208
1740.000000 573.652527 182.399872 11.784302 26.821686 0.125194
1740.000000 619.703918 127.125252 14.436768 37.465874 0.116195
1740.000000 0.000000 199.613220 8.404119 36.734894 0.084080
1740.000000 504.021698 198.975952 15.123932 35.015076 0.077866
1740.000000 591.724976 175.564774 18.573120 44.305847 0.068228
1740.000000 102.458183 193.426086 12.762222 30.104675 0.058607
1740.000000 113.195137 185.694763 13.954681 34.552124 0.054317
1740.000000 582.904114 184.319641 12.434937 28.776642 0.052480
1770.000000 43.342236 162.742050 15.458824 38.893158 0.421963
1770.000000 581.502319 182.081772 13.237671 30.717773 0.406014
1770.000000 40.082943 162.748856 22.092751 55.060913 0.243401
1770.000000 324.841492 184.627457 14.331604 33.458038 0.177054
1770.000000 479.887421 187.692337 16.075500 38.977936 0.176208
1770.000000 321.817078 185.858902 20.485291 50.025482 0.175571
1770.000000 48.360329 166.536469 19.341164 46.605713 0.152821
1770.000000 607.042969 147.029602 11.379883 28.375946 0.130830
1770.000000 45.036076 165.341629 27.581913 66.285614 0.099462
1770.000000 30.812824 178.287521 20.809807 49.367584 0.081627
1770.000000 555.190308 173.994095 12.034424 28.088623 0.075511
1770.000000 598.776794 185.989838 11.995972 27.548370 0.071789
1770.000000 329.200623 188.823990 13.390625 33.190338 0.069622
1770.000000 612.382019 139.103912 10.887085 28.117462 0.064110
1770.000000 620.809753 138.499863 11.252441 28.337158 0.058560
1770.000000 56.541172 165.176392 18.465694 43.176117 0.056462
1770.000000 34.675415 165.193344 34.352013 86.305969 0.054666
1800.000000 584.973999 182.263901 14.450439 31.074951 0.335149
1800.000000 574.335571 180.790054 13.249023 31.697540 0.244625
1800.000000 598.188293 186.260925 12.207275 30.803375 0.197009
1800.000000 234.861755 179.670334 15.119720 36.746185 0.178965
1800.000000 93.469238 199.501358 13.735321 32.665833 0.167637
1800.000000 330.658936 190.059708 12.208435 30.930878 0.143911
1800.000000 219.827530 180.383560 14.489136 33.595245 0.132073
1800.000000 121.268906 189.304138 15.495361 34.206604 0.110610
1800.000000 480.378479 179.681305 11.621094 27.640900 0.103018
1800.000000 188.014359 180.085907 14.047791 33.756378 0.085104
1800.000000 98.780983 195.982178 12.894775 30.907043 0.075530
1800.000000 55.999317 195.767700 15.164150 35.558167 0.073210
1800.000000 566.634094 187.313553 12.205444 29.072205 0.060011
1800.000000 113.025536 190.792999 14.415161 34.318787 0.054904
1830.000000 581.162415 181.153107 14.654907 33.281616 0.129281
1830.000000 2.000473 215.911423 13.522739 33.284424 0.112141
1830.000000 0.173234 200.933243 14.153990 36.009277 0.108022
1830.000000 43.378460 206.797943 16.452789 38.625671 0.097115
1830.000000 69.738297 175.355927 18.588531 45.191315 0.078201
1830.000000 0.233611 213.353088 9.952055 40.042236 0.062428
1830.000000 7.129993 217.071960 12.253725 30.861023 0.059091
