30.000000 469.763550 223.226273 16.982788 40.308273 0.500907
30.000000 452.019287 170.013855 16.336792 38.113037 0.299148
30.000000 458.713379 227.330170 15.294617 37.250641 0.290469
30.000000 115.573326 189.197159 13.190895 33.605438 0.268584
30.000000 438.600250 167.961731 13.784363 33.061462 0.174644
30.000000 477.882355 179.696381 13.633545 32.109436 0.157345
30.000000 476.731140 178.159546 20.844788 48.398651 0.099559
30.000000 106.343109 187.541000 27.608154 64.719879 0.075770
30.000000 109.743767 190.016205 14.392273 33.048004 0.072078
30.000000 445.767639 165.549255 12.943970 26.513641 0.069305
30.000000 390.486420 197.650757 13.117920 31.247192 0.059559
30.000000 485.398041 179.222565 13.171692 29.073212 0.056115
60.000000 31.539137 196.203766 16.774111 40.165863 0.493075
60.000000 505.154968 224.093887 17.864136 42.249130 0.275811
60.000000 176.282944 194.321762 13.026917 31.624207 0.185452
60.000000 463.020538 221.759003 15.463806 36.227661 0.163415
60.000000 42.909023 195.614929 18.305695 44.379333 0.155025
60.000000 27.143536 194.039017 25.115433 63.610001 0.128146
60.000000 593.684753 226.551117 16.639160 39.415680 0.121627
60.000000 502.832977 222.840866 14.902618 34.109146 0.119959
60.000000 46.757347 183.848755 14.515015 32.376556 0.109849
60.000000 59.553280 175.407684 22.530293 56.837402 0.103237
60.000000 157.936325 187.517899 13.010864 31.876007 0.103165
60.000000 518.365234 148.124451 14.619873 34.629120 0.102318
60.000000 560.466736 236.003372 19.452759 44.188309 0.091564
60.000000 525.259399 217.023865 13.044189 33.286652 0.082296
60.000000 64.197159 170.091782 17.382080 44.683746 0.068892
60.000000 490.451019 153.093384 16.897339 37.118927 0.068633
60.000000 402.541168 179.706619 16.974426 41.610687 0.065220
60.000000 520.944153 216.669479 20.200317 53.006760 0.062710
60.000000 500.066040 223.802246 27.042114 64.599915 0.059911
60.000000 51.522728 175.994873 36.424149 82.041473 0.056922
60.000000 238.296097 134.694183 13.845398 32.573883 0.055580
60.000000 258.766754 182.433548 12.203308 30.005005 0.053675
90.000000 443.623047 168.558243 16.231140 38.677124 0.292764
90.000000 466.917389 161.850601 19.280823 45.982147 0.275354
90.000000 551.482422 158.390076 21.984375 52.828979 0.234241
90.000000 601.662964 113.648865 29.534180 68.286530 0.213568
90.000000 533.368469 108.363258 28.913940 61.151680 0.200732
90.000000 204.657288 184.326172 12.210419 26.277222 0.172673
90.000000 439.850433 166.817245 23.405762 57.840271 0.153743
90.000000 67.588013 139.833771 14.582855 35.648499 0.115705
90.000000 545.435608 111.434425 18.221680 45.057671 0.108744
90.000000 214.455521 177.261276 16.198425 40.167969 0.105085
90.000000 591.054321 110.707565 45.214966 109.479950 0.103927
90.000000 13.101726 155.153214 22.099545 55.186279 0.095932
90.000000 612.208008 115.198280 16.566895 38.651970 0.091512
90.000000 536.083618 109.763123 17.468506 39.387177 0.088515
90.000000 133.345749 188.706848 13.955963 31.066711 0.088226
90.000000 252.879044 177.470230 13.498703 32.834625 0.080829
90.000000 591.469788 114.696091 30.641479 71.032288 0.074489
90.000000 460.667725 161.374374 26.989624 66.048065 0.066683
90.000000 447.836151 128.597641 19.540344 42.089294 0.061144
90.000000 461.320648 163.872513 17.991760 39.900635 0.057404
90.000000 126.843361 185.820969 23.992607 61.170471 0.053460
120.000000 243.623077 177.459793 13.740784 34.046844 0.284801
120.000000 568.126953 109.635086 15.401855 35.608246 0.209796
120.000000 99.517540 201.331955 14.113602 34.777100 0.158021
120.000000 257.285370 186.022018 11.212891 27.227325 0.124160
120.000000 61.493797 202.353210 18.510681 45.110779 0.091507
120.000000 165.688492 197.280350 13.345642 32.651062 0.090436
120.000000 90.630585 127.363266 13.837708 31.341064 0.078583
120.000000 88.403717 45.543182 23.674744 53.148392 0.073558
120.000000 129.306213 179.292267 26.672089 66.247162 0.068070
120.000000 458.926086 186.998718 21.174744 51.620178 0.065501
120.000000 161.947632 192.708008 13.734741 33.237000 0.063785
120.000000 100.990295 125.511490 13.894928 32.656921 0.063177
120.000000 177.953522 178.304901 11.804932 28.587494 0.061963
120.000000 420.464539 179.052170 13.837769 34.155365 0.059348
150.000000 236.462158 176.037155 12.889954 30.118683 0.300161
150.000000 440.765259 172.958145 21.798279 50.513397 0.274413
150.000000 429.135986 179.881119 15.137085 35.968964 0.121976
150.000000 242.416489 177.548096 13.536713 31.461273 0.088678
150.000000 429.930939 177.378250 21.589294 51.557587 0.066876
150.000000 448.723450 171.925812 15.628784 37.784515 0.066244
150.000000 443.432709 175.415405 14.634766 35.465851 0.065319
150.000000 436.347687 179.865112 13.909729 37.830902 0.054519
150.000000 123.337311 191.315216 13.937897 35.133301 0.052829
180.000000 25.271223 125.245155 17.708948 44.402260 0.391772
180.000000 419.451141 181.447601 16.448303 40.034607 0.195425
180.000000 206.758743 177.567032 11.823212 27.335938 0.190807
180.000000 17.226604 108.669144 16.418560 39.883514 0.187588
180.000000 22.851547 123.098473 25.492416 63.778404 0.129225
180.000000 192.680771 189.293945 12.450226 31.956482 0.087830
180.000000 436.134918 180.771790 18.703735 41.735504 0.084462
180.000000 131.001312 152.996323 17.066986 38.612122 0.054267
180.000000 80.935204 161.645966 16.497757 37.548309 0.051685
210.000000 589.549744 164.346954 33.741821 84.536896 0.972650
210.000000 558.610168 184.813171 24.191772 50.471741 0.556476
210.000000 77.306252 169.809555 17.935684 44.097382 0.440299
210.000000 563.287170 184.859528 15.631592 36.566162 0.358999
210.000000 84.891449 170.984772 16.118713 37.977234 0.315124
210.000000 98.070290 180.509796 18.335480 43.778564 0.177705
210.000000 104.936111 174.125427 13.432159 33.798340 0.151556
210.000000 586.377136 151.763367 50.504395 203.001617 0.148001
210.000000 69.040092 176.983002 13.586838 33.927246 0.138553
210.000000 158.127991 124.949593 13.666840 33.241264 0.123684
210.000000 511.274689 169.439148 25.731232 60.450409 0.113251
210.000000 465.687347 184.335709 19.320557 47.719910 0.106543
210.000000 556.193787 183.513397 35.634277 74.599091 0.103690
210.000000 572.343323 186.051025 17.262817 37.322205 0.098380
210.000000 82.310005 168.269104 13.735931 31.804657 0.090971
210.000000 442.746918 176.797165 23.802002 55.035278 0.084536
210.000000 99.858231 175.828247 24.436737 57.260498 0.075065
210.000000 603.666138 169.909882 34.495850 81.703522 0.064004
210.000000 66.369164 176.191376 12.447861 28.524902 0.060173
210.000000 456.603271 179.611191 31.278809 72.255768 0.060117
210.000000 516.175354 172.850250 17.800781 38.496124 0.051377
240.000000 406.369720 184.084641 12.598816 33.155487 0.599126
240.000000 398.069427 186.713181 10.570374 25.982758 0.418177
240.000000 507.158264 184.807083 17.017700 39.194611 0.364827
240.000000 566.693176 179.251434 16.509766 40.390808 0.132119
240.000000 514.079163 184.369751 17.661133 41.038818 0.111441
240.000000 500.818878 183.236862 26.036224 61.757996 0.110272
240.000000 545.943176 173.505157 24.692627 59.519531 0.110155
240.000000 141.722458 181.588989 13.891144 32.894409 0.092006
240.000000 477.137665 176.461700 14.764221 37.028625 0.081176
240.000000 413.434601 189.204330 13.543884 33.793335 0.065746
240.000000 53.192230 151.071365 17.289291 44.178467 0.052829
240.000000 594.919556 174.158768 16.337158 36.613190 0.050729
270.000000 444.312561 186.143692 14.470215 35.793365 0.932905
270.000000 437.294495 188.015930 11.000000 27.855316 0.318340
270.000000 38.717896 182.244736 15.178139 35.284668 0.235198
270.000000 109.362648 203.140228 11.886505 28.472504 0.208273
270.000000 16.925714 179.559586 15.074522 36.169250 0.184171
270.000000 316.221252 176.974884 13.790588 34.291199 0.164587
270.000000 34.109879 182.094055 23.708908 51.335480 0.160367
270.000000 28.862738 199.043823 14.565699 36.388397 0.127769
270.000000 56.180904 184.717026 14.368153 33.381561 0.126293
270.000000 133.688278 110.055511 14.544098 36.336639 0.095106
270.000000 30.775713 186.422134 13.258413 31.105682 0.085067
270.000000 50.640747 181.655960 23.044449 55.962799 0.082411
270.000000 562.073486 160.881348 13.792236 32.120758 0.079227
270.000000 535.346436 173.520386 18.364502 42.305817 0.065931
270.000000 625.284241 178.500870 14.715759 50.122894 0.062686
270.000000 432.756470 192.302826 11.083740 26.847992 0.061044
270.000000 135.233978 193.058044 14.152771 35.833466 0.053107
300.000000 498.633759 181.207504 20.631439 48.712341 0.987746
300.000000 478.172577 186.055328 15.112366 36.356293 0.870864
300.000000 68.548195 205.083191 12.429993 30.125458 0.722922
300.000000 81.473022 208.604599 16.811279 35.239288 0.343565
300.000000 447.741150 195.175079 14.334229 35.052856 0.289343
300.000000 75.921333 208.902161 12.943100 31.157715 0.242432
300.000000 416.181183 202.768585 11.610718 28.749481 0.227882
300.000000 459.218353 186.466385 13.331360 32.433655 0.193530
300.000000 385.537201 186.690903 13.080505 31.096069 0.162998
300.000000 8.490730 204.407974 15.044777 36.295197 0.116875
300.000000 451.436096 192.663666 14.410278 33.256042 0.110167
300.000000 60.102997 206.629028 12.818604 33.807648 0.086893
300.000000 125.084946 196.505432 11.504578 29.427521 0.062136
300.000000 82.364082 207.367554 11.121429 27.879974 0.061938
300.000000 595.106567 185.227173 13.897705 30.604370 0.055697
300.000000 486.459259 188.686401 14.912598 33.028229 0.052169
330.000000 596.833374 174.006012 28.006592 73.992523 0.996313
330.000000 537.421753 182.233978 19.295776 50.507507 0.882616
330.000000 499.010803 201.080750 18.723022 44.154602 0.539451
330.000000 292.538330 176.648788 12.269897 29.384644 0.337132
330.000000 342.698944 181.343811 11.960266 30.710632 0.204326
330.000000 429.528900 187.705048 14.344177 34.650208 0.158608
330.000000 398.678802 183.210510 13.032715 31.139862 0.082918
330.000000 492.537323 196.758362 13.348999 29.420502 0.079778
330.000000 378.411957 185.743881 9.989868 27.448151 0.060337
330.000000 498.184692 183.929596 12.509888 27.527435 0.052383
330.000000 157.095505 194.592773 12.701385 31.463684 0.050567
360.000000 578.118652 165.913422 28.452148 69.078979 0.959882
360.000000 500.097992 217.955536 21.671112 46.713531 0.355567
360.000000 573.760376 171.167618 22.366455 56.465790 0.176705
360.000000 451.215454 177.507919 14.693970 34.110779 0.151826
360.000000 147.486618 169.476746 12.302460 29.931732 0.120725
360.000000 564.485229 174.454285 15.198730 35.824066 0.102290
360.000000 132.337631 174.341263 14.124359 38.137604 0.086519
360.000000 45.744553 179.986542 16.930359 36.652374 0.078944
360.000000 184.367676 170.222855 14.462097 37.390137 0.077035
360.000000 575.915710 170.843719 15.110107 35.624725 0.058896
360.000000 113.537621 191.629578 15.664680 36.781586 0.055912
360.000000 94.374229 182.703583 12.703262 31.187073 0.052460
390.000000 470.548798 175.050842 24.606201 63.185852 0.229444
390.000000 408.469147 184.401550 19.896240 45.043396 0.160307
390.000000 467.691833 200.958359 14.991943 36.048950 0.142170
390.000000 415.442810 184.958160 19.484863 43.850342 0.082904
390.000000 416.155792 185.655792 12.972656 32.503510 0.050311
420.000000 447.190918 186.125992 24.434143 62.178009 0.827888
420.000000 461.075012 183.908554 27.308655 69.347626 0.813721
420.000000 464.282593 183.043182 19.906982 48.540253 0.203764
420.000000 165.531235 182.892365 13.930206 31.455353 0.176087
420.000000 463.779297 203.492050 18.680725 47.462494 0.132712
420.000000 440.898529 200.446671 18.770020 43.966431 0.115851
420.000000 162.596863 179.752106 11.996643 30.477875 0.105715
450.000000 310.474640 174.136795 13.439636 32.233337 0.678359
450.000000 124.537956 169.325073 15.944374 36.334961 0.316455
450.000000 571.523315 150.674713 41.076294 99.332825 0.229457
450.000000 197.081421 167.390930 16.167847 36.185272 0.217120
450.000000 55.829323 180.148239 14.351250 33.770721 0.207710
450.000000 568.843079 149.335175 56.485229 150.289124 0.177410
450.000000 169.966141 168.664368 13.817230 31.682037 0.169388
450.000000 185.467957 162.502258 16.111572 39.024902 0.167025
450.000000 70.975243 172.983765 17.796570 44.738861 0.157140
450.000000 164.950211 158.682388 14.484680 37.113312 0.145734
450.000000 202.845032 166.981201 16.712372 36.733063 0.098891
450.000000 518.282349 222.433685 20.922852 47.308228 0.081993
450.000000 52.725784 178.685364 22.195107 51.640167 0.073649
450.000000 277.807037 178.332855 12.798401 29.242065 0.072541
450.000000 290.570770 176.414902 11.523682 27.671722 0.072427
450.000000 42.941154 185.162918 12.315170 27.957581 0.071269
450.000000 538.424622 169.154556 45.342407 127.670456 0.066496
450.000000 0.161407 166.463974 12.037855 50.508484 0.059966
480.000000 175.449829 168.735123 13.260925 33.215149 0.636400
480.000000 514.058533 155.138550 11.787231 29.802490 0.233186
480.000000 399.576660 204.385132 20.292786 46.411957 0.201802
480.000000 296.385284 157.944107 14.807373 36.720886 0.103344
480.000000 537.271606 153.788071 14.317871 34.727325 0.074366
480.000000 317.432159 157.683258 11.000122 27.145691 0.073182
480.000000 268.926971 159.374313 11.581665 25.542389 0.069220
480.000000 543.138977 151.940216 16.718872 37.817627 0.060968
480.000000 63.294910 177.548462 14.640476 36.366333 0.056995
480.000000 493.533997 153.169525 13.985657 33.053528 0.053891
510.000000 346.730042 167.992035 16.060730 38.646912 0.923397
510.000000 329.663666 172.996353 15.519775 33.918579 0.812927
510.000000 373.872009 159.637054 18.538147 43.499237 0.756512
510.000000 512.063538 222.990448 28.495972 63.236816 0.338741
510.000000 271.462921 161.090729 14.560608 35.612183 0.274845
510.000000 187.604202 132.058914 15.096008 36.911133 0.263699
510.000000 258.511749 144.448730 13.695190 34.057190 0.247507
510.000000 1.402846 130.735825 21.186745 74.681854 0.164291
510.000000 229.088425 151.774460 13.687622 33.001221 0.161801
510.000000 386.454559 172.027817 13.519531 30.207581 0.130534
510.000000 226.492813 151.163544 18.381531 50.445618 0.125011
510.000000 253.143066 146.965759 12.688477 32.008606 0.119895
510.000000 251.374847 159.850327 11.679016 27.828949 0.096195
510.000000 5.536134 136.428650 13.669360 33.955933 0.092187
510.000000 255.401505 141.818741 20.885239 50.317535 0.071207
510.000000 378.602844 163.686661 12.937317 30.951080 0.070082
510.000000 374.583862 159.196365 12.981873 30.763428 0.065202
510.000000 119.403427 169.316223 18.589966 44.356659 0.054751
540.000000 546.833008 162.976227 16.822266 40.767395 0.786821
540.000000 553.912537 161.574265 20.665283 48.140747 0.539946
540.000000 564.638184 162.703781 16.877197 43.393921 0.431625
540.000000 453.281097 159.531631 18.951416 44.025757 0.120710
540.000000 114.989250 176.416245 14.060921 34.211517 0.112109
540.000000 75.766388 185.660904 13.582733 31.701080 0.102206
540.000000 576.317993 171.900650 12.653442 31.327240 0.087033
540.000000 100.794327 174.804276 13.658569 33.100006 0.075181
570.000000 78.130157 178.267044 12.405975 31.144409 0.233616
570.000000 583.179993 0.242052 26.348022 57.008217 0.067178
570.000000 326.911713 172.506348 11.741028 27.663879 0.065588
570.000000 337.031494 177.316772 13.577698 33.324890 0.063073
570.000000 278.625610 141.480774 13.762085 32.948547 0.062896
570.000000 578.941956 1.420517 18.843384 45.016628 0.056086
570.000000 89.843201 183.424744 12.711761 30.074860 0.051923
600.000000 472.139648 171.149323 19.988342 49.024475 0.980160
600.000000 482.052612 168.351166 21.690552 51.601410 0.977711
600.000000 402.087433 178.926987 17.804321 42.824707 0.817896
600.000000 360.996613 191.051865 15.122070 37.647552 0.531240
600.000000 369.010498 188.950439 15.344543 38.291382 0.375699
600.000000 263.390991 175.702255 19.856201 47.119293 0.140164
600.000000 226.714432 142.553070 17.010040 41.879578 0.124867
600.000000 62.083824 175.488602 18.179565 44.306091 0.082839
600.000000 198.339691 136.549957 17.488770 43.092987 0.076148
600.000000 197.190765 135.991211 24.541595 63.370209 0.070254
600.000000 261.060974 167.310638 15.734070 37.827454 0.067546
600.000000 254.523483 166.352539 20.072189 50.669708 0.064445
600.000000 322.335449 180.597610 12.299438 28.470428 0.061761
600.000000 57.254211 173.210007 26.082932 64.853241 0.061417
600.000000 351.584320 195.775299 12.785950 32.287231 0.059471
600.000000 253.412430 149.720230 13.482773 30.327332 0.051175
600.000000 540.840332 178.619476 17.646240 39.933411 0.050428
630.000000 434.508820 169.796753 23.453735 57.453735 0.972890
630.000000 285.508514 183.671356 21.420715 53.317139 0.965431
630.000000 264.338104 190.951660 21.020813 48.673157 0.956170
630.000000 326.373169 174.183167 24.366516 60.554688 0.949423
630.000000 419.318909 174.727081 21.974243 52.730988 0.927982
630.000000 191.988785 182.559509 23.223022 57.693176 0.236814
630.000000 216.558167 182.090866 19.016388 51.078003 0.203377
630.000000 5.306864 184.048294 14.028934 33.154205 0.181573
630.000000 48.612007 196.999969 11.930870 29.497650 0.163589
630.000000 99.552025 181.067627 13.596222 33.259766 0.128902
630.000000 334.797333 181.559006 22.595459 52.249207 0.127970
630.000000 521.258423 185.407150 17.541260 39.749329 0.120771
630.000000 266.506500 190.332138 14.684143 35.295593 0.096081
630.000000 115.684410 186.852859 13.070564 31.455139 0.080055
630.000000 418.111542 172.800156 15.171570 38.793243 0.074678
630.000000 424.588165 176.200867 14.958740 36.446655 0.070679
630.000000 25.090576 183.188782 11.482487 28.156250 0.050697
660.000000 383.732025 178.725433 21.299927 53.292206 0.986771
660.000000 318.846893 178.552551 25.829651 62.069092 0.984049
660.000000 163.894150 198.730896 23.291656 51.716492 0.968790
660.000000 188.889343 194.133728 21.750092 55.006531 0.963073
660.000000 231.370407 190.984833 20.834259 54.249969 0.946267
660.000000 302.406860 182.743164 24.363647 59.069580 0.944937
660.000000 244.502457 201.376190 16.734818 42.363556 0.825778
660.000000 311.419373 183.326263 24.240417 57.983063 0.545822
660.000000 141.322601 193.807343 13.317383 26.709351 0.322841
660.000000 451.213409 214.282486 11.026794 27.927734 0.220055
660.000000 238.294357 200.005524 17.761246 43.959717 0.152985
660.000000 82.552223 176.624130 13.176147 32.930176 0.108814
660.000000 16.829983 192.529724 13.914459 32.748718 0.103681
660.000000 0.000000 177.580048 10.545036 46.338470 0.076186
660.000000 193.157578 194.984741 15.267029 33.687622 0.071930
660.000000 87.796661 173.073898 12.333344 30.675232 0.056290
660.000000 100.315369 165.659241 11.688751 27.059937 0.055541
690.000000 53.605679 194.266510 26.988956 64.024750 0.990248
690.000000 81.102005 191.634659 26.947845 66.887314 0.980454
690.000000 215.164017 189.627258 23.418701 54.284515 0.942741
690.000000 0.077447 193.657166 21.177982 68.752716 0.907454
690.000000 0.000000 195.546844 12.031878 59.498535 0.203694
690.000000 7.219855 201.583267 22.388012 59.273239 0.157200
690.000000 48.027122 193.831894 18.179398 41.810699 0.104897
690.000000 14.057560 213.811005 19.302544 47.119690 0.078732
690.000000 2.706182 195.587616 16.764706 39.385834 0.066739
690.000000 63.976398 195.376770 14.420261 33.884491 0.056584
720.000000 448.970520 192.669479 13.753418 33.632629 0.706939
720.000000 560.547180 189.089539 14.692017 34.920502 0.460819
720.000000 619.113647 186.068878 15.873413 35.800262 0.450724
720.000000 540.391113 187.938080 13.215332 36.271393 0.302872
720.000000 521.096802 190.886353 12.154907 30.170044 0.257472
720.000000 436.817291 189.163010 14.922546 34.998138 0.231356
720.000000 509.811005 189.280609 14.338837 34.833252 0.190918
720.000000 556.890198 189.166702 20.888550 52.024017 0.143026
720.000000 624.695374 185.443405 13.404419 31.866425 0.140817
720.000000 616.926514 185.571350 21.985840 54.313721 0.140158
720.000000 547.622437 198.785980 12.392822 33.846741 0.084904
720.000000 443.353607 193.792114 14.081055 30.637939 0.065555
720.000000 526.018066 190.051743 13.255249 32.074158 0.059932
720.000000 554.195068 189.044876 16.130981 37.033478 0.058135
720.000000 576.169739 206.831482 18.038818 43.903931 0.057263
720.000000 614.071777 193.021927 12.587158 29.102386 0.053276
750.000000 21.970181 219.202209 14.797153 36.477875 0.826177
750.000000 6.413672 216.447449 16.285458 37.507782 0.777260
750.000000 85.953598 216.808655 17.112427 35.878784 0.654964
750.000000 146.024643 217.130936 13.671051 32.037720 0.621996
750.000000 107.372002 216.552261 12.717072 30.411224 0.593452
750.000000 120.931725 212.904327 13.708260 34.199066 0.532821
750.000000 135.902313 216.761642 14.799561 30.596344 0.501059
750.000000 99.261887 218.328598 13.395584 31.052185 0.334911
750.000000 115.242874 221.920822 10.977127 27.012573 0.302599
750.000000 21.017881 214.031143 12.581102 32.151428 0.111369
750.000000 77.689766 216.616928 16.407867 35.328461 0.088396
750.000000 475.785767 214.567383 15.258545 37.039642 0.086978
750.000000 11.802185 216.257095 16.655704 32.876312 0.081411
750.000000 129.323776 214.580093 14.793030 33.192383 0.074393
750.000000 140.695709 216.356537 15.941345 37.670410 0.054909
780.000000 381.898071 202.809326 11.729126 27.462311 0.276253
780.000000 412.416016 183.314178 17.968201 41.529297 0.154734
780.000000 258.746674 204.363632 18.188721 42.126923 0.104231
780.000000 301.705200 200.906677 12.789246 31.587158 0.103476
780.000000 192.475708 208.526123 11.885925 27.925323 0.069183
780.000000 507.774231 197.864670 13.502319 32.939484 0.059283
780.000000 282.901947 208.887390 14.674744 33.188934 0.059201
780.000000 400.764191 191.619537 15.935608 36.797607 0.055632
780.000000 190.912537 212.264420 17.022034 39.989532 0.054538
780.000000 365.104736 209.220108 13.629761 31.660217 0.054130
810.000000 491.105225 197.005539 15.056641 36.164673 0.757245
810.000000 524.231201 193.333466 16.186646 41.095886 0.666179
810.000000 149.942291 195.068436 10.744232 26.527771 0.302208
810.000000 452.510376 194.440750 14.829224 36.478973 0.262727
810.000000 466.674347 197.509445 13.367615 32.454071 0.188757
810.000000 101.416573 131.831421 9.478073 22.505646 0.126264
810.000000 359.050201 185.303665 14.413391 33.102875 0.119110
810.000000 389.057098 177.274918 16.407043 39.032135 0.103008
810.000000 445.118378 194.507050 11.782776 28.673737 0.080947
810.000000 437.481323 198.172379 13.762451 34.731934 0.066433
810.000000 364.508484 183.057495 16.800842 35.204010 0.052982
810.000000 606.853821 198.119781 13.284180 30.413422 0.050219
840.000000 604.895142 178.224655 25.257935 63.722534 0.921683
840.000000 547.323486 189.941025 18.762451 45.700409 0.852426
840.000000 440.419647 184.894699 16.701965 40.635620 0.717220
840.000000 493.619507 183.108490 16.766113 41.137115 0.262382
840.000000 477.018951 187.521225 14.232544 34.978729 0.258855
840.000000 432.411621 187.119614 13.896545 34.055023 0.252823
840.000000 430.263428 188.119965 11.084167 27.985779 0.250882
840.000000 460.318542 190.300278 15.756226 36.071442 0.244962
840.000000 627.510803 178.102783 12.460571 63.266388 0.171988
840.000000 419.003876 187.963455 11.622375 30.169708 0.150057
840.000000 484.268280 194.343475 14.628906 35.287598 0.115589
840.000000 448.251099 185.373596 16.822876 40.285645 0.104905
840.000000 207.988266 180.088181 12.096436 29.503296 0.103937
840.000000 470.849854 188.413315 15.546753 36.161499 0.094652
840.000000 393.177582 161.808975 17.483582 40.970032 0.089851
840.000000 211.726456 186.435455 11.233521 25.358887 0.072819
840.000000 437.704041 187.427261 11.380066 30.156403 0.067930
840.000000 359.456024 183.215332 16.550293 38.587616 0.061305
840.000000 146.438553 189.386490 13.927185 32.965546 0.054804
840.000000 410.262146 189.392105 11.888855 30.751373 0.054174
870.000000 551.447021 177.990952 20.319824 48.559082 0.893024
870.000000 501.660126 172.252228 17.906647 42.312531 0.437405
870.000000 87.258560 192.190277 12.009079 29.102783 0.326123
870.000000 357.956726 170.271439 20.516418 49.485443 0.201400
870.000000 470.958527 179.269119 13.491760 32.327972 0.191720
870.000000 443.044250 179.407516 16.114197 37.080902 0.179559
870.000000 80.005829 188.969772 12.051407 30.073334 0.178205
870.000000 509.507782 174.658569 17.450287 42.949677 0.137028
870.000000 157.769897 181.952118 10.027924 22.704529 0.106212
870.000000 123.238419 188.542511 10.424957 27.623352 0.102629
870.000000 111.509140 182.210999 11.537445 27.554779 0.101772
870.000000 512.056274 175.480759 11.202271 29.320099 0.099264
870.000000 204.665543 175.591995 10.672577 28.157471 0.098399
870.000000 486.400696 183.477081 19.239746 54.517609 0.084031
870.000000 563.019348 176.874268 19.354614 47.794342 0.067367
870.000000 152.426559 180.969086 10.699677 24.322906 0.066455
870.000000 469.496307 175.320267 11.590210 29.452881 0.063273
870.000000 466.621887 176.750656 9.680420 26.960327 0.052917
870.000000 499.541199 173.152069 13.322693 32.012421 0.052024
900.000000 612.890503 156.219330 27.109497 95.989655 0.718798
900.000000 110.984474 187.295715 10.890030 25.153961 0.330915
900.000000 106.612541 182.133209 12.599213 28.648743 0.271925
900.000000 97.828445 178.119080 15.339096 35.857788 0.201643
900.000000 61.612904 181.038696 12.875950 29.190521 0.115901
900.000000 92.853035 181.115005 14.374588 29.452271 0.096365
900.000000 611.478882 164.344711 21.890747 54.737915 0.073711
900.000000 448.089905 125.992310 32.543579 79.059143 0.065134
900.000000 142.556442 193.633011 16.501617 37.070770 0.062687
900.000000 102.345497 178.459152 13.117599 27.630554 0.060529
930.000000 3.727105 172.728363 15.947215 32.706116 0.292953
930.000000 51.330818 181.714508 11.395607 26.685852 0.257257
930.000000 59.515282 182.167084 9.965820 24.810089 0.238411
930.000000 10.685229 172.260818 13.551286 30.774384 0.208266
930.000000 0.621390 173.012207 20.597000 60.452820 0.133917
930.000000 151.764206 174.596161 9.984863 24.581238 0.107568
930.000000 425.634338 141.151794 15.056580 36.022705 0.094327
930.000000 528.967468 103.722038 16.379883 36.994087 0.078063
930.000000 534.593750 56.232140 18.435669 39.456894 0.070366
930.000000 529.034790 53.408344 26.534668 58.226833 0.055957
930.000000 196.697906 171.368668 10.357117 27.103333 0.053331
960.000000 339.410309 160.344345 11.782715 28.691925 0.115338
960.000000 361.242371 159.382141 12.268799 27.707123 0.099485
960.000000 344.636566 157.696167 12.495117 30.926453 0.087714
960.000000 362.484283 143.980865 21.830505 49.722229 0.083011
960.000000 42.851181 169.913483 9.480942 22.095215 0.079902
960.000000 411.630798 150.680008 15.068115 36.210571 0.059041
960.000000 355.559082 161.025253 11.557861 26.342865 0.058275
960.000000 42.611309 155.455292 12.963829 32.319458 0.054837
960.000000 102.864738 161.405014 9.542450 24.958313 0.052047
960.000000 398.404877 159.177567 16.185364 38.144653 0.050280
990.000000 488.901855 144.867340 24.932983 63.703186 0.941562
990.000000 481.036255 149.593582 17.205872 41.478210 0.716418
990.000000 356.904053 143.552124 13.467834 33.302704 0.429178
990.000000 510.743835 140.607742 27.607422 60.265533 0.250459
990.000000 332.451355 144.064880 12.989380 30.019318 0.189542
990.000000 390.286987 147.724365 14.033508 34.237610 0.180692
990.000000 393.557465 145.672806 16.080261 41.041138 0.167075
990.000000 463.926422 148.213898 17.609863 44.942017 0.114683
990.000000 69.865433 143.252151 12.583206 30.151367 0.108200
990.000000 519.107910 141.369537 16.502686 39.765411 0.105498
990.000000 442.725983 130.621216 25.463928 63.044800 0.096280
990.000000 362.675964 145.956116 11.551941 28.840515 0.087016
990.000000 330.330872 151.427200 11.619812 29.856720 0.084285
990.000000 13.038189 146.528473 12.486942 30.064056 0.081539
990.000000 378.100525 146.012695 12.307800 31.125916 0.080045
990.000000 157.105362 145.735428 11.008453 28.457977 0.079024
990.000000 344.414276 146.684052 11.725525 28.803864 0.068289
990.000000 502.136383 140.855392 26.820221 64.822998 0.066587
990.000000 526.586426 147.998810 13.116943 32.241058 0.059758
990.000000 435.793732 135.727356 18.369995 47.077454 0.059095
990.000000 483.737366 149.468353 12.301758 27.600708 0.056888
1020.000000 399.449585 147.311096 13.686829 35.404907 0.844766
1020.000000 4.329218 148.219406 14.052206 33.326965 0.225669
1020.000000 345.786499 148.605591 11.840881 28.130066 0.214093
1020.000000 373.125183 145.381042 12.380310 30.803741 0.207552
1020.000000 0.000000 148.527100 9.423857 39.951385 0.179469
1020.000000 360.805573 153.342026 11.873718 30.935364 0.151624
1020.000000 381.001343 142.638931 10.935303 30.073151 0.143914
1020.000000 19.392942 139.594574 15.395742 36.035736 0.141455
1020.000000 64.192673 160.925980 11.936584 26.945038 0.139726
1020.000000 407.482483 143.322861 13.392090 32.703644 0.124959
1020.000000 327.310547 149.988602 11.968567 27.262543 0.119071
1020.000000 418.894653 150.858414 10.033386 26.706055 0.107023
1020.000000 457.574463 146.636978 18.703674 45.713226 0.086142
1020.000000 429.939240 149.934860 9.916016 27.824127 0.083329
1020.000000 350.643585 154.247009 10.359436 24.801086 0.079160
1020.000000 283.876221 159.777924 11.772217 26.594727 0.064644
1020.000000 370.109192 145.268799 10.885193 26.254486 0.062667
1020.000000 41.454536 149.556335 11.294579 27.473267 0.062232
1020.000000 403.621582 145.980316 14.167297 36.152588 0.062145
1020.000000 343.373474 146.052078 10.791138 27.606781 0.058990
1020.000000 461.436371 146.073059 12.779968 32.013397 0.054388
1020.000000 358.974670 144.277237 11.764099 29.180267 0.052588
1050.000000 372.627167 147.420135 13.915283 34.705902 0.556958
1050.000000 291.296173 150.170609 11.694092 26.065155 0.534252
1050.000000 5.162621 146.712616 14.924959 36.285065 0.438066
1050.000000 590.214539 147.269272 16.619385 37.787964 0.299013
1050.000000 396.734222 138.947891 17.853027 43.804047 0.276225
1050.000000 284.434662 150.985168 11.614014 28.167877 0.268773
1050.000000 602.970459 145.274994 14.425659 35.262848 0.251853
1050.000000 288.169098 150.819458 10.676575 25.084320 0.220932
1050.000000 293.582916 151.625214 12.677429 34.097473 0.180083
1050.000000 622.804810 144.163025 13.767334 35.326691 0.172617
1050.000000 314.530457 152.050095 15.383118 37.732056 0.162894
1050.000000 528.637085 153.782227 13.533691 32.599091 0.145611
1050.000000 586.005310 144.434418 14.605469 33.725800 0.136927
1050.000000 391.632629 141.957748 15.609375 36.844696 0.120586
1050.000000 610.110229 144.971497 12.681885 29.341583 0.116367
1050.000000 335.204468 149.565247 11.199768 25.628723 0.106941
1050.000000 424.367676 136.529327 14.532959 34.104095 0.097180
1050.000000 573.208313 143.509018 19.664673 46.857727 0.095794
1050.000000 11.228825 150.159103 13.963806 32.116364 0.078605
1050.000000 506.581055 157.214066 12.537598 31.093262 0.073930
1050.000000 600.263367 144.593475 12.339355 28.185303 0.062953
1050.000000 99.220543 153.288589 12.459808 28.322510 0.054750
1050.000000 298.062531 146.316132 17.723206 42.551575 0.053506
1080.000000 230.467651 165.094391 16.004791 38.734650 0.853251
1080.000000 198.276459 157.863953 14.030182 32.819580 0.754361
1080.000000 591.379395 144.970108 15.129883 35.607727 0.365778
1080.000000 585.476379 148.000885 15.194458 35.506897 0.328668
1080.000000 544.368896 151.760086 20.338135 48.858032 0.321227
1080.000000 223.399277 163.446136 14.647736 33.503082 0.316913
1080.000000 286.928986 153.814651 13.753418 36.790619 0.238505
1080.000000 590.296814 138.940552 25.750732 59.600616 0.222501
1080.000000 598.624207 141.805191 15.728516 37.601074 0.209809
1080.000000 620.138245 154.934967 14.411133 38.087708 0.165178
1080.000000 547.959167 148.916290 15.079590 37.066193 0.152245
1080.000000 190.268982 161.412537 11.232452 25.785675 0.145496
1080.000000 312.785431 152.767822 19.001892 46.687805 0.136749
1080.000000 569.784119 149.614456 15.229736 36.587769 0.129189
1080.000000 216.990448 155.968796 15.293030 36.114105 0.127216
1080.000000 168.564194 156.674835 12.519958 30.460449 0.111766
1080.000000 581.206665 145.846390 25.785278 50.669739 0.105215
1080.000000 614.170837 156.957062 16.126465 34.780579 0.100339
1080.000000 0.343019 159.027420 14.015212 34.669464 0.099612
1080.000000 283.025940 167.504471 12.170715 30.597839 0.075195
1080.000000 605.231750 143.625336 13.836548 35.284760 0.066021
1080.000000 558.200928 148.259064 17.137207 43.245453 0.058724
1080.000000 298.915497 152.374496 14.745850 34.992218 0.058342
1110.000000 211.415070 166.040146 18.626312 46.579651 0.862845
1110.000000 239.028778 169.716415 16.107269 37.698547 0.374066
1110.000000 282.546844 171.283661 13.536072 34.267609 0.332327
1110.000000 305.811096 159.544296 16.691956 41.740784 0.296817
1110.000000 625.048645 149.353348 14.847412 47.565460 0.246524
1110.000000 619.086365 145.590057 20.545044 67.326111 0.196901
1110.000000 372.327881 162.812592 14.962097 35.893372 0.149418
1110.000000 262.315796 182.982727 12.226196 27.927185 0.145184
1110.000000 287.545868 158.243042 13.739258 36.560181 0.145126
1110.000000 212.666595 164.719070 13.816406 32.196381 0.143385
1110.000000 477.383087 160.074829 19.772766 47.019836 0.140668
1110.000000 334.679626 149.045456 23.674072 59.891907 0.129852
1110.000000 172.473312 172.665756 13.336243 33.157928 0.120125
1110.000000 609.335144 154.305954 18.453979 41.258179 0.112120
1110.000000 585.973877 142.401947 29.220703 65.641510 0.098879
1110.000000 601.948547 143.836914 23.379150 53.676422 0.092380
1110.000000 623.817322 152.112671 12.514282 32.419403 0.086173
1110.000000 478.841675 161.579422 13.698608 32.680206 0.083769
1110.000000 599.802673 143.614212 17.212891 37.628204 0.083338
1110.000000 208.010086 172.432571 14.568481 34.170868 0.082413
1110.000000 236.398193 164.709869 14.747833 33.616425 0.081935
1110.000000 587.547241 139.400757 17.087158 39.593231 0.077505
1110.000000 10.219307 180.480515 9.822832 23.098755 0.070615
1110.000000 165.652435 173.009766 14.410980 35.148926 0.063516
1110.000000 402.893890 151.453491 21.115051 52.594421 0.061740
1110.000000 594.920776 147.161316 20.031128 46.287354 0.055338
1110.000000 609.067993 148.433777 25.412598 59.927521 0.053870
1110.000000 607.539734 143.658173 14.587402 35.050629 0.053076
1110.000000 458.581055 147.065338 26.361450 63.267761 0.050028
1140.000000 194.568222 181.777206 16.175995 40.085938 0.896961
1140.000000 237.576813 170.969086 14.185791 33.315216 0.832473
1140.000000 278.861816 176.846848 16.416199 38.418518 0.475141
1140.000000 551.213501 149.245819 29.011353 65.072815 0.459258
1140.000000 266.792053 177.448181 13.438660 29.696350 0.325607
1140.000000 363.024139 167.307907 18.753906 52.876892 0.281389
1140.000000 605.113708 159.866180 15.466797 36.160004 0.208123
1140.000000 625.713257 169.966049 14.113892 40.670380 0.198792
1140.000000 544.538879 162.834503 14.604858 34.599030 0.178019
1140.000000 214.714142 170.598007 12.429260 30.870941 0.154502
1140.000000 620.655884 155.511139 14.955322 37.131348 0.105103
1140.000000 619.393311 173.087509 14.114136 37.005157 0.096382
1140.000000 555.595581 148.391922 17.101318 39.392792 0.094559
1140.000000 596.073486 159.908051 22.005005 46.291931 0.080543
1140.000000 4.920759 185.694916 12.555973 28.731506 0.073707
1140.000000 287.476807 165.380890 14.215759 34.121399 0.071458
1140.000000 260.018250 179.029312 11.002563 27.092407 0.069364
1140.000000 560.005127 152.419662 18.644653 44.225769 0.068144
1140.000000 364.909454 189.999603 13.406067 29.505737 0.058597
1140.000000 532.893005 162.499222 14.299805 34.928070 0.057130
1140.000000 583.759155 157.364792 32.447388 60.842010 0.051072
1170.000000 419.222046 169.994522 22.129456 51.608276 0.197966
1170.000000 564.870667 168.875900 14.611450 34.472168 0.100822
1170.000000 365.995087 167.005157 22.639709 54.675598 0.090673
1170.000000 397.389740 162.785995 14.210815 34.301941 0.068950
1170.000000 625.725586 185.781601 11.992432 38.578979 0.068633
1170.000000 337.700623 178.247574 18.406311 43.644806 0.058754
1200.000000 114.265434 196.645142 15.529549 39.160461 0.692766
1200.000000 562.339783 195.903915 18.972046 42.620728 0.658674
1200.000000 104.768303 172.984741 24.282310 62.808960 0.518348
1200.000000 619.922302 198.076111 12.211304 31.969818 0.192626
1200.000000 157.031006 190.347534 13.338409 30.511963 0.179683
1200.000000 87.377319 171.862976 24.633942 61.670166 0.175358
1200.000000 220.604202 170.730331 25.363312 53.586304 0.167469
1200.000000 625.308777 192.164154 14.647095 39.283997 0.145285
1200.000000 263.762756 170.713593 17.805176 44.502838 0.130102
1200.000000 214.750824 176.840744 19.446442 48.093140 0.105468
1200.000000 66.946526 188.106384 18.132401 47.506378 0.101835
1200.000000 333.776947 170.127655 21.127686 49.729584 0.101788
1200.000000 291.748566 178.817902 15.940491 38.577728 0.101527
1200.000000 607.564880 197.720337 11.622192 29.203339 0.094098
1200.000000 226.356110 171.511673 16.371338 39.594727 0.083113
1200.000000 558.041931 192.921021 25.596802 64.858734 0.072245
1200.000000 486.480896 199.558273 13.661194 33.602814 0.054687
1200.000000 306.227264 178.322525 14.027039 33.596680 0.054402
1230.000000 302.642181 160.215530 19.062683 44.848236 0.397418
1230.000000 563.475281 197.735580 15.955933 36.317688 0.309435
1230.000000 145.800262 182.857330 13.522461 33.618713 0.177213
1230.000000 459.303375 201.115021 12.259094 31.518555 0.174443
1230.000000 132.100082 187.138885 14.927979 35.522766 0.169537
1230.000000 209.597198 183.731918 13.459930 35.422852 0.153655
1230.000000 177.314972 194.278458 15.190094 35.818420 0.136903
1230.000000 195.927216 193.176315 15.502563 35.536926 0.134448
1230.000000 483.639526 204.168549 13.439941 28.593506 0.121559
1230.000000 298.354462 159.033646 27.243103 68.246643 0.110690
1230.000000 239.691269 189.422516 21.870041 53.846313 0.081069
1230.000000 560.411621 196.032990 22.543945 54.685364 0.079918
1230.000000 133.725311 179.623169 13.433472 31.266571 0.074653
1230.000000 253.665558 194.358124 16.327393 40.174591 0.067320
1230.000000 453.625397 200.483429 13.942810 33.120270 0.063678
1230.000000 619.392456 195.588181 12.589233 30.085297 0.054046
1230.000000 237.024521 185.826981 18.617432 42.783966 0.052618
1230.000000 500.242401 205.080795 15.555023 36.947510 0.051224
1260.000000 238.911789 182.453278 15.089355 36.287201 0.668052
1260.000000 337.374512 175.860443 16.147705 40.529266 0.570277
1260.000000 147.226395 181.345245 15.461029 37.301056 0.510280
1260.000000 362.699829 176.356110 17.486206 42.595093 0.401622
1260.000000 514.351746 177.810455 16.055054 38.212402 0.330918
1260.000000 494.814331 185.384109 16.261902 37.654938 0.324382
1260.000000 89.273857 192.459579 14.324860 35.686188 0.268481
1260.000000 210.528580 187.758331 12.923004 32.792908 0.247152
1260.000000 356.710083 176.086487 18.191406 40.184082 0.233475
1260.000000 283.045959 180.256393 15.748169 36.192657 0.222315
1260.000000 206.600327 185.764694 11.022949 27.806824 0.219800
1260.000000 507.353790 176.098877 21.313080 49.332458 0.156125
1260.000000 558.687927 181.226273 17.395996 39.430969 0.120017
1260.000000 197.366623 192.866028 12.326477 29.005829 0.115412
1260.000000 366.581970 178.314514 20.582581 45.603302 0.102259
1260.000000 217.632065 183.316177 11.903473 31.454742 0.102093
1260.000000 102.579254 193.115295 12.777740 33.618744 0.102087
1260.000000 43.752617 196.327103 21.708687 50.591675 0.100015
1260.000000 40.427128 197.323502 17.215385 39.689697 0.085878
1260.000000 567.222473 185.288376 15.934326 36.178589 0.083144
1260.000000 230.888840 198.314972 13.115021 30.512695 0.074701
1260.000000 602.079773 186.111664 15.381226 36.102417 0.068736
1260.000000 115.759209 202.441788 14.380272 33.636139 0.065535
1260.000000 388.149872 195.289551 14.781311 35.454803 0.063757
1260.000000 357.587708 174.552826 28.774048 62.119202 0.061263
1260.000000 373.015045 181.816055 13.067322 33.486755 0.061114
1290.000000 8.916118 206.138000 13.247476 31.986359 0.792710
1290.000000 315.389374 181.805984 13.815735 31.177887 0.452186
1290.000000 334.964508 176.647430 18.714172 47.732574 0.328331
1290.000000 243.128601 185.899033 15.313812 35.699280 0.300212
1290.000000 116.227730 204.368668 13.264977 33.176544 0.297517
1290.000000 291.175110 176.948929 17.729553 41.871399 0.259929
1290.000000 313.474335 181.081284 19.307861 46.509796 0.251580
1290.000000 443.833466 193.575607 16.226929 38.095154 0.135385
1290.000000 379.239441 201.435455 12.636536 27.530518 0.131650
1290.000000 210.567459 187.585922 12.390259 31.964478 0.111677
1290.000000 238.608398 185.750854 12.814880 30.517853 0.100580
1290.000000 303.548553 178.566299 15.268066 36.818848 0.097222
1290.000000 586.194214 181.993301 21.734253 50.881805 0.096649
1290.000000 333.121643 180.676865 13.764709 33.111420 0.093622
1290.000000 459.697479 201.364944 11.719116 31.202576 0.080829
1290.000000 285.672302 176.840912 30.685547 54.543213 0.067123
1290.000000 285.476013 174.570618 15.243103 34.551758 0.058322
1290.000000 364.645050 170.696091 24.703369 58.913849 0.053645
1290.000000 357.582977 173.008820 22.647217 55.859955 0.050854
1320.000000 84.221260 199.869064 14.399414 34.145050 0.623415
1320.000000 293.251770 184.294357 14.206543 34.339752 0.569893
1320.000000 351.716248 169.098053 22.283325 55.734161 0.497111
1320.000000 284.495361 182.466629 13.158875 33.358398 0.370205
1320.000000 288.210754 181.204254 21.460205 49.914703 0.216492
1320.000000 32.737129 191.453308 12.855255 31.426025 0.214163
1320.000000 315.657928 179.681396 13.266174 32.459503 0.212317
1320.000000 49.936852 183.655945 13.920494 33.977478 0.201157
1320.000000 619.179688 145.499496 20.646484 76.636169 0.189991
1320.000000 355.333588 171.681458 15.845337 38.163483 0.189118
1320.000000 334.609741 181.451263 17.248474 41.699097 0.172543
1320.000000 363.949402 177.306580 15.532898 37.766449 0.159212
1320.000000 214.617859 183.388748 17.327759 40.907532 0.139419
1320.000000 10.816462 186.070709 14.228802 33.597748 0.132423
1320.000000 281.874084 180.770096 19.635925 47.231720 0.108713
1320.000000 20.508373 190.439468 14.365498 27.611206 0.095119
1320.000000 620.977844 147.992432 16.620361 46.572693 0.094988
1320.000000 467.431274 184.760193 14.390137 34.912537 0.093940
1320.000000 412.132660 187.407410 14.637024 35.885712 0.063600
1320.000000 212.434128 185.224762 13.067749 32.785736 0.056840
1320.000000 338.761932 171.924179 15.542480 37.139893 0.055595
1320.000000 76.842812 194.257629 13.536255 31.104156 0.050260
1350.000000 316.399994 178.387161 12.583435 31.884338 0.364293
1350.000000 237.762573 185.974548 13.500092 33.905579 0.329867
1350.000000 248.504929 188.334259 13.170425 32.522858 0.176755
1350.000000 298.198853 176.598145 12.372559 30.196381 0.176407
1350.000000 284.403473 173.661301 14.389221 35.380615 0.123989
1350.000000 254.876465 182.492859 18.224731 44.036377 0.120131
1350.000000 360.016907 176.318375 15.690002 36.147125 0.105523
1350.000000 274.434814 178.981125 14.683899 34.044281 0.092255
1350.000000 302.249878 175.622345 13.725403 29.196228 0.082951
1350.000000 294.290222 177.444565 10.774353 26.872986 0.072329
1350.000000 243.275955 191.462112 16.135330 38.101440 0.070813
1350.000000 166.512650 176.141800 13.356537 32.504517 0.070744
1350.000000 253.379517 187.096802 11.224854 31.734192 0.051996
1350.000000 270.541199 183.194336 10.949951 26.558868 0.050109
1410.000000 209.854706 187.518036 16.417084 40.761566 0.443682
1410.000000 0.000000 203.930344 10.287556 36.124420 0.252646
1410.000000 195.994263 193.679459 12.693939 31.539642 0.154437
1410.000000 172.076324 198.181366 11.605164 25.877075 0.126915
1410.000000 150.394562 185.044266 12.938080 31.915100 0.116357
1410.000000 179.538864 189.075836 13.607269 32.214111 0.114903
1410.000000 208.564987 186.550201 12.047668 29.528320 0.069075
1440.000000 587.345337 194.821945 16.914429 37.868744 0.382563
1440.000000 425.143738 150.408447 21.740417 50.334564 0.220040
1440.000000 626.929138 191.300873 13.026855 39.189117 0.203370
1440.000000 571.108765 193.290314 12.683105 31.568665 0.139820
1440.000000 484.549774 199.954071 14.297119 34.315796 0.138792
1440.000000 430.632141 150.081406 15.177917 35.517670 0.114955
1440.000000 572.383362 192.626251 17.515747 40.162170 0.092278
1440.000000 618.709106 201.513138 12.664307 29.940796 0.070102
1440.000000 504.479614 204.429260 14.111389 32.382172 0.067992
1440.000000 558.619629 193.351425 14.718506 35.484741 0.055693
1470.000000 21.523117 207.596115 14.303257 33.569641 0.158978
1470.000000 411.377502 148.043564 16.004761 39.846466 0.062936
1470.000000 405.660339 149.726959 14.267151 32.716827 0.053000
1500.000000 165.478470 176.482788 14.566254 35.989685 0.387673
1500.000000 447.370544 159.314178 15.554260 38.807617 0.273552
1500.000000 7.142536 208.049225 10.894094 23.687164 0.169774
1500.000000 439.967346 158.144150 19.014160 44.180023 0.148402
1500.000000 394.058350 151.292648 13.057007 28.186249 0.143780
1500.000000 323.411926 153.189468 13.254211 31.873444 0.124494
1500.000000 427.832642 156.395554 16.970398 34.268829 0.102797
1500.000000 390.784180 148.995880 17.992310 41.618652 0.097187
1500.000000 101.125610 193.465347 12.751343 31.237213 0.078500
1500.000000 425.121552 155.214050 21.789917 54.138733 0.063328
1500.000000 25.908554 208.618317 11.370827 28.782227 0.060723
1500.000000 444.769531 156.952515 22.957825 54.777222 0.053341
1530.000000 0.000000 156.559601 48.192417 227.506226 0.974241
1530.000000 445.978394 194.355026 13.204102 32.735016 0.343770
1530.000000 619.424622 192.680359 12.328613 31.523102 0.319097
1530.000000 458.135803 202.620346 12.370178 30.983734 0.209331
1530.000000 614.883911 196.032623 12.871216 32.314453 0.197931
1530.000000 0.034441 166.328217 36.116623 127.437653 0.195409
1530.000000 624.792664 191.802673 13.824341 35.379730 0.164137
1530.000000 484.322052 207.499222 13.256226 28.317383 0.135406
1530.000000 612.641846 194.863342 10.484985 26.765472 0.093838
1530.000000 383.656677 193.675980 14.243347 32.310699 0.084541
1530.000000 152.953476 160.232025 20.943085 48.839722 0.061350
1560.000000 131.387970 117.468399 139.596130 340.899292 0.993725
1560.000000 39.933922 128.676514 152.692596 339.492981 0.990404
1560.000000 389.491943 190.472519 16.004700 40.325378 0.432773
1560.000000 619.080261 191.320450 15.602295 41.843445 0.391052
1560.000000 625.871765 191.251343 13.948608 43.141083 0.282506
1560.000000 329.753204 164.732224 24.518616 72.172882 0.267768
1560.000000 314.232269 181.148773 15.057068 41.390350 0.219985
1560.000000 483.507416 207.459915 13.864685 32.489044 0.219624
1560.000000 458.799133 203.894745 11.782959 29.608826 0.189091
1560.000000 444.874268 194.215561 15.517822 38.762665 0.176481
1560.000000 286.133911 175.320251 17.006409 38.119354 0.119288
1560.000000 481.029144 205.816055 12.107666 27.608246 0.088601
1560.000000 122.624832 172.431717 104.823425 257.399719 0.085620
1560.000000 115.949570 192.578094 40.611725 91.745331 0.082329
1560.000000 0.172713 219.891220 11.992054 56.689774 0.055796
1560.000000 120.171867 185.284958 70.088905 146.646500 0.054362
1560.000000 468.388916 208.193100 12.319580 26.398468 0.051284
1590.000000 384.329712 126.269150 134.848450 329.270935 0.993516
1590.000000 271.751373 124.177460 158.939331 345.991333 0.991417
1590.000000 355.080200 146.747269 79.866760 204.083176 0.944744
1590.000000 384.982178 115.327156 98.073303 242.219696 0.866305
1590.000000 261.418060 185.065247 14.738770 35.683105 0.251541
1590.000000 627.714294 191.961288 12.034546 41.160828 0.240697
1590.000000 46.461658 159.100037 14.949203 35.982635 0.224048
1590.000000 147.437103 127.199821 13.597839 30.054054 0.192654
1590.000000 118.995369 144.280609 13.283455 31.203857 0.180617
1590.000000 106.816216 143.017090 13.755997 32.123413 0.165498
1590.000000 124.044022 153.444672 21.057343 53.916840 0.137279
1590.000000 201.447739 122.840446 14.381409 35.016670 0.107354
1590.000000 403.472076 115.070824 68.623901 156.861359 0.092669
1590.000000 103.803215 143.362854 20.618240 48.363922 0.082244
1590.000000 116.637680 144.621017 18.580276 47.134399 0.073967
1590.000000 42.255745 159.107834 21.586861 52.675629 0.071385
1590.000000 330.043182 177.933228 51.320007 125.275238 0.056634
1590.000000 211.322250 122.734619 15.147064 38.294189 0.053180
1620.000000 490.716309 131.128754 140.045898 344.020691 0.994753
1620.000000 576.307983 152.048462 63.692017 197.933319 0.940714
1620.000000 556.710815 144.030762 82.820435 321.510315 0.681624
1620.000000 292.901733 200.504700 12.928406 32.381958 0.275790
1620.000000 420.849854 187.082352 13.958923 33.670166 0.252012
1620.000000 254.332306 194.837509 10.826111 27.187347 0.247420
1620.000000 445.870453 195.555862 11.684753 29.128357 0.211025
1620.000000 397.117523 187.119171 11.280396 28.424194 0.172637
1620.000000 147.155243 127.605110 13.275330 27.640877 0.165462
1620.000000 501.219238 182.300598 77.217285 209.044189 0.128481
1620.000000 43.949341 160.393997 16.471329 39.062164 0.123494
1620.000000 622.296509 212.030640 17.443604 100.007629 0.091348
1620.000000 394.925568 187.611664 17.190369 41.635345 0.077532
1620.000000 401.419830 188.434189 11.532959 28.808746 0.061788
1620.000000 157.352707 145.565536 17.062347 37.872406 0.059863
1650.000000 394.570648 183.604340 20.330444 49.579041 0.378004
1650.000000 254.210953 195.774750 11.862961 29.019501 0.341840
1650.000000 530.781677 189.185516 16.971313 37.341278 0.190393
1650.000000 44.535984 158.185440 15.089485 37.512573 0.128739
1650.000000 628.564514 189.985413 11.330811 42.219727 0.127604
1650.000000 227.636993 189.751602 15.242889 36.105316 0.063293
1650.000000 250.155792 196.227448 16.549622 40.823578 0.055124
1680.000000 392.564850 179.193817 21.349731 53.779572 0.275781
1680.000000 616.967957 199.871857 14.599365 31.189575 0.130866
1680.000000 311.133118 180.244949 15.548767 42.816315 0.123259
1680.000000 554.046204 201.221603 12.694458 29.063385 0.108232
1680.000000 91.327126 155.039948 30.914764 71.469971 0.105848
1680.000000 220.836685 179.166122 14.599609 33.378204 0.102754
1680.000000 626.134155 201.275970 12.438232 33.353821 0.088245
1680.000000 525.796082 189.752396 17.424927 38.860626 0.077283
1680.000000 245.156723 187.165161 12.131119 29.423737 0.074348
1680.000000 566.409485 197.433258 17.109497 40.492584 0.053874
1680.000000 197.915802 144.244385 29.290100 72.348267 0.051101
1710.000000 393.173737 182.325211 20.503479 51.640045 0.422901
1710.000000 617.689026 198.951126 16.304199 35.300964 0.421003
1710.000000 309.605652 176.610886 13.471375 36.972656 0.265921
1710.000000 578.397827 199.698639 15.803467 37.654541 0.253918
1710.000000 208.292511 176.413773 16.648285 38.835083 0.188776
1710.000000 253.931747 194.499374 10.361893 25.138855 0.178389
1710.000000 460.172180 193.968079 13.966431 34.697357 0.168478
1710.000000 623.108032 197.518265 15.809692 39.475891 0.126186
1710.000000 570.265991 199.435913 18.777222 39.731110 0.117652
1710.000000 464.159576 191.879883 13.595886 33.144714 0.105245
1710.000000 258.513275 185.316345 13.772461 30.728302 0.092511
1710.000000 236.937164 188.845749 12.389587 28.941498 0.086868
1710.000000 254.586426 184.604385 20.399719 48.417328 0.081134
1710.000000 402.937592 187.117233 12.617432 32.457184 0.076927
1710.000000 367.529114 203.171173 13.341370 31.126740 0.066183
1710.000000 108.721603 210.178528 15.109802 34.893555 0.055078
1710.000000 327.710022 172.443115 22.766174 58.780334 0.052148
1740.000000 391.249451 178.108170 23.640625 56.688049 0.909701
1740.000000 574.368835 199.344940 17.239868 40.053925 0.502319
1740.000000 399.123230 181.574463 15.594421 38.166748 0.331536
1740.000000 263.848969 199.580444 12.111084 31.802002 0.166348
1740.000000 249.805191 194.128204 11.598679 28.944916 0.156920
1740.000000 558.667419 202.200180 12.906494 28.498505 0.153662
1740.000000 626.108704 201.383575 11.415649 30.584869 0.131387
1740.000000 341.027740 202.242493 13.842102 32.375061 0.116082
1740.000000 232.526840 193.363220 13.628754 32.907715 0.081780
1740.000000 526.850708 192.128998 12.640137 32.185364 0.079019
1770.000000 392.643158 180.444885 22.560486 56.772034 0.700507
1770.000000 247.240891 194.807404 10.966080 26.892090 0.347977
1770.000000 279.257172 173.347122 13.139832 31.638885 0.287275
1770.000000 531.385986 172.123840 16.420898 39.186218 0.170855
1770.000000 395.417145 184.504242 16.042542 38.866791 0.137455
1770.000000 467.607513 192.426270 13.764038 34.639862 0.100246
1770.000000 232.908432 195.964981 13.984253 31.813965 0.085149
1770.000000 400.358490 189.503540 18.680115 44.492767 0.084101
1770.000000 525.972046 172.367828 24.239624 62.675873 0.067917
1770.000000 460.879150 199.726044 12.402649 29.114258 0.062804
1770.000000 235.846954 202.351898 17.037750 39.768860 0.052678
1800.000000 393.875061 181.976654 19.301270 46.987427 0.511102
1800.000000 262.135345 196.778870 13.949158 33.196259 0.302316
1800.000000 246.048965 198.346344 12.338913 30.697388 0.200625
1800.000000 251.284363 193.664734 12.593445 29.207550 0.163879
1800.000000 276.717621 176.319763 14.779541 35.918213 0.143046
1800.000000 221.172333 189.588608 12.181610 28.357239 0.132712
1800.000000 403.094574 187.824249 11.286804 29.674438 0.125679
1800.000000 225.862671 189.415161 13.816803 32.477570 0.105293
1800.000000 505.923584 193.037430 14.729126 34.778778 0.105013
1800.000000 627.144348 207.935791 12.855652 39.932556 0.076002
1800.000000 228.782333 199.098404 12.218323 26.318420 0.075502
1800.000000 445.038605 201.609283 13.654175 31.794495 0.065809
1830.000000 394.139771 181.976501 19.582886 46.032837 0.814109
1830.000000 294.325348 198.433990 17.777222 42.210419 0.373408
1830.000000 215.787842 188.739212 15.220703 40.221222 0.258097
1830.000000 246.905731 194.681061 13.832489 35.023163 0.192874
1830.000000 43.146751 143.925522 13.453979 33.114319 0.175206
1830.000000 582.870117 206.297699 17.325317 38.680695 0.141256
1830.000000 229.664200 195.522751 13.666534 31.098938 0.136303
1830.000000 455.504486 198.964981 13.206421 31.549072 0.115123
1830.000000 573.598206 198.165161 13.704346 32.986786 0.098606
1830.000000 316.304749 208.693130 12.137939 25.398346 0.093618
1830.000000 225.158997 196.160507 13.037720 30.127960 0.093598
1830.000000 251.904068 207.077423 13.060532 30.312683 0.091603
1830.000000 236.458557 189.552414 14.165833 34.459991 0.088473
1830.000000 438.577148 195.583145 13.262695 30.782257 0.086158
1830.000000 57.847633 217.330048 17.896317 41.390869 0.076152
1830.000000 211.560272 188.340271 22.898468 58.392700 0.072381
1830.000000 45.092155 135.869537 25.257202 65.390747 0.069007
1830.000000 484.856750 213.591873 15.334778 34.379791 0.068789
