30.000000 487.137970 187.606277 21.812134 54.728302 0.971704
30.000000 436.288513 202.384705 15.787476 37.443665 0.737449
30.000000 426.063843 199.544556 15.099976 36.953522 0.424445
30.000000 482.999634 193.476257 15.147644 35.040619 0.327818
30.000000 442.327301 200.632797 16.251770 39.553192 0.321048
30.000000 571.661316 191.081680 20.415527 50.399811 0.313799
30.000000 430.874207 202.533081 15.467834 35.371033 0.312166
30.000000 403.830475 194.455688 15.872742 37.569366 0.264352
30.000000 563.994446 197.522415 18.119141 45.008301 0.197080
30.000000 593.912476 209.058823 14.696411 35.235626 0.190158
30.000000 495.052094 189.563492 15.628479 41.768097 0.189923
30.000000 574.637024 194.313110 14.114990 33.781036 0.150475
30.000000 0.000000 201.631210 12.129259 35.480072 0.148315
30.000000 559.821045 166.790741 26.147705 72.255005 0.137812
30.000000 419.190491 199.162415 14.338684 34.179077 0.073202
30.000000 471.510437 195.983582 13.405762 31.159088 0.068929
30.000000 64.901840 172.756073 11.825455 29.603851 0.068521
30.000000 410.509674 201.830566 12.677490 29.542389 0.063589
30.000000 158.229813 194.774353 12.014771 28.652466 0.057545
30.000000 579.614441 196.654114 17.139404 46.442261 0.055202
30.000000 91.859993 196.561859 11.535080 28.289673 0.051897
30.000000 528.781921 201.766220 14.724365 31.217773 0.051136
60.000000 510.080048 185.161316 24.297150 61.344696 0.980517
60.000000 483.594086 185.998596 17.894226 43.888336 0.688094
60.000000 576.991211 162.252899 30.106934 81.459167 0.574089
60.000000 445.553864 204.997940 16.922119 38.091980 0.508419
60.000000 439.252960 202.459747 15.722961 39.192139 0.497460
60.000000 428.874298 194.841751 16.181702 42.692596 0.355484
60.000000 138.145782 189.742157 12.772644 33.075623 0.235541
60.000000 405.366364 193.958191 15.625793 38.685089 0.233008
60.000000 451.144257 208.289032 15.868652 34.609222 0.169119
60.000000 475.621368 190.948730 12.399109 29.246155 0.136574
60.000000 153.476242 192.520721 12.031830 28.779114 0.123241
60.000000 422.825989 199.672653 13.844604 34.311188 0.079166
60.000000 594.482788 214.120056 13.575806 33.622406 0.079122
60.000000 540.207703 198.981400 17.184204 40.928345 0.074269
60.000000 506.946930 187.269104 18.838348 45.768890 0.073484
60.000000 448.575653 193.613419 16.507751 38.525726 0.068008
60.000000 83.343025 205.561783 11.063095 26.137238 0.067179
60.000000 588.366577 195.148102 21.463989 51.135071 0.066969
60.000000 497.969971 199.048019 11.258667 27.479523 0.066691
60.000000 145.199753 178.702927 12.822205 32.179901 0.056803
60.000000 438.400787 199.016098 12.087402 30.223755 0.056197
60.000000 337.104492 177.043533 21.124146 56.374115 0.051208
60.000000 146.060638 190.683197 13.523285 30.958466 0.051036
90.000000 561.973816 180.720200 29.545288 71.888947 0.983966
90.000000 496.383209 185.373779 15.781647 35.337250 0.566895
90.000000 581.060486 201.552902 21.019531 47.758545 0.411915
90.000000 468.990326 191.791992 23.197876 55.290802 0.299375
90.000000 573.731445 191.398270 23.157349 59.532135 0.221326
90.000000 562.464111 182.332947 17.035522 38.874756 0.195911
90.000000 489.258118 180.472336 19.873047 45.797485 0.168673
90.000000 511.972443 190.255249 13.593597 34.681152 0.160366
90.000000 585.941467 202.667831 12.162964 28.669922 0.100543
90.000000 206.112610 186.153198 12.359772 30.762054 0.097190
90.000000 569.192688 182.632355 17.764771 43.413727 0.093683
90.000000 579.832825 186.848557 13.014160 30.421326 0.088024
90.000000 559.871460 187.043030 14.132568 29.236237 0.082286
90.000000 465.165436 200.186920 18.016785 45.211853 0.071014
90.000000 555.585510 185.648911 21.253540 46.370239 0.064056
90.000000 574.440552 183.594727 11.359009 25.054962 0.059169
90.000000 626.508179 192.875839 13.264282 35.061676 0.053067
90.000000 54.682411 197.141190 11.163559 27.705597 0.051890
90.000000 589.424194 199.306747 14.327637 35.657349 0.051487
90.000000 105.926537 186.172348 13.932556 34.447815 0.050482
120.000000 516.071045 185.016449 26.390991 71.313324 0.784267
120.000000 506.967438 197.873703 20.898041 54.178802 0.231638
120.000000 490.838409 208.222229 16.995117 42.717010 0.210296
120.000000 517.614319 186.609970 18.344482 44.731293 0.187100
120.000000 525.129944 194.089005 22.547607 58.496216 0.155801
120.000000 463.280334 178.642868 16.985046 39.601288 0.104381
120.000000 140.077194 178.559921 14.462341 33.333801 0.101976
120.000000 507.594177 216.649109 14.135010 34.576355 0.091486
120.000000 95.208580 191.674194 13.371201 32.014740 0.073630
120.000000 1.364605 200.802643 12.286816 30.297821 0.069031
120.000000 37.754215 190.512756 12.807556 32.633057 0.063052
120.000000 119.373795 192.548187 13.291412 32.535065 0.056544
120.000000 490.070343 187.059464 22.251495 59.640015 0.056340
120.000000 532.728455 193.200104 16.526611 40.735168 0.053991
120.000000 516.647644 207.216721 18.734375 46.940216 0.053767
150.000000 573.641052 184.883224 29.210449 76.242874 0.415898
150.000000 532.265625 186.833054 15.908691 36.717987 0.413495
150.000000 70.300812 169.962173 17.709885 42.727997 0.314301
150.000000 175.051193 187.220840 13.420776 33.104736 0.242501
150.000000 448.471741 155.665680 20.517029 48.944794 0.214581
150.000000 119.992561 183.724442 14.211052 34.321564 0.181985
150.000000 537.495483 187.710220 15.551270 36.994232 0.157255
150.000000 112.248466 179.424225 14.766815 36.315247 0.139901
150.000000 441.113983 154.367538 30.328735 77.598236 0.134881
150.000000 575.149780 181.033768 12.437256 28.086609 0.134464
150.000000 605.195435 154.489731 17.563354 39.803467 0.109794
150.000000 610.283508 181.836273 29.443970 92.307434 0.103225
150.000000 1.977434 153.090881 28.265392 80.025604 0.089314
150.000000 545.708252 156.595612 23.685913 62.158081 0.085663
150.000000 179.210037 192.005646 13.479309 30.197662 0.078413
150.000000 53.198841 180.659012 13.407589 31.252502 0.074269
150.000000 166.996414 192.173141 12.760834 30.383423 0.058008
150.000000 58.950333 181.766205 14.639832 32.565918 0.057755
150.000000 606.800049 143.454468 17.342896 39.891968 0.053118
150.000000 529.526794 186.201996 22.099976 53.675568 0.053047
150.000000 604.000854 140.467712 25.212280 61.398560 0.052750
180.000000 173.877411 182.226837 14.020813 32.406433 0.177990
180.000000 0.000000 193.671631 16.222816 52.697052 0.103624
180.000000 417.556610 197.728882 16.662842 40.504944 0.086925
180.000000 412.015045 190.639557 12.162964 30.557831 0.054401
210.000000 592.816345 158.035919 14.439941 32.214111 0.325708
210.000000 424.752014 188.716446 13.353333 31.864807 0.204277
210.000000 602.139526 149.875198 15.774170 36.348206 0.200975
210.000000 590.098267 155.356094 20.073730 46.691986 0.199360
210.000000 66.836830 196.787582 12.152649 29.032379 0.165600
210.000000 419.247101 186.006470 19.395142 46.528931 0.126948
210.000000 594.707336 150.803696 26.840942 54.768555 0.084726
210.000000 607.426331 156.646622 23.652222 52.863525 0.075113
210.000000 29.078230 128.621719 12.324701 28.293335 0.063151
210.000000 51.681011 206.506180 13.706539 33.069092 0.053835
210.000000 0.112575 202.386292 11.178132 41.583344 0.051465
240.000000 127.529144 177.586060 14.241180 32.906586 0.144951
240.000000 393.820312 159.867233 19.123901 47.694031 0.132515
240.000000 113.919098 176.666473 13.796600 33.731567 0.123408
240.000000 437.757538 193.909958 19.445251 44.542236 0.113627
240.000000 511.093079 183.097061 18.716553 41.679565 0.100704
240.000000 579.814697 177.962250 15.864990 36.505463 0.092664
240.000000 26.975143 192.354660 11.049553 28.258545 0.084045
240.000000 340.948547 183.872757 12.143066 28.103333 0.082940
240.000000 528.581665 177.469727 17.179932 40.553925 0.069933
240.000000 505.130493 183.040131 14.553833 33.752960 0.057761
240.000000 116.138405 185.172287 13.866158 31.815460 0.054084
240.000000 485.646423 175.099396 15.289062 36.304474 0.050581
270.000000 598.251404 179.575516 12.725952 30.237610 0.098379
270.000000 595.219727 178.411148 18.931396 41.788483 0.094760
270.000000 468.126282 173.711975 18.024597 43.202301 0.084000
270.000000 298.750824 176.530869 11.078613 28.218109 0.081564
270.000000 214.334610 178.623886 12.772797 31.960663 0.081529
270.000000 583.107849 174.357010 13.258301 31.181427 0.077377
270.000000 302.203552 177.955933 10.960754 27.919739 0.069848
270.000000 286.230713 177.647156 12.598511 29.165741 0.069526
270.000000 317.691528 180.691727 10.512573 26.755249 0.069087
270.000000 462.163696 173.601288 26.596191 63.449768 0.064918
270.000000 272.421875 181.591766 13.042358 30.375397 0.053842
270.000000 555.136658 154.801590 24.204956 62.744598 0.050409
300.000000 195.572891 191.803589 11.983643 29.233521 0.813568
300.000000 207.141876 191.983154 11.495789 26.902924 0.708997
300.000000 211.526871 190.583176 11.282074 27.759064 0.279742
300.000000 187.041138 185.230865 12.341278 29.029755 0.233357
300.000000 102.653526 188.657257 12.166656 32.735077 0.229970
300.000000 52.838066 192.132599 12.225227 29.322327 0.210228
300.000000 396.442413 172.965332 13.660339 32.599976 0.209592
300.000000 297.248749 178.414368 11.653748 29.130188 0.148285
300.000000 14.298861 182.308182 11.954578 31.441467 0.129174
300.000000 284.330811 177.589355 15.801575 37.649231 0.088818
300.000000 277.231262 179.619858 14.215576 33.403381 0.079642
300.000000 84.409958 170.202545 15.051910 35.989960 0.055033
330.000000 192.118790 192.724976 12.601837 31.934479 0.723814
330.000000 205.640747 190.235779 14.430176 33.008118 0.571814
330.000000 462.065887 208.955780 17.017822 40.868134 0.484750
330.000000 225.201279 186.225311 12.641388 32.753235 0.448408
330.000000 181.426514 191.685471 11.470184 29.670532 0.296470
330.000000 51.356396 196.035721 12.560020 29.657440 0.176663
330.000000 165.018311 195.728470 11.729492 27.411896 0.144226
330.000000 152.849060 188.318970 14.774811 34.972534 0.143798
330.000000 219.821823 186.510391 13.871063 32.678741 0.142604
330.000000 230.309814 186.026382 12.174286 29.628021 0.121896
330.000000 142.296539 192.311661 12.952667 32.285980 0.116278
330.000000 272.932220 178.700211 13.517761 32.213959 0.108886
330.000000 210.705170 193.544174 12.512573 30.600433 0.092152
330.000000 187.209167 191.582321 11.211609 29.578705 0.091311
330.000000 292.255127 177.312332 14.395996 33.463348 0.088315
330.000000 288.129791 173.801682 14.397522 34.538300 0.078220
330.000000 268.483307 183.617813 12.791687 32.555908 0.074178
360.000000 206.095596 195.786133 14.915466 34.673126 0.796954
360.000000 180.440201 196.184128 13.390991 30.913818 0.700854
360.000000 160.674042 197.008163 12.761078 31.263275 0.607370
360.000000 192.546722 200.006210 12.706268 30.987854 0.580545
360.000000 134.940353 204.574921 11.032867 27.424927 0.530238
360.000000 277.387115 191.409988 13.776184 30.970001 0.440082
360.000000 273.352203 192.097610 12.132690 29.655090 0.332951
360.000000 594.113831 165.944687 13.778198 32.683044 0.312970
360.000000 146.574112 191.500000 15.482086 34.484344 0.312353
360.000000 564.194763 169.511322 13.526123 31.369019 0.237443
360.000000 222.394516 197.641754 11.760956 26.828522 0.207419
360.000000 153.590927 197.282974 12.814148 30.737579 0.193772
360.000000 10.894169 200.311615 13.095127 29.845825 0.187397
360.000000 100.270798 199.581863 12.618591 31.470245 0.184572
360.000000 0.000000 189.788452 9.988996 44.568665 0.184041
360.000000 198.216995 196.425476 12.169708 26.404449 0.170309
360.000000 0.591141 203.311630 13.850584 34.099945 0.169701
360.000000 115.286591 198.615814 12.940460 31.798340 0.169048
360.000000 211.278107 196.482452 13.748718 32.920135 0.162792
360.000000 605.171265 171.199982 13.110229 32.298950 0.138641
360.000000 231.504974 185.300049 13.486420 33.333038 0.136665
360.000000 335.596619 194.980804 11.438171 30.778290 0.127277
360.000000 551.176025 172.551544 13.273926 32.059204 0.119528
360.000000 88.855347 199.208832 13.408463 33.191742 0.118076
360.000000 94.086655 198.931763 14.090729 34.134674 0.113693
360.000000 138.323517 202.502258 13.800507 29.093140 0.112594
360.000000 175.692535 195.735092 12.351929 30.937836 0.111152
360.000000 452.857666 180.348389 13.533630 33.447083 0.108006
360.000000 615.646362 164.892410 13.448853 34.772949 0.088190
360.000000 1.342092 191.279999 18.516068 44.264954 0.087257
360.000000 566.032227 172.450500 16.478516 38.764465 0.083083
360.000000 227.870651 199.467468 10.432465 25.819244 0.076971
360.000000 244.583054 190.280258 11.987381 28.598541 0.070740
360.000000 312.323792 187.034790 12.280090 30.343323 0.069956
360.000000 22.551119 201.300934 11.650969 29.475037 0.065295
360.000000 6.782568 193.318420 12.217703 28.813873 0.065083
360.000000 337.968445 187.339417 12.840149 34.472748 0.064416
360.000000 544.355835 173.125946 20.278809 45.340027 0.061533
360.000000 580.130981 172.559311 13.345581 33.770752 0.060197
360.000000 366.137848 186.912369 11.895203 26.592743 0.057250
360.000000 110.848824 197.537750 12.669022 30.752045 0.056042
360.000000 588.764648 170.951965 17.320801 40.912598 0.054198
360.000000 382.456116 185.292953 11.629089 26.645264 0.053960
360.000000 577.712097 218.256744 28.785400 65.956024 0.053183
390.000000 165.025955 193.368164 17.813812 37.106567 0.902697
390.000000 200.066299 187.395935 18.737762 45.490570 0.887373
390.000000 217.276093 184.321869 19.326050 47.506714 0.882151
390.000000 190.006531 188.276627 16.050354 39.597412 0.770323
390.000000 243.210892 180.350296 17.623703 42.351929 0.445038
390.000000 136.825546 191.248688 17.367706 42.563812 0.346281
390.000000 157.819763 192.586792 17.044495 38.365753 0.330740
390.000000 123.926056 192.024078 13.186279 32.418549 0.257052
390.000000 593.820251 160.058060 15.044922 35.911041 0.234088
390.000000 267.043579 186.266876 14.235046 33.414886 0.233023
390.000000 71.248894 184.367508 13.592773 32.873718 0.214722
390.000000 499.346832 160.479904 13.196136 32.651031 0.214026
390.000000 236.005829 191.869156 12.431793 30.608093 0.195525
390.000000 369.613159 175.848251 15.981812 38.500519 0.194648
390.000000 251.410278 180.824936 13.190491 32.900146 0.164931
390.000000 60.172710 156.224594 12.447231 30.517792 0.158355
390.000000 92.160057 198.476288 14.718521 35.463013 0.158282
390.000000 590.357788 160.190842 23.432739 52.363525 0.156377
390.000000 224.594574 189.658783 16.473694 41.707611 0.155623
390.000000 508.418854 172.354294 15.366791 37.271820 0.145820
390.000000 127.510605 193.495728 14.976196 35.750366 0.135865
390.000000 71.821037 203.837357 12.742584 31.575928 0.131263
390.000000 37.061638 197.316223 15.649422 37.926270 0.124321
390.000000 379.480896 91.941299 14.211853 32.429291 0.107678
390.000000 530.241821 169.186813 17.140625 39.716003 0.107372
390.000000 109.197899 196.072922 14.894073 37.991669 0.107156
390.000000 3.682378 179.142288 12.211678 31.359955 0.099808
390.000000 446.678253 92.288239 14.623169 33.237091 0.097037
390.000000 302.889130 185.967560 14.539062 35.464020 0.092393
390.000000 52.853409 156.120285 21.820038 57.617310 0.087976
390.000000 47.754623 175.005585 15.280197 34.578430 0.085192
390.000000 583.643494 158.518936 12.624878 30.249054 0.082739
390.000000 437.040771 155.284897 14.189575 33.796234 0.076793
390.000000 141.200592 190.529739 13.268646 29.039978 0.075359
390.000000 151.486267 190.939240 17.356598 38.674255 0.073959
390.000000 413.870728 160.268753 13.772705 32.277435 0.073246
390.000000 52.807892 161.481064 15.584755 39.941864 0.066664
390.000000 229.051727 186.576691 13.748199 33.174255 0.062714
390.000000 203.481995 186.501816 13.638702 31.375397 0.061252
390.000000 271.057129 182.430954 13.986389 32.256531 0.059045
390.000000 82.567154 200.652512 14.732483 35.099518 0.056775
390.000000 433.687042 155.988525 22.150818 50.363556 0.054495
390.000000 46.680847 161.638947 24.161980 64.913971 0.053797
390.000000 493.974060 159.988708 21.434692 47.130554 0.052491
390.000000 610.096741 170.493347 14.454712 35.197906 0.051044
390.000000 76.059082 201.198380 14.276199 34.444275 0.050251
390.000000 143.926483 190.983673 15.196442 35.825592 0.050077
420.000000 232.548187 184.243835 23.737610 56.427826 0.933731
420.000000 171.898773 190.850677 19.244934 44.952057 0.914691
420.000000 211.450638 188.913544 20.553925 50.882446 0.859515
420.000000 137.945724 203.450470 16.686798 37.788422 0.693614
420.000000 10.067244 193.896515 21.649376 50.724976 0.512570
420.000000 197.429001 187.230164 14.542725 34.074799 0.488423
420.000000 163.413193 189.232971 20.549652 47.111176 0.357762
420.000000 35.924393 202.261429 15.502190 37.946045 0.336350
420.000000 98.116570 201.736572 15.900131 38.198334 0.325187
420.000000 157.877151 193.791702 19.208832 43.478119 0.267538
420.000000 201.631470 189.470123 17.381622 42.619293 0.260003
420.000000 224.400436 184.382980 15.494873 37.066223 0.252062
420.000000 274.337646 173.293854 13.634827 34.823547 0.201990
420.000000 90.419098 199.626526 14.448074 35.588379 0.149116
420.000000 233.696640 182.893219 15.322906 39.548370 0.137588
420.000000 270.959045 171.893417 21.041809 53.886780 0.129892
420.000000 109.665985 189.621490 22.511108 52.568848 0.126760
420.000000 6.435702 202.508530 14.402489 37.484222 0.123512
420.000000 213.030014 190.233459 12.569122 31.243988 0.122033
420.000000 132.203110 190.919022 20.757355 48.182983 0.120185
420.000000 13.618312 191.853836 14.505101 35.186066 0.119451
420.000000 242.664902 188.249161 17.345932 39.865082 0.113154
420.000000 261.523834 179.971207 13.413757 32.410126 0.110962
420.000000 66.814232 189.697845 20.537033 51.057495 0.105116
420.000000 101.463303 201.054596 11.602402 26.773499 0.101123
420.000000 28.598038 199.504089 17.300636 41.122437 0.090737
420.000000 577.852112 160.135590 14.945801 33.804718 0.084389
420.000000 580.817383 168.946945 16.435669 36.510529 0.075035
420.000000 240.237213 184.327942 13.898773 31.729584 0.068069
420.000000 263.216736 179.080658 18.081238 44.362915 0.067427
420.000000 463.343445 153.813019 23.256165 55.042816 0.065899
420.000000 48.049946 184.931549 14.488640 33.902466 0.063005
420.000000 180.818970 191.364441 14.656921 31.779419 0.058874
420.000000 288.243774 182.830536 17.360107 41.852081 0.053443
420.000000 220.036591 182.827042 21.476593 54.597198 0.053277
420.000000 135.404236 190.070831 13.524567 30.356323 0.050732
450.000000 125.810226 189.260437 23.760834 57.464203 0.986503
450.000000 148.141281 187.012238 26.734772 61.420837 0.898026
450.000000 81.551254 194.114990 19.494736 46.965607 0.885140
450.000000 41.504135 200.840729 18.284325 41.835510 0.749262
450.000000 68.121933 201.981415 18.318420 40.777710 0.606915
450.000000 543.102905 168.374252 22.136719 55.064331 0.593621
450.000000 549.636902 177.118958 17.745483 41.891785 0.490509
450.000000 107.294800 181.603012 23.195312 55.985321 0.465028
450.000000 199.092957 171.139130 25.556274 64.412628 0.347255
450.000000 101.171310 193.799911 13.310349 33.045868 0.257818
450.000000 198.955627 174.625092 12.668365 32.170410 0.245277
450.000000 1.858072 200.694412 15.743971 39.451874 0.242268
450.000000 524.247559 156.016357 14.445435 33.909546 0.233399
450.000000 108.855301 184.536423 14.267303 34.604919 0.221868
450.000000 545.471680 168.785538 16.145386 37.101868 0.220725
450.000000 261.597015 164.183640 15.368835 35.608032 0.206261
450.000000 607.469299 168.869080 14.058350 33.500946 0.197577
450.000000 85.077667 194.013229 14.212112 32.255890 0.175701
450.000000 211.007553 178.385208 20.748383 52.695831 0.153273
450.000000 195.225876 175.138916 20.406281 53.320221 0.150383
450.000000 57.790474 194.053604 14.450546 29.783295 0.146665
450.000000 74.322563 201.029526 18.217743 40.527161 0.145063
450.000000 258.700287 162.333984 21.062500 52.078888 0.119748
450.000000 116.402534 189.781982 20.651436 47.819489 0.115665
450.000000 55.064110 194.220078 11.482780 27.588440 0.095204
450.000000 214.506409 179.039230 14.512512 35.579651 0.093787
450.000000 153.077499 192.843246 16.469025 37.727478 0.092169
450.000000 207.448395 172.677429 14.588837 37.552002 0.091774
450.000000 187.733994 195.633820 15.548096 37.868286 0.091510
450.000000 157.319672 185.184692 17.535919 43.101440 0.076017
450.000000 53.643993 195.634445 18.445347 44.795715 0.068568
450.000000 410.648560 169.695892 15.237854 37.769226 0.066400
450.000000 146.827240 186.492752 18.384338 46.245483 0.063578
450.000000 48.664795 197.594498 16.714722 42.489899 0.059876
450.000000 521.258728 154.619675 21.368896 51.404907 0.055560
450.000000 153.949493 181.337219 15.002228 34.607208 0.054042
450.000000 357.088074 156.844818 13.765076 32.742920 0.053134
450.000000 159.878448 182.174133 13.343903 31.226074 0.051856
450.000000 16.356577 213.550995 14.239357 33.833649 0.050625
480.000000 568.216614 133.402496 46.016113 118.488434 0.994661
480.000000 473.453064 145.526855 15.042053 35.689331 0.420595
480.000000 472.028015 143.842834 21.738647 50.628845 0.381849
480.000000 542.616272 151.196671 18.771729 42.543243 0.139797
480.000000 470.649780 143.363953 13.448730 31.997345 0.132164
480.000000 534.574524 128.026154 26.311279 59.522064 0.111269
480.000000 595.090088 148.688477 21.362183 54.978302 0.099006
480.000000 492.865509 142.824661 13.575500 32.283295 0.079681
480.000000 612.280579 136.199402 12.385132 33.091949 0.078770
480.000000 378.362976 167.712662 20.691101 53.388275 0.078512
480.000000 481.184601 148.975067 13.560852 32.853424 0.062974
480.000000 223.876205 146.337921 18.184418 42.543427 0.061106
480.000000 575.193970 129.619461 19.117065 41.316681 0.056117
510.000000 254.209686 139.308502 63.068726 150.562317 0.990844
510.000000 534.070007 135.745850 24.212891 65.347809 0.332131
510.000000 149.179520 182.838577 24.393188 59.744141 0.170202
510.000000 251.177094 161.990479 25.765991 59.004456 0.086629
510.000000 319.556885 144.544739 26.677917 67.057648 0.084895
510.000000 4.229943 162.178665 15.939077 36.696167 0.062028
510.000000 537.359009 140.789581 16.850342 41.925446 0.061283
540.000000 40.623531 182.716217 21.946190 50.476410 0.442944
540.000000 49.205170 179.532074 25.276054 56.970673 0.205933
540.000000 34.231869 180.912491 33.104481 70.958008 0.147284
540.000000 36.927288 177.142181 13.057251 30.330627 0.133025
540.000000 29.252495 178.760712 26.293716 54.926788 0.113065
540.000000 45.277020 183.273056 15.606995 33.346069 0.112875
540.000000 96.827782 162.042923 19.249313 43.182220 0.094963
540.000000 14.402445 180.694565 21.179182 48.081879 0.077512
540.000000 334.232300 176.153091 21.834229 51.405640 0.074912
540.000000 317.110138 166.615601 19.950256 48.038147 0.058993
540.000000 18.253826 175.864227 13.061008 30.250214 0.055769
540.000000 627.073242 158.225235 12.884766 47.976471 0.051281
570.000000 166.444046 149.667572 28.402130 81.815857 0.375083
570.000000 618.509583 193.239120 15.036377 39.410767 0.250947
570.000000 567.087036 194.491425 14.414429 34.021515 0.124286
570.000000 610.091797 196.318283 13.284546 33.089813 0.083650
570.000000 555.505249 185.387268 15.908936 40.261871 0.081116
570.000000 1.076018 165.742828 22.438770 73.035004 0.075089
570.000000 76.490097 181.065155 20.337692 53.048218 0.064503
570.000000 84.370468 137.847778 29.553238 67.931091 0.058132
570.000000 612.536926 190.777512 22.119629 54.498627 0.050527
600.000000 576.646118 189.278748 15.349487 36.729095 0.549798
600.000000 573.850220 189.126755 22.498413 50.744904 0.286817
600.000000 467.347382 196.801315 14.982422 33.266479 0.251571
600.000000 439.106934 177.167145 17.557007 40.703003 0.239047
600.000000 421.749023 172.927505 18.549988 44.882477 0.223859
600.000000 433.282959 176.164352 27.045654 63.290710 0.217052
600.000000 594.670715 182.566711 11.475220 29.533691 0.214598
600.000000 31.400042 177.175049 22.708319 54.912262 0.154486
600.000000 392.348328 174.195114 22.169678 57.119751 0.141010
600.000000 397.165802 174.065582 16.347900 38.263092 0.101429
600.000000 417.229401 171.955231 26.571472 66.758881 0.094362
600.000000 542.335876 193.721725 13.786987 35.282196 0.084095
600.000000 22.401344 158.159470 25.700890 74.066895 0.076755
600.000000 26.664175 161.131958 15.997347 39.335968 0.073103
600.000000 580.460510 193.859390 15.526733 36.139435 0.067513
600.000000 8.053791 168.201553 23.443501 53.491058 0.063382
600.000000 591.400452 183.553116 17.472534 39.570709 0.057620
600.000000 570.251526 193.126099 16.123901 36.834961 0.053442
600.000000 433.655090 176.655792 17.245300 36.816589 0.052788
600.000000 48.286617 176.106567 14.381142 35.264191 0.051466
630.000000 587.242126 177.780197 20.376099 48.583099 0.817601
630.000000 233.091339 179.265076 18.988434 48.160675 0.444241
630.000000 513.810242 183.980576 17.155273 40.828339 0.435462
630.000000 404.027954 192.346893 15.687439 39.693024 0.283379
630.000000 507.374237 183.731720 26.578583 63.985138 0.202833
630.000000 449.387268 194.248856 11.578186 30.674713 0.202061
630.000000 43.351181 204.909744 12.151016 26.658051 0.194194
630.000000 586.127747 181.125946 16.636719 32.563660 0.163462
630.000000 428.948608 199.677963 12.947693 30.934814 0.152626
630.000000 49.912739 202.188110 12.493935 32.941925 0.147146
630.000000 581.064148 175.304443 30.730591 74.353546 0.126541
630.000000 591.077271 175.342651 15.705200 31.739960 0.122459
630.000000 346.212555 192.350861 12.233459 31.194244 0.112752
630.000000 39.195473 201.638763 11.932495 28.697021 0.107859
630.000000 296.897186 171.806900 25.144836 64.559418 0.101714
630.000000 556.683228 193.808945 14.946167 35.158630 0.098232
630.000000 111.248779 208.474930 9.506149 21.687073 0.070237
630.000000 526.170776 196.313370 17.641235 41.404572 0.067697
630.000000 183.218704 196.282211 10.408783 25.919312 0.065631
630.000000 6.422870 228.908936 11.861199 27.999023 0.065613
630.000000 77.797791 210.131363 11.011627 24.185913 0.062309
630.000000 301.934967 171.940979 16.844604 37.457611 0.062246
630.000000 400.619629 190.832184 14.183777 35.943604 0.061369
630.000000 408.949738 197.441589 14.700623 33.665771 0.057357
630.000000 595.563477 179.235275 14.011719 33.589233 0.054698
630.000000 347.469086 193.906784 17.634705 43.639648 0.052949
660.000000 304.848694 187.432297 20.252808 49.649323 0.925971
660.000000 600.287048 171.898712 27.691895 64.930389 0.766333
660.000000 505.262238 178.935303 23.790680 59.130035 0.685171
660.000000 312.852692 194.007401 16.995117 39.754639 0.197542
660.000000 420.486176 196.322906 12.228821 30.633148 0.185741
660.000000 509.001923 179.379654 16.944000 39.927765 0.161859
660.000000 607.422424 175.748764 18.675781 42.270721 0.155150
660.000000 1.989325 125.924026 33.530182 105.839996 0.147217
660.000000 593.473816 170.545959 39.043457 105.726715 0.141911
660.000000 528.361267 189.274048 20.835083 49.621033 0.122360
660.000000 479.209442 189.241089 21.769043 55.768219 0.104169
660.000000 2.731300 118.500549 14.841442 36.278809 0.098892
660.000000 517.926331 182.526184 15.448853 35.619232 0.071473
660.000000 573.682983 196.868561 15.257935 35.136658 0.070973
660.000000 508.056396 179.868622 31.509155 73.380402 0.070088
660.000000 299.565857 195.320389 16.244385 39.986389 0.062626
660.000000 532.516418 189.759949 14.572876 34.814819 0.062236
660.000000 588.347534 172.188950 16.201294 43.836456 0.061530
660.000000 596.412842 187.087311 12.121582 29.056549 0.059360
690.000000 231.367111 185.300552 22.963989 60.295593 0.987481
690.000000 558.360962 178.000961 39.482788 91.353348 0.854398
690.000000 434.916840 198.836060 11.401428 26.523346 0.529272
690.000000 564.774902 179.095932 27.988281 63.338989 0.447612
690.000000 485.619293 187.984467 15.907288 40.203796 0.174448
690.000000 408.081696 198.095093 11.056641 27.818024 0.169515
690.000000 101.954422 187.278336 12.962616 32.746826 0.136488
690.000000 123.350815 185.394440 13.130646 31.403412 0.133887
690.000000 556.324219 177.445328 54.785889 132.115646 0.122887
690.000000 479.550079 197.377884 12.117615 30.914734 0.105053
690.000000 145.083786 189.892746 12.236450 30.193420 0.100552
690.000000 480.302612 188.643021 24.265076 57.722687 0.068423
690.000000 188.130692 187.632004 12.044708 29.464172 0.066472
690.000000 233.419312 187.306564 16.127289 41.804230 0.065424
690.000000 474.371948 199.092178 14.264221 35.553680 0.062946
690.000000 206.294571 177.261047 12.461334 32.200470 0.054669
720.000000 139.821289 191.308121 25.869995 68.833847 0.985623
720.000000 416.619812 201.189621 11.748962 28.357635 0.338376
720.000000 77.058899 202.985428 11.423828 26.991302 0.201392
720.000000 525.414612 216.826248 16.201050 37.972931 0.188565
720.000000 70.777100 202.391586 10.365601 24.802094 0.140505
720.000000 51.671436 207.344879 9.528244 21.950256 0.135614
720.000000 146.830246 192.320358 14.729065 37.138855 0.112851
720.000000 125.227394 206.055847 10.493431 25.212555 0.104783
720.000000 130.487122 204.428589 10.727600 26.525726 0.088261
720.000000 27.828732 202.215637 11.224678 28.294006 0.087174
720.000000 443.409149 202.120300 11.477356 24.905640 0.079124
720.000000 107.857529 195.328094 14.212631 35.713837 0.076062
720.000000 117.695564 204.319534 10.842537 27.692841 0.075051
720.000000 22.057087 206.473267 10.644310 29.274658 0.071096
720.000000 447.953644 217.307144 11.810852 26.862915 0.063207
720.000000 40.488518 210.855881 10.032257 24.954010 0.051242
750.000000 9.842178 189.820755 35.728390 87.229233 0.985875
750.000000 59.233631 199.149155 15.082645 35.703308 0.275869
750.000000 427.550171 199.288223 12.791931 29.747314 0.236053
750.000000 0.223296 204.003616 10.792141 34.748962 0.123523
750.000000 3.532609 203.495255 11.491995 29.833099 0.112617
750.000000 198.448364 182.360214 12.001190 29.046783 0.099184
750.000000 16.264608 190.136566 23.020693 53.155396 0.090332
750.000000 473.391785 220.547592 13.028564 31.868652 0.080484
750.000000 30.811777 191.403473 17.610678 38.609650 0.076018
750.000000 162.543015 199.994949 9.818817 23.382477 0.068357
780.000000 438.566132 200.664902 14.074036 32.713165 0.781759
780.000000 141.997482 192.674271 11.819794 27.401093 0.457910
780.000000 41.618862 184.233521 13.323227 31.269989 0.267560
780.000000 90.509972 197.688721 12.279938 27.998291 0.243806
780.000000 25.128719 190.269775 13.574329 33.516144 0.224632
780.000000 354.122620 195.571823 12.414062 30.162537 0.223160
780.000000 150.942368 193.802612 10.664734 27.474640 0.203947
780.000000 408.392120 203.668396 10.355713 27.787048 0.189462
780.000000 446.334747 207.404922 9.937317 25.092255 0.158517
780.000000 36.518242 188.998566 12.720695 32.615814 0.149507
780.000000 70.384537 176.421982 11.101456 28.270050 0.137746
780.000000 74.770592 185.030731 13.730865 33.716095 0.127456
780.000000 73.866127 177.946533 11.409653 27.602997 0.103101
780.000000 423.618805 199.022629 12.201965 29.988190 0.099685
780.000000 7.228541 197.422165 11.206918 26.467133 0.092846
780.000000 460.209747 199.236130 13.342468 33.734711 0.069663
780.000000 64.695534 179.155441 15.790482 30.811737 0.068572
780.000000 20.541721 199.080124 11.920235 26.563751 0.061765
780.000000 79.551933 187.879562 13.049881 32.575439 0.058055
780.000000 339.998383 198.526810 11.606323 27.732788 0.057804
780.000000 28.324520 188.801483 15.455482 31.413086 0.054202
810.000000 450.007355 199.658249 15.664429 40.461304 0.639865
810.000000 467.744690 199.731934 12.822754 34.100739 0.457388
810.000000 123.301598 189.389999 13.013100 32.131042 0.366569
810.000000 8.146240 193.179016 11.734287 30.762146 0.297486
810.000000 65.529823 194.462585 13.955597 34.659424 0.265904
810.000000 339.903168 201.809769 10.600342 25.553284 0.210411
810.000000 22.954933 198.503952 13.548599 33.411224 0.153876
810.000000 37.501888 181.587814 13.732895 30.633972 0.144819
810.000000 579.443665 231.734711 14.647827 32.998199 0.138619
810.000000 374.859375 190.926163 14.840088 35.984863 0.136394
810.000000 419.204803 198.620514 12.525635 31.503021 0.125091
810.000000 444.590302 201.707825 10.411316 24.864777 0.120518
810.000000 43.905144 192.900253 13.975266 30.112549 0.109902
810.000000 31.872330 170.132645 19.730217 53.853790 0.101878
810.000000 471.895325 205.078583 11.734924 28.342773 0.095744
810.000000 414.462433 205.560226 10.335083 27.336548 0.091378
810.000000 56.317184 202.559570 12.603928 29.652405 0.090208
810.000000 3.012064 183.125992 14.170856 35.596008 0.082038
810.000000 17.764591 205.753159 12.533913 30.104675 0.076331
810.000000 426.973145 197.691666 14.502258 37.142792 0.072561
840.000000 478.349335 196.329483 16.031494 40.314056 0.915011
840.000000 471.586121 197.747192 12.571960 28.289978 0.714050
840.000000 146.895447 186.554031 12.778503 31.301971 0.567374
840.000000 13.790857 191.485962 12.720097 31.288666 0.392811
840.000000 19.943977 190.412048 16.516403 40.287903 0.370892
840.000000 55.991093 193.805023 11.883595 26.035553 0.287084
840.000000 491.379181 199.245483 15.009460 34.332611 0.278364
840.000000 501.041931 199.953842 12.210815 29.029144 0.275017
840.000000 486.212494 199.910919 14.160217 33.621857 0.259981
840.000000 116.365250 188.714310 12.795593 32.526886 0.230850
840.000000 108.927010 192.876724 12.154785 28.655853 0.223526
840.000000 37.586769 193.420090 13.300697 32.217285 0.185532
840.000000 26.453911 192.220734 14.113930 34.240082 0.169263
840.000000 96.305473 189.854034 12.905426 29.304657 0.149165
840.000000 75.428085 186.440323 12.173874 30.001678 0.082500
840.000000 343.248810 199.575760 11.175781 30.729858 0.081797
840.000000 380.209290 194.835754 14.963806 35.068787 0.076232
840.000000 522.597534 208.845154 12.523560 31.376862 0.073850
840.000000 100.002846 191.442276 13.180084 31.280029 0.072646
840.000000 5.530509 175.270599 14.565737 34.874603 0.062902
840.000000 445.102356 189.664230 13.127747 33.089081 0.060209
840.000000 51.144115 193.047607 12.455750 26.081390 0.058014
840.000000 45.237434 190.227280 11.385521 26.373596 0.054434
840.000000 4.732607 192.704193 13.173574 32.270142 0.053672
840.000000 0.000000 183.296417 9.939625 41.018982 0.053372
840.000000 81.258018 195.182114 12.496964 31.378448 0.051487
840.000000 92.719017 189.666031 11.666977 26.824158 0.050079
870.000000 519.235474 197.244583 20.004028 47.118195 0.964385
870.000000 504.660004 198.509109 19.292938 46.442627 0.901490
870.000000 485.031311 200.018814 14.546448 33.434143 0.864764
870.000000 27.167017 191.685181 13.171061 27.992279 0.676097
870.000000 338.893005 194.822891 16.690796 40.191132 0.669355
870.000000 463.761505 182.000076 22.440918 58.887787 0.426339
870.000000 457.600067 189.471634 26.632690 69.147873 0.241745
870.000000 347.139374 200.634750 13.456787 32.735168 0.191792
870.000000 87.804192 197.564621 11.654083 25.549286 0.175555
870.000000 463.969452 189.789673 15.976257 39.063995 0.172548
870.000000 468.276276 183.848969 15.797363 37.812103 0.164977
870.000000 396.842224 196.456894 13.240845 32.195831 0.128784
870.000000 0.249772 184.616760 12.959639 35.168640 0.102374
870.000000 81.212982 195.791183 13.045288 27.331970 0.098142
870.000000 16.819519 190.395508 11.811996 30.689148 0.090092
870.000000 60.973148 192.460419 13.299061 33.218079 0.089965
870.000000 52.449768 196.417984 11.853111 27.203430 0.089375
870.000000 574.238159 193.847412 14.485596 34.087433 0.088450
870.000000 1.212739 183.334015 15.751312 52.356903 0.087145
870.000000 465.183258 185.403336 12.542542 28.690460 0.081878
870.000000 36.430260 190.735519 14.101303 37.103394 0.079277
870.000000 538.168518 190.141922 16.299927 40.137573 0.074191
870.000000 458.068756 195.610031 16.905212 35.126129 0.067239
870.000000 21.902843 192.027359 13.792439 27.724976 0.060107
870.000000 5.399220 185.841248 13.388384 30.668915 0.059554
870.000000 69.399139 195.136673 13.063858 26.854858 0.058351
870.000000 303.079041 185.187805 12.219910 30.318451 0.052108
900.000000 572.315186 188.644409 25.561035 60.377716 0.990549
900.000000 557.294739 190.489746 24.300781 57.651703 0.839936
900.000000 342.978699 193.891159 18.157654 43.609406 0.383734
900.000000 74.426949 193.711700 12.197113 29.446655 0.230289
900.000000 354.521210 197.127991 14.887695 39.095825 0.226961
900.000000 347.127441 209.661728 12.474915 27.977753 0.177959
900.000000 18.521532 187.059311 12.681427 31.697388 0.173794
900.000000 560.477600 191.803726 16.619995 36.816010 0.125080
900.000000 47.757877 195.951645 12.740952 31.913910 0.118975
900.000000 8.943615 191.180130 12.548756 31.072266 0.113021
900.000000 44.878262 187.373627 11.284462 26.578278 0.105679
900.000000 358.498077 209.072159 12.371094 28.500732 0.103220
900.000000 457.212677 174.580841 23.564453 62.968872 0.096239
900.000000 78.910683 193.120102 11.518768 25.496399 0.095789
900.000000 20.849308 192.348877 13.434067 35.005280 0.092725
900.000000 512.063782 176.675873 14.279541 35.423706 0.092255
900.000000 488.498199 176.509430 13.776428 35.976837 0.069864
900.000000 569.151245 203.125824 18.489868 41.654114 0.067981
900.000000 356.441742 196.020706 10.690002 27.534393 0.065487
900.000000 483.370331 174.512482 25.503113 64.071350 0.059589
900.000000 51.722748 198.308472 13.311623 31.373383 0.057769
900.000000 107.746101 184.984695 12.311661 31.546692 0.056730
900.000000 12.924877 195.641815 12.744087 31.409088 0.055014
900.000000 515.092896 163.563904 24.787354 64.456787 0.052974
900.000000 507.293121 174.615158 21.828461 57.774628 0.052255
900.000000 535.378906 187.972977 37.167236 92.571304 0.051586
900.000000 626.484009 182.883881 13.515991 56.590698 0.050720
930.000000 368.009399 186.937668 22.010681 54.729584 0.826868
930.000000 16.220285 198.644333 14.068676 32.420837 0.545796
930.000000 60.959515 190.827728 12.409542 29.084473 0.481639
930.000000 91.833206 186.653519 12.523636 32.139709 0.339666
930.000000 79.497643 193.587418 11.345810 27.715607 0.246937
930.000000 308.121918 179.900391 11.690308 29.371490 0.225846
930.000000 48.567150 188.533905 13.700745 34.721619 0.215780
930.000000 8.685827 198.850250 13.294615 32.693481 0.198933
930.000000 370.430023 189.258362 15.257935 37.616547 0.176099
930.000000 374.607361 185.842880 17.414551 40.946472 0.170596
930.000000 402.317688 180.536057 13.222412 33.864746 0.167824
930.000000 0.000000 191.029495 10.663809 33.770630 0.159293
930.000000 162.031158 189.031906 14.221130 34.391083 0.122894
930.000000 380.420685 186.484253 11.687134 30.327179 0.105992
930.000000 426.044189 185.545853 17.740540 40.990967 0.095476
930.000000 399.949371 177.832336 21.475769 49.122192 0.088872
930.000000 458.973175 184.464966 27.073669 64.587097 0.085459
930.000000 21.314100 196.165100 13.120417 32.680420 0.067419
930.000000 607.201721 135.932953 13.257324 31.649872 0.060830
930.000000 2.468746 192.273132 13.658150 30.848175 0.053266
930.000000 378.107971 186.106079 20.148499 53.433807 0.052475
930.000000 43.786339 192.676849 12.238808 30.679596 0.050570
960.000000 596.753906 107.524521 16.454956 38.292328 0.438846
960.000000 48.615135 189.900040 14.029213 34.264465 0.381454
960.000000 417.296753 183.525223 28.749817 70.073364 0.344409
960.000000 579.933350 106.145187 14.817017 35.383026 0.299414
960.000000 32.661320 192.230133 13.090950 32.840149 0.257499
960.000000 407.267242 186.714920 10.259705 25.355743 0.249567
960.000000 593.512085 105.932419 23.080078 61.501617 0.208638
960.000000 544.845276 144.035355 14.708496 33.342987 0.197250
960.000000 447.348999 190.819550 22.408386 56.499634 0.178627
960.000000 416.887512 178.033722 16.105835 37.545105 0.174338
960.000000 539.281433 143.920273 25.125122 62.342285 0.160931
960.000000 452.617371 190.897675 14.330505 28.944366 0.116026
960.000000 411.446136 175.560699 22.931274 56.538971 0.114690
960.000000 437.573303 190.438644 23.284912 58.128906 0.107929
960.000000 619.733215 147.639297 10.430298 22.509644 0.096008
960.000000 610.335754 112.306381 15.310181 38.440033 0.073725
960.000000 576.539124 105.669922 23.062500 63.742889 0.071619
960.000000 422.805542 179.688263 12.234314 27.917755 0.066210
960.000000 471.860138 190.077820 18.974487 42.234497 0.065306
960.000000 405.652435 186.966827 15.620117 36.111908 0.061434
960.000000 45.825928 188.837296 21.986679 52.236267 0.059948
960.000000 587.903381 156.936432 16.632202 39.566376 0.057938
960.000000 444.358978 190.945908 12.147766 26.579926 0.054633
960.000000 628.221313 142.347275 11.729736 43.546814 0.051406
990.000000 34.752373 192.583710 14.720886 34.648926 0.514549
990.000000 511.497192 175.068817 24.244263 63.715424 0.385411
990.000000 398.611633 186.764496 11.419495 27.253693 0.361563
990.000000 478.381958 155.982376 27.038086 69.122009 0.281748
990.000000 514.112122 176.953842 18.077271 42.658691 0.239877
990.000000 204.208542 179.335510 14.729919 34.645752 0.140572
990.000000 63.772255 192.857147 10.625656 24.887817 0.075432
990.000000 506.812195 179.478806 21.666748 49.803253 0.069945
990.000000 471.603241 152.303299 40.309082 108.473068 0.066698
990.000000 70.736572 191.956802 11.795898 25.963470 0.057585
1020.000000 614.890442 184.263809 12.247681 32.121643 0.664273
1020.000000 617.410889 181.834900 17.833008 47.035461 0.317265
1020.000000 520.251404 174.513489 14.257080 32.690765 0.268036
1020.000000 618.711548 181.741180 11.947144 30.170074 0.200743
1020.000000 621.976807 181.752655 13.774536 31.770386 0.164012
1020.000000 627.074402 183.254105 12.853516 46.364044 0.143913
1020.000000 350.115967 187.454041 13.711121 29.958466 0.116338
1020.000000 357.868896 187.314713 11.572632 26.697754 0.085635
1020.000000 385.577484 180.476730 11.159851 30.612915 0.073400
1020.000000 117.516754 191.799225 9.489899 23.105316 0.072490
1020.000000 366.544342 182.029541 12.712280 29.308502 0.071090
1020.000000 0.000000 179.176315 9.338407 38.401184 0.057038
1050.000000 619.887695 185.240173 16.336670 41.853699 0.735885
1050.000000 291.107391 192.131424 12.008667 29.807953 0.432338
1050.000000 286.863617 190.939072 12.215149 31.016205 0.230390
1050.000000 530.731201 183.281616 12.762817 30.937683 0.201212
1050.000000 626.640381 180.386139 13.187134 41.608734 0.142335
1050.000000 563.123657 152.975189 11.799438 27.916138 0.131832
1050.000000 97.989540 183.461075 19.628769 45.934662 0.125665
1050.000000 524.262146 185.599335 10.839233 26.042877 0.118571
1050.000000 623.967468 185.723419 16.032532 59.885559 0.083406
1050.000000 616.624084 183.642944 13.404053 36.385986 0.070999
1050.000000 245.272980 183.781906 12.727936 31.074005 0.060860
1080.000000 178.088989 183.621719 15.241211 37.624695 0.707672
1080.000000 481.613800 168.400818 17.820923 43.773010 0.693649
1080.000000 625.721924 181.143463 14.278076 45.769501 0.414497
1080.000000 417.032104 173.807281 15.091980 35.351532 0.290418
1080.000000 160.751938 174.679871 9.403442 26.455719 0.272100
1080.000000 173.854767 182.709686 14.057831 37.192139 0.187997
1080.000000 447.003479 181.840073 14.789307 30.853241 0.170292
1080.000000 423.274567 173.699890 15.990417 35.578796 0.080028
1110.000000 139.928543 172.582397 18.319000 45.000763 0.942827
1110.000000 445.448975 159.278320 16.905945 39.802307 0.114081
1110.000000 165.749832 165.373795 11.494507 28.239014 0.081906
1110.000000 562.993835 201.698944 12.293701 31.959381 0.070731
1110.000000 394.808655 125.756462 15.152649 35.703651 0.068564
1110.000000 524.902649 167.827530 16.002563 33.783569 0.068086
1110.000000 476.797211 185.237473 18.151917 43.140472 0.066559
1140.000000 146.259674 170.368423 19.749603 47.529572 0.865432
1140.000000 139.732162 173.912811 14.339539 35.295837 0.312228
1140.000000 153.386246 173.997009 17.826782 43.481903 0.229551
1140.000000 616.212891 147.736221 18.033936 44.295349 0.165632
1140.000000 609.776733 169.999664 15.362793 35.266174 0.091486
1140.000000 147.957001 171.263824 12.433350 33.549500 0.088088
1140.000000 177.887970 180.745636 14.001282 33.102539 0.084994
1140.000000 0.083661 181.976303 9.440443 34.738892 0.082644
1140.000000 617.618286 169.076172 17.437256 41.489990 0.061161
1140.000000 133.015701 175.080154 10.723511 27.135834 0.057054
1140.000000 619.384644 148.785370 13.355347 29.196869 0.051900
1170.000000 112.826775 179.330948 18.865791 47.207977 0.935071
1170.000000 108.714508 178.999603 15.588211 38.080750 0.155283
1170.000000 118.527657 187.166473 16.746681 38.845581 0.135390
1170.000000 20.520641 180.897949 12.754814 32.095581 0.126207
1170.000000 579.373169 152.609482 16.059326 38.548035 0.083323
1170.000000 13.362823 179.719620 12.761742 30.268738 0.058254
1170.000000 337.062042 176.751495 12.204407 29.438354 0.054543
1200.000000 24.032534 186.510559 20.506315 53.119080 0.602470
1200.000000 34.877098 204.951660 13.397079 33.619415 0.278854
1200.000000 20.179695 191.453430 17.632656 40.425598 0.191981
1200.000000 27.862120 187.847733 13.306967 32.931000 0.050532
1230.000000 242.839417 181.232193 13.605591 31.961945 0.200643
1230.000000 122.804367 196.621719 18.247986 45.604889 0.131751
1230.000000 136.563019 194.151947 13.040436 31.314911 0.084125
1230.000000 123.952385 196.026932 13.223793 31.894714 0.078228
1260.000000 572.764832 166.525620 21.074707 57.128815 0.082479
1260.000000 563.994324 152.312576 18.517700 46.392792 0.060407
1260.000000 249.837753 188.787537 12.330032 29.679291 0.050287
1290.000000 549.265869 157.071121 25.312866 76.200714 0.420990
1290.000000 120.089638 185.124359 13.465508 32.538910 0.088356
1290.000000 553.342407 161.139130 18.724487 43.207214 0.071644
1320.000000 430.122986 154.128723 25.851929 73.361084 0.766783
1320.000000 433.453308 156.799164 20.101868 44.977936 0.128443
1410.000000 233.256348 156.493164 27.970123 81.219604 0.705158
1410.000000 237.003357 160.568909 20.026123 46.319763 0.165848
1410.000000 607.784851 173.793610 23.439087 57.266113 0.095205
1410.000000 89.004616 159.703232 28.466736 75.972046 0.083958
1410.000000 103.540710 142.569122 34.367783 92.574493 0.068973
1440.000000 200.506989 157.992310 27.130341 83.355072 0.433109
1440.000000 204.154434 161.867386 20.802032 46.781586 0.052547
1470.000000 562.322205 137.246307 76.444092 221.349884 0.989662
1470.000000 558.679077 177.770599 23.198120 52.578217 0.211684
1470.000000 626.408752 125.720596 13.394775 294.481812 0.114004
1470.000000 0.000000 152.891235 22.915073 87.193726 0.105642
1470.000000 550.700562 173.942795 58.035278 183.147232 0.066338
1470.000000 613.454407 131.639160 26.263184 270.074036 0.060974
1470.000000 94.575455 157.447708 30.326065 85.461365 0.055500
1500.000000 239.269272 129.593765 104.406143 235.417587 0.997977
1500.000000 346.528961 132.866699 91.630005 216.769562 0.995664
1530.000000 463.783203 185.368835 28.837708 64.772308 0.277699
1530.000000 211.264633 193.185242 27.816406 69.736694 0.168083
1530.000000 474.766327 185.032867 17.735779 39.838989 0.098544
1560.000000 443.875732 197.264221 21.703308 48.820953 0.481999
1560.000000 512.423706 197.418335 24.596069 59.253662 0.469738
1560.000000 514.855225 197.981216 17.720093 41.083710 0.339093
1560.000000 336.961029 199.030640 21.526001 47.805237 0.321315
1560.000000 130.093597 193.644928 28.582550 72.095428 0.287836
1560.000000 452.371307 201.744171 15.491028 36.019653 0.203703
1560.000000 344.483093 198.958908 16.015564 35.417755 0.179571
1560.000000 446.996582 199.550903 15.165588 31.319641 0.162266
1560.000000 437.964661 204.806686 16.710571 37.312561 0.159733
1560.000000 367.305450 187.507477 22.812683 59.699188 0.141314
1560.000000 333.658417 200.569489 17.432922 40.172455 0.136064
1560.000000 373.613983 187.271011 15.402283 40.474915 0.110258
1560.000000 137.710800 194.454742 16.857300 40.730743 0.070296
1560.000000 335.802460 197.793457 31.563232 68.329468 0.064188
1560.000000 434.857269 203.241257 24.061707 59.651749 0.057783
1590.000000 119.439705 196.519684 28.973259 64.370392 0.673147
1590.000000 212.179199 202.693359 19.318176 44.469025 0.449158
1590.000000 39.530006 192.058975 32.840416 76.117050 0.353990
1590.000000 207.850052 202.865799 27.366394 63.264999 0.343363
1590.000000 215.398804 202.669724 12.482910 30.640839 0.267326
1590.000000 46.951515 190.963440 19.373672 42.702759 0.254482
1590.000000 470.024811 180.782471 19.194824 43.467041 0.251987
1590.000000 254.063568 216.470016 18.045715 42.358566 0.230742
1590.000000 339.168243 185.482010 23.926819 59.713287 0.131963
1590.000000 505.404877 179.795410 17.363678 41.110168 0.124007
1590.000000 509.977295 187.479416 17.427612 41.852814 0.112496
1590.000000 482.254089 178.084518 16.710144 38.811676 0.101536
1590.000000 32.775967 189.980652 47.024418 117.831329 0.096505
1590.000000 199.348816 207.162827 22.004852 49.541214 0.087782
1590.000000 29.362785 195.485886 26.064293 54.395844 0.079211
1590.000000 256.329254 214.985077 13.154785 29.815674 0.075053
1590.000000 133.162598 201.450317 18.843872 43.883026 0.073227
1590.000000 217.411896 204.080231 23.307526 53.430725 0.072461
1590.000000 15.414100 199.573486 18.256329 45.525085 0.068281
1590.000000 38.647614 193.550247 23.281441 50.882751 0.061733
1590.000000 38.105095 198.739410 16.015434 37.725800 0.054723
1620.000000 546.475586 163.112213 19.716064 48.658234 0.345062
1620.000000 211.190948 195.226669 16.166138 37.912415 0.254825
1620.000000 549.014771 165.084885 12.320557 32.379852 0.223462
1620.000000 313.266846 193.332611 15.628784 37.839905 0.183089
1620.000000 553.100403 165.589676 14.457886 34.253693 0.174330
1620.000000 542.583008 161.993942 28.740967 70.516083 0.162198
1620.000000 526.331726 189.407211 10.218018 28.156647 0.141991
1620.000000 540.627197 167.870026 12.469604 29.162262 0.096442
1620.000000 207.586411 193.634277 14.671021 34.687531 0.092191
1620.000000 287.281097 172.287689 16.688843 40.148895 0.090777
1620.000000 262.279083 176.852142 18.738525 43.002533 0.088434
1620.000000 277.624878 178.354370 15.652527 33.562042 0.085611
1620.000000 532.316284 190.246841 10.441040 28.233002 0.074513
1620.000000 223.187485 198.573547 13.347992 30.388641 0.058023
1620.000000 43.931877 193.694397 14.212601 31.689697 0.051962
1620.000000 278.173981 203.818024 15.049805 36.223114 0.050577
1620.000000 530.483337 190.634247 19.940674 44.578308 0.050172
1650.000000 28.308098 193.196411 16.794006 38.534058 0.324309
1650.000000 259.876465 186.402359 12.968933 31.143524 0.274114
1650.000000 453.674011 200.543274 14.052002 33.897949 0.243552
1650.000000 459.278595 196.952072 15.109375 37.919983 0.234665
1650.000000 80.005135 192.978424 11.815903 26.451324 0.133611
1650.000000 463.619934 189.054535 18.711426 46.801544 0.095739
1650.000000 406.426880 193.987747 14.271179 34.244781 0.091885
1650.000000 456.449188 192.974228 24.067627 58.341919 0.090565
1650.000000 24.268013 190.467896 23.166946 57.585663 0.089563
1650.000000 450.139221 199.882568 20.623047 48.898560 0.075665
1650.000000 142.405212 189.899307 13.048279 31.984467 0.068497
1650.000000 154.629257 209.033524 15.309906 37.097076 0.068117
1650.000000 440.368164 206.491608 16.256287 37.643494 0.054234
1680.000000 63.235119 189.172440 13.933399 34.288055 0.139106
1680.000000 3.515994 203.100845 16.138039 40.457153 0.138021
1680.000000 395.681396 194.107681 13.289551 32.142731 0.095088
1680.000000 428.989777 196.927094 12.365417 29.432770 0.076949
1680.000000 147.798203 205.696136 11.346344 28.077698 0.069247
1680.000000 54.458702 185.567413 24.274216 58.876831 0.065222
1680.000000 443.457672 200.786819 15.729431 40.265747 0.064831
1680.000000 140.550446 212.188797 12.625336 29.129517 0.053758
1680.000000 445.921051 197.743042 12.790771 28.739471 0.052240
1710.000000 91.727554 211.468109 15.107132 38.808624 0.215535
1710.000000 613.562866 175.890961 22.355957 58.722473 0.145180
1710.000000 67.101204 158.652710 15.386276 36.477081 0.092032
1710.000000 53.448318 209.289429 16.723000 44.868408 0.088219
1710.000000 37.200512 215.028290 13.133514 33.979340 0.086420
1710.000000 207.325378 190.695038 12.017242 30.245300 0.066964
1710.000000 101.774132 213.605896 15.143738 32.853088 0.062458
1710.000000 172.338165 174.757339 14.063873 35.530212 0.061960
1710.000000 0.233654 208.187653 11.013086 48.815460 0.053282
1740.000000 72.030235 198.573120 14.998947 37.564850 0.352785
1740.000000 22.432663 216.185852 21.555870 48.747223 0.308873
1740.000000 124.629868 198.936111 11.085510 29.136597 0.188282
1740.000000 421.680878 183.756088 15.310669 37.924591 0.139828
1740.000000 31.579082 216.294556 18.485245 42.750732 0.136327
1740.000000 450.931335 194.275543 14.359131 35.540955 0.110203
1740.000000 429.922424 194.636719 13.693115 32.545349 0.100549
1740.000000 309.831024 192.897614 12.270752 26.968750 0.056280
1770.000000 529.098572 188.723892 13.812622 33.103363 0.268278
1770.000000 525.689148 187.504074 21.626099 51.842499 0.169142
1770.000000 75.713882 193.145233 14.073853 34.402924 0.162802
1770.000000 201.166550 184.319931 11.687012 29.292786 0.141497
1770.000000 386.328796 179.409225 14.861023 36.730713 0.125245
1770.000000 539.409363 195.164841 14.412964 31.992889 0.118875
1770.000000 101.822327 199.412811 11.781738 30.461090 0.109552
1770.000000 173.886383 181.787766 11.574127 29.908569 0.091615
1770.000000 553.511108 189.284363 13.114380 31.905762 0.086791
1770.000000 532.932312 192.768036 19.683350 48.548065 0.062714
1770.000000 91.157547 197.450119 12.248947 31.630615 0.061452
1770.000000 548.621826 186.065384 19.755859 48.751617 0.060127
1770.000000 132.316559 178.764664 14.332642 35.799225 0.059055
1770.000000 617.594177 192.836151 16.442505 42.809113 0.057968
1770.000000 195.867844 183.138519 12.841461 30.171112 0.051368
1800.000000 420.150024 175.691101 17.118713 40.091187 0.281895
1800.000000 190.184326 188.344559 13.775635 35.597656 0.181560
1800.000000 176.690002 195.300964 12.228790 30.147461 0.095582
1800.000000 190.894943 183.737640 11.563293 27.719635 0.078472
1800.000000 617.554871 188.848877 16.608887 42.710968 0.076848
1800.000000 417.723877 172.823196 23.351807 60.569275 0.055199
1800.000000 0.000000 152.883255 15.282640 45.560425 0.052899
1830.000000 525.573303 137.841064 14.507202 32.993317 0.078150
1830.000000 11.447710 188.323700 12.352505 30.750671 0.073571
1830.000000 460.218170 191.431641 12.879517 31.949738 0.061459
