30.000000 456.830170 178.083344 24.904663 61.057526 0.967335
30.000000 436.886658 185.444489 21.645508 54.483307 0.951857
30.000000 344.202057 187.044952 15.457275 37.152496 0.652171
30.000000 446.989563 180.890427 21.598694 55.813416 0.335751
30.000000 465.351562 182.387436 22.582458 52.947906 0.271031
30.000000 333.344391 177.845337 23.653687 52.495483 0.171746
30.000000 321.798370 168.394913 20.357056 49.621796 0.170738
30.000000 326.764526 171.603745 11.953735 27.074158 0.070990
30.000000 42.955803 193.252869 13.515907 32.343781 0.052161
120.000000 470.634644 178.001678 25.640747 64.121307 0.973909
120.000000 446.808502 185.284714 20.843018 52.386169 0.969029
120.000000 480.818024 181.252533 22.427856 54.720428 0.141522
120.000000 444.184570 186.944839 13.304626 31.009857 0.108491
120.000000 461.136627 190.483978 17.538940 44.421356 0.105509
120.000000 0.000000 194.549057 9.099019 39.310822 0.090176
120.000000 451.950745 187.639053 12.764221 30.071381 0.084506
120.000000 270.565247 145.800568 17.600891 41.957947 0.063326
120.000000 326.871277 150.631241 21.613708 49.774231 0.061024
120.000000 62.528759 195.081009 11.917759 29.573975 0.052405
150.000000 473.073547 178.428406 26.012390 66.880066 0.985979
150.000000 445.776733 189.721207 22.970215 54.743927 0.980843
150.000000 9.263096 135.616577 20.124336 41.117584 0.278611
150.000000 457.835449 195.678558 17.491150 41.154053 0.167367
150.000000 318.451782 169.635727 20.868103 48.469543 0.102294
150.000000 297.485229 185.925720 12.911499 31.716980 0.099122
150.000000 312.377502 174.164154 18.247192 44.640839 0.089303
150.000000 342.398315 188.974075 13.822998 31.245209 0.057807
150.000000 615.592529 193.121536 12.759521 32.758270 0.054618
180.000000 467.259491 180.696869 27.192993 65.381775 0.977937
180.000000 432.852051 188.998169 22.946716 59.966949 0.964602
180.000000 604.907043 185.601395 14.549561 33.047546 0.411817
180.000000 441.027405 196.868439 19.390259 48.238281 0.136741
180.000000 19.069859 203.964249 13.428696 34.143372 0.105393
180.000000 302.537781 183.783249 15.255859 36.950500 0.097611
180.000000 617.383301 184.223999 18.197754 42.153046 0.094468
180.000000 21.128567 193.521042 13.649265 32.945160 0.090554
180.000000 14.575562 197.309280 12.766571 32.462555 0.067388
180.000000 430.890137 188.358276 16.743774 40.997589 0.063601
180.000000 625.338501 183.336014 14.187012 46.794525 0.055203
180.000000 0.516766 195.220383 17.260294 43.807434 0.054770
180.000000 467.194611 180.865387 18.780762 44.001495 0.053261
180.000000 335.794922 192.759247 11.981750 29.489655 0.050772
210.000000 414.523285 192.553955 25.581543 62.753357 0.987432
210.000000 457.918976 187.840790 28.919128 67.863190 0.961745
210.000000 270.853149 181.726974 16.536133 36.956360 0.264377
210.000000 612.205261 203.152420 14.249512 34.971161 0.219115
210.000000 473.161987 193.352951 18.859985 49.194183 0.179855
210.000000 422.777740 196.779800 13.067810 30.636261 0.063524
210.000000 606.853455 204.209732 15.061401 34.147522 0.060318
240.000000 402.275116 190.065018 29.100037 71.605148 0.995276
240.000000 452.049072 183.703690 32.360718 78.045029 0.989587
240.000000 286.158813 175.212433 19.053955 47.401855 0.184569
240.000000 415.620300 187.876740 15.001770 36.555176 0.098007
240.000000 270.926788 175.059494 16.414368 40.701263 0.077740
240.000000 564.120422 216.796692 12.657959 29.078186 0.072893
240.000000 274.699646 187.535309 14.841858 35.791229 0.063469
240.000000 463.345551 186.414200 20.033569 46.777649 0.050393
270.000000 396.173767 189.871033 31.328491 76.935089 0.996715
270.000000 457.514771 179.947937 37.537109 86.477173 0.991443
270.000000 593.686035 186.232544 14.144165 33.699799 0.287061
270.000000 256.641510 196.369110 13.103027 30.484283 0.210662
270.000000 7.448555 205.295059 13.349277 26.575775 0.056742
270.000000 286.375610 188.309860 13.925720 37.274200 0.056250
270.000000 454.770142 188.472031 15.273499 38.784607 0.052306
270.000000 275.735596 198.672028 13.496155 29.589966 0.051566
300.000000 394.105286 190.812012 32.843628 82.257904 0.996598
300.000000 476.041992 177.932678 40.806152 94.626404 0.990384
300.000000 261.033081 200.996445 13.435425 32.891174 0.307603
300.000000 570.348022 194.304947 18.573975 46.507660 0.200649
300.000000 587.092285 192.354874 12.880615 30.691986 0.172884
300.000000 591.700806 195.617645 19.621826 53.390747 0.133329
300.000000 491.585541 180.119812 18.481628 41.749054 0.130089
300.000000 572.419006 194.532211 13.924683 29.673828 0.114358
300.000000 244.226074 204.927628 10.573029 24.626160 0.065879
300.000000 251.722900 200.624100 11.207642 27.146545 0.064468
300.000000 595.779785 205.852905 14.330811 34.493347 0.064412
300.000000 86.024422 206.492584 12.737244 30.574036 0.059470
300.000000 29.319489 212.376511 12.800903 25.890991 0.055117
300.000000 577.258484 202.630249 17.774536 44.578613 0.054407
330.000000 509.278839 172.236572 41.892609 103.737976 0.996119
330.000000 394.836914 185.872375 37.117432 90.747681 0.986181
330.000000 236.590240 198.734619 13.058380 32.279785 0.221543
330.000000 206.556366 192.411148 13.574188 31.713776 0.144792
330.000000 573.793518 210.591003 15.396240 28.194733 0.092768
330.000000 247.392044 204.088593 12.277084 29.111420 0.053962
360.000000 397.948090 181.706360 40.972900 100.241943 0.997371
360.000000 549.131470 167.424103 47.934326 116.878113 0.995412
360.000000 236.506851 204.366898 11.786377 28.972321 0.190233
360.000000 572.712280 180.453140 24.184937 54.690308 0.189893
360.000000 500.479614 177.645813 14.024963 33.106110 0.131649
360.000000 226.993362 202.215073 12.080292 29.939880 0.117060
360.000000 232.977600 203.212753 10.867676 27.241547 0.113724
360.000000 222.661407 202.215836 12.092926 29.417847 0.111469
360.000000 565.588013 177.225967 34.634155 83.742355 0.085738
360.000000 249.736282 202.779663 12.908737 31.779236 0.084060
360.000000 389.844666 193.042145 14.815857 37.770599 0.079984
360.000000 258.995117 202.794266 12.548035 29.041595 0.068794
360.000000 14.162003 207.616730 9.846699 25.193726 0.060788
390.000000 406.697083 181.106049 44.911926 107.280396 0.997059
390.000000 579.563416 166.684280 48.077759 126.201035 0.996693
390.000000 603.084534 182.465775 22.023560 49.913879 0.121480
390.000000 594.136780 166.533844 31.672485 80.942810 0.092159
390.000000 11.852438 207.144852 10.226116 26.241180 0.068447
390.000000 424.763336 192.036865 28.374817 67.237183 0.066082
390.000000 601.367249 164.170746 22.095215 48.341858 0.063385
390.000000 601.360107 165.441025 15.112427 33.484528 0.058239
390.000000 579.144592 199.662231 20.496094 52.791901 0.055495
420.000000 422.477020 177.076202 48.552551 118.602142 0.997332
420.000000 598.661560 134.132385 41.338440 210.033875 0.925526
420.000000 242.199051 198.542053 15.760849 37.950958 0.227859
420.000000 148.548233 206.997910 13.457703 33.018585 0.123479
420.000000 442.359894 187.173004 23.397400 51.464355 0.119996
420.000000 213.391525 202.514038 12.223083 30.304565 0.092582
420.000000 605.659668 151.858490 32.969360 91.608002 0.090194
420.000000 0.011268 209.595245 9.862791 25.918243 0.083149
420.000000 173.982513 199.751877 10.495239 24.542145 0.076605
420.000000 572.324829 196.490768 14.588745 32.192383 0.076111
420.000000 433.953186 181.262939 34.271790 82.804871 0.073532
420.000000 242.824799 193.434906 13.045044 30.324432 0.073502
420.000000 164.231201 200.303314 14.293884 36.628052 0.072639
420.000000 625.558716 29.931396 14.352661 418.157990 0.067731
420.000000 230.090225 192.386215 13.843597 35.401245 0.059085
450.000000 437.588928 173.989227 52.066772 131.654816 0.997495
450.000000 557.314392 148.646210 73.134766 177.739655 0.993440
450.000000 592.103821 161.087524 47.894409 168.426727 0.372549
450.000000 559.133850 206.032440 22.679565 53.720367 0.194780
450.000000 273.030701 201.880463 13.824829 32.943817 0.176560
450.000000 610.616760 165.984238 27.972290 95.992569 0.107799
450.000000 627.081726 145.373566 12.676880 258.716248 0.099292
450.000000 265.784851 188.352890 19.477356 46.949158 0.091580
450.000000 621.579102 208.212616 18.420898 109.590942 0.075208
450.000000 259.259430 206.829803 18.788208 44.795624 0.074058
450.000000 245.546036 199.475189 13.964249 33.215240 0.068793
450.000000 614.604614 143.750916 24.557007 213.787262 0.066759
480.000000 460.279022 170.048676 56.481354 146.532013 0.997417
480.000000 523.540222 147.137817 68.910400 168.765381 0.995646
480.000000 552.430420 163.872421 56.809814 147.667374 0.971288
480.000000 595.385742 167.350281 44.614258 152.123871 0.967530
480.000000 233.871689 194.622147 16.290619 42.473602 0.442993
480.000000 274.423248 205.529755 12.002380 30.910583 0.225653
480.000000 599.347900 179.401917 26.688477 56.866913 0.204601
480.000000 479.929291 220.188293 36.019073 95.957275 0.199701
480.000000 246.874207 208.531738 12.088867 28.520874 0.197547
480.000000 561.865601 166.179291 39.236206 99.477753 0.167230
480.000000 624.078552 180.652527 15.642334 59.588928 0.119082
480.000000 618.621338 186.606125 21.036743 101.075607 0.078134
480.000000 565.640808 166.363358 30.384644 63.536743 0.074570
480.000000 625.133667 183.815567 12.708374 31.222809 0.073187
480.000000 619.555908 139.282928 19.966309 234.184082 0.073169
480.000000 612.770813 165.901077 18.896606 40.241089 0.055509
480.000000 566.673584 209.505539 36.894897 103.521866 0.054687
510.000000 504.354401 167.058853 65.540253 167.536484 0.995353
510.000000 476.598999 155.490173 65.298706 157.253418 0.982494
510.000000 550.466553 173.483643 56.274170 138.035828 0.972214
510.000000 572.675293 178.863922 40.206421 103.133453 0.787460
510.000000 612.843506 165.146362 27.156494 139.084778 0.502972
510.000000 225.245529 192.491440 15.855713 38.066711 0.371664
510.000000 578.026550 177.117004 18.744751 43.012909 0.163430
510.000000 550.848999 176.212433 37.748901 96.244324 0.151726
510.000000 538.801453 184.147720 44.279663 118.044296 0.122523
510.000000 575.079834 179.773941 26.304077 58.141693 0.122389
510.000000 265.602905 205.091492 13.417908 33.638611 0.094761
510.000000 557.443604 182.538269 26.794189 61.639252 0.092231
510.000000 588.918640 200.299118 32.254150 82.413193 0.084182
510.000000 620.698792 172.111801 19.098511 67.337280 0.080627
510.000000 535.748108 171.980896 36.180542 90.022888 0.057113
510.000000 530.727356 200.652969 42.945801 131.149277 0.052040
540.000000 438.780853 153.395599 62.087952 152.149048 0.993588
540.000000 503.516479 170.278534 57.200562 133.697144 0.993557
540.000000 570.332458 143.882599 68.754272 210.168182 0.983205
540.000000 427.715332 177.276581 43.254395 106.948883 0.787745
540.000000 596.226196 141.838806 38.931885 99.030487 0.708834
540.000000 574.811523 158.967880 43.577271 104.779007 0.677193
540.000000 528.137268 186.746536 34.920898 78.079269 0.482633
540.000000 608.311951 134.163391 31.458984 227.004761 0.364511
540.000000 610.543335 149.386398 23.300537 71.851929 0.328483
540.000000 252.395660 201.620117 14.875061 35.592560 0.267187
540.000000 213.393936 192.158051 17.214844 43.496460 0.193675
540.000000 579.589417 161.274887 30.622803 74.097870 0.178738
540.000000 618.977417 151.430786 20.892578 111.597290 0.147727
540.000000 531.477478 172.300003 18.466919 42.748016 0.129101
540.000000 6.621511 210.984726 12.929244 30.683044 0.099435
540.000000 196.570969 201.436401 12.998138 31.569916 0.080492
540.000000 45.286842 199.985825 10.869499 27.155731 0.080396
540.000000 435.040283 226.161392 24.413208 57.882553 0.077298
540.000000 525.272339 172.309525 31.124634 62.162231 0.065695
540.000000 630.386841 144.666565 9.432739 294.213257 0.065647
540.000000 498.678772 183.829056 35.342041 85.848770 0.065390
540.000000 633.463013 0.000000 6.452515 479.193787 0.063752
540.000000 245.234848 201.007477 17.456284 36.983185 0.062853
540.000000 454.288086 205.465210 41.246033 100.261810 0.060236
540.000000 601.758301 142.468521 27.610840 57.479492 0.057644
540.000000 41.479424 198.469559 10.424774 26.074005 0.051712
570.000000 530.705017 147.532806 61.617920 160.052155 0.996168
570.000000 466.063721 177.059357 47.744019 122.175781 0.993851
570.000000 404.256683 161.905746 55.821899 140.735123 0.993412
570.000000 380.343018 190.384720 40.696289 96.774796 0.904219
570.000000 613.698059 198.157074 26.218262 90.121887 0.729751
570.000000 240.846817 201.896790 16.911758 38.714996 0.408733
570.000000 204.192337 195.754333 14.235779 38.159485 0.346540
570.000000 392.578766 199.925797 29.132019 67.890427 0.331744
570.000000 465.545013 176.766434 32.449097 73.993927 0.205083
570.000000 234.511749 192.475906 20.479126 47.648987 0.166792
570.000000 552.113525 168.679733 45.419312 128.505936 0.080015
570.000000 623.444702 121.476776 16.302002 280.191772 0.076001
570.000000 210.871704 181.585358 21.491913 51.690460 0.065024
570.000000 483.077881 198.368011 34.584656 91.343811 0.059361
570.000000 636.431885 154.709335 3.475952 321.171692 0.056060
570.000000 487.035767 181.474014 22.346802 49.474731 0.055481
570.000000 404.580597 173.686386 34.906128 90.310349 0.052923
570.000000 389.956757 187.506973 20.394714 48.293610 0.052898
600.000000 492.017761 155.430893 60.434692 149.206863 0.996674
600.000000 366.973389 162.623810 53.641113 134.911499 0.995149
600.000000 562.175598 175.434967 45.627441 112.624054 0.990475
600.000000 426.414734 180.482620 48.536499 116.348282 0.984556
600.000000 333.572662 192.913727 37.846252 92.753418 0.983449
600.000000 583.565857 180.208115 41.984619 105.805984 0.892545
600.000000 230.302185 204.865952 15.459320 37.425903 0.630363
600.000000 417.647705 193.868561 39.103088 88.246185 0.495172
600.000000 444.420868 190.312973 39.250061 100.619644 0.481756
600.000000 226.217392 207.916534 13.800995 32.541168 0.335484
600.000000 595.994263 222.045853 25.923950 63.885910 0.319670
600.000000 615.003845 174.438751 24.948975 104.608795 0.285943
600.000000 219.389221 208.371643 15.422272 31.738007 0.263493
600.000000 552.650757 181.502502 19.189087 48.228210 0.261339
600.000000 189.634018 199.250626 17.031586 41.211426 0.208407
600.000000 619.374390 181.932404 18.499146 53.240204 0.201615
600.000000 625.170837 179.103165 14.770752 46.724304 0.174890
600.000000 125.304581 202.930466 10.967255 26.203613 0.153338
600.000000 455.513702 220.801147 27.645081 71.500427 0.147063
600.000000 455.277863 196.410233 25.380920 64.312668 0.130453
600.000000 195.920807 198.671631 14.161316 32.198517 0.126630
600.000000 440.746033 185.373444 32.031494 79.925781 0.110231
600.000000 158.836746 204.271133 12.720825 31.275024 0.109901
600.000000 623.326904 204.818161 16.625977 72.867996 0.100774
600.000000 603.981506 223.283264 13.001221 29.943634 0.098386
600.000000 600.624084 192.209106 21.242065 46.677551 0.090026
600.000000 177.967255 201.505356 13.806732 32.957825 0.079438
600.000000 512.455627 196.850586 45.751709 108.555969 0.073852
600.000000 199.932831 206.733994 15.680542 34.921722 0.063798
600.000000 431.112671 188.184021 17.387390 40.300385 0.063324
600.000000 628.726379 119.490509 11.082153 314.282227 0.058661
600.000000 383.131622 202.394577 40.450500 94.591690 0.055538
600.000000 476.603119 230.882690 14.571350 35.619568 0.055111
600.000000 169.540756 206.323074 10.270660 28.321930 0.052078
630.000000 439.474335 156.918121 58.175720 144.894989 0.995722
630.000000 497.059784 181.639786 44.391449 109.435135 0.995176
630.000000 548.988403 170.124878 50.566772 129.669159 0.994955
630.000000 376.906860 183.515656 46.949951 113.955566 0.992160
630.000000 274.560364 196.598129 36.415894 90.319656 0.980409
630.000000 526.352478 185.897369 41.183472 106.637115 0.969734
630.000000 308.162506 170.172256 49.606323 118.247330 0.939540
630.000000 192.953186 201.605026 17.069458 40.558197 0.786063
630.000000 199.425415 203.042664 16.144623 39.396606 0.710182
630.000000 159.162521 198.125549 14.411041 34.234955 0.531335
630.000000 464.370056 203.532852 39.009460 97.748337 0.351654
630.000000 476.246338 210.777664 25.593384 61.761978 0.247948
630.000000 339.387878 207.027069 23.781311 53.991669 0.204252
630.000000 358.578308 199.516144 34.888916 84.176605 0.185263
630.000000 367.151703 193.430786 40.880127 92.603760 0.173944
630.000000 187.757416 202.225647 16.551880 38.766968 0.147199
630.000000 323.690155 180.721436 36.971558 84.113800 0.146060
630.000000 390.954285 190.858841 30.654968 82.708481 0.115352
630.000000 407.621643 201.951462 28.562439 66.859085 0.114007
630.000000 378.165344 189.171448 23.320251 57.887573 0.103019
630.000000 567.433289 162.823578 15.473267 37.491791 0.102333
630.000000 532.598206 191.597855 27.670166 69.075912 0.097478
630.000000 2.491111 209.823639 13.512982 33.925995 0.093121
630.000000 304.291809 200.396378 21.538513 49.467224 0.089081
630.000000 148.277786 195.841278 14.578644 37.999115 0.087773
630.000000 96.145065 204.961578 10.184906 23.351196 0.079748
630.000000 279.213654 197.846970 22.298157 52.079193 0.079209
630.000000 553.938293 182.866135 22.492188 57.348846 0.075138
630.000000 393.633057 188.726898 23.131226 55.929626 0.068324
630.000000 570.666138 195.066986 37.318848 105.638336 0.055027
630.000000 172.903198 206.107742 14.522003 34.964386 0.052345
630.000000 637.286316 151.393661 2.621338 327.429932 0.051553
630.000000 565.032288 179.642151 31.429443 66.922913 0.051297
630.000000 539.580078 196.490463 17.253174 37.624634 0.050730
660.000000 207.587616 149.886627 60.714081 148.793152 0.995835
660.000000 77.928391 164.496338 54.706787 137.245819 0.994690
660.000000 328.372162 161.635712 53.416992 137.147522 0.992871
660.000000 274.983185 179.631561 47.489685 112.294922 0.990918
660.000000 45.581970 196.407028 38.041946 89.584702 0.988351
660.000000 145.425751 184.615051 48.401276 115.637756 0.985156
660.000000 298.603821 185.468048 44.268127 103.755096 0.969097
660.000000 244.290482 194.493439 38.587753 90.475006 0.774510
660.000000 311.182098 181.594910 49.385559 109.553558 0.552036
660.000000 9.532351 198.592804 18.153290 42.934784 0.546394
660.000000 256.310242 187.692200 38.700562 91.390991 0.202847
660.000000 149.514618 191.900131 20.331421 48.802490 0.146281
660.000000 162.392227 184.347137 31.552490 78.555389 0.136842
660.000000 163.449722 215.208374 32.945740 80.148804 0.071428
660.000000 169.257828 188.105270 22.648041 54.570068 0.068746
660.000000 146.826706 188.564423 30.559235 66.855804 0.059553
660.000000 338.989136 171.520874 39.429688 92.628448 0.058105
660.000000 0.132379 191.645248 10.599154 53.858429 0.051428
690.000000 53.975357 192.703583 30.628937 71.454315 0.254883
690.000000 52.111229 192.318192 42.372787 105.981308 0.073572
690.000000 58.632816 193.250458 20.188244 44.410828 0.060495
690.000000 89.192528 193.123840 20.881989 51.062286 0.055411
690.000000 37.702457 210.093887 26.443447 61.449661 0.050425
720.000000 340.313751 170.691574 17.779419 36.160431 0.451720
720.000000 335.996735 168.564835 23.015869 57.273865 0.340353
720.000000 27.103958 173.231415 23.871002 56.028259 0.240702
720.000000 620.356079 192.277466 12.728516 33.709351 0.171862
720.000000 288.028381 165.348389 27.512512 67.211884 0.153785
720.000000 617.978210 190.318649 17.363525 50.594849 0.123891
720.000000 322.726074 165.522186 27.673828 66.258728 0.080101
720.000000 313.305542 168.678986 20.042969 46.298859 0.079953
720.000000 341.609283 161.724991 26.294312 61.622559 0.078989
750.000000 542.559692 178.747223 27.721924 74.283112 0.936902
750.000000 589.827026 179.302124 19.293579 47.805145 0.393006
750.000000 447.606415 182.824005 21.434448 51.357910 0.314466
750.000000 36.313751 204.681747 14.127495 34.184326 0.178572
750.000000 40.992081 203.400864 12.519157 30.619843 0.165350
750.000000 83.234619 204.500137 12.908554 32.718018 0.134004
750.000000 410.682404 193.020187 12.310181 30.472382 0.122081
750.000000 588.839783 183.497086 15.360229 32.837799 0.116790
750.000000 582.063721 208.273727 19.961792 46.259735 0.103412
750.000000 454.070740 189.969559 16.473206 31.896545 0.102662
750.000000 317.451172 200.087708 9.187134 22.036865 0.097869
750.000000 477.635040 194.229599 13.705688 31.629913 0.094288
750.000000 572.947998 177.067200 29.220215 71.358398 0.084932
750.000000 383.453674 193.355255 12.349304 29.570496 0.081615
750.000000 157.149673 198.793076 12.362396 30.150452 0.066985
750.000000 420.380920 194.777756 14.309692 35.392944 0.066521
750.000000 593.369324 178.888641 13.574829 33.564270 0.058409
750.000000 81.047028 176.436783 14.277100 33.859131 0.055412
750.000000 587.417847 228.642456 15.897827 36.869019 0.054596
750.000000 425.942566 190.220398 14.200562 34.456787 0.051280
750.000000 176.525711 193.882904 12.285767 29.647278 0.051001
780.000000 601.246094 172.847351 37.329712 99.580475 0.986998
780.000000 401.963837 184.529602 18.888184 44.422668 0.666003
780.000000 481.123688 160.689682 26.004639 63.666992 0.393353
780.000000 140.548096 192.593246 12.928436 33.003845 0.363589
780.000000 428.048584 193.227509 14.548828 34.386108 0.336181
780.000000 364.487091 195.073563 13.927917 32.489227 0.319714
780.000000 269.217865 198.213364 9.702698 23.130646 0.316482
780.000000 258.212402 196.243591 11.471008 25.959991 0.275876
780.000000 487.213257 164.792938 18.031738 44.417297 0.255841
780.000000 47.983700 197.256516 11.314148 28.714020 0.228927
780.000000 486.068512 170.546783 27.787567 65.870789 0.225512
780.000000 370.516083 196.595505 11.776184 30.230194 0.179437
780.000000 150.462006 192.969101 11.884247 29.867523 0.174551
780.000000 80.042366 199.465424 12.936813 30.986938 0.150304
780.000000 334.347382 95.917114 19.772400 49.337006 0.138741
780.000000 15.579294 196.517181 13.715797 30.374725 0.138667
780.000000 356.044800 127.567627 14.794739 34.024750 0.137857
780.000000 415.036530 187.750153 16.616516 38.261993 0.127235
780.000000 496.232147 177.126740 20.423615 52.177185 0.125890
780.000000 27.995201 195.127655 12.497101 29.961823 0.123661
780.000000 337.944550 97.525909 12.773682 31.042816 0.119197
780.000000 475.926910 162.773254 22.974609 51.567566 0.107836
780.000000 2.713056 200.340378 13.628127 34.264557 0.099016
780.000000 375.179901 193.624695 15.564148 34.189117 0.095587
780.000000 128.354919 192.983215 12.508636 30.890778 0.094012
780.000000 69.203217 199.967239 12.663208 31.587738 0.091890
780.000000 43.584572 193.476852 16.733749 41.317810 0.091019
780.000000 135.846939 189.261292 13.815704 33.046570 0.075686
780.000000 7.620212 199.861633 12.943143 32.359344 0.072815
780.000000 368.614929 194.272430 10.502075 22.439148 0.065210
780.000000 421.629669 191.945969 17.653809 38.122437 0.056720
780.000000 0.000000 195.846649 10.035052 38.037872 0.052604
780.000000 109.455910 186.172607 13.694366 35.119751 0.052478
810.000000 528.842590 184.783447 21.140259 48.719543 0.845001
810.000000 246.682449 190.328461 11.221420 28.201294 0.808069
810.000000 500.938049 180.602997 21.270813 51.361481 0.776489
810.000000 232.910751 191.778442 10.686279 27.721863 0.750416
810.000000 442.906830 174.369888 22.768066 54.789154 0.630290
810.000000 573.531494 173.294266 20.034668 46.581299 0.622056
810.000000 446.789398 173.478394 16.097351 38.199799 0.393544
810.000000 490.139557 183.794769 18.196472 42.818176 0.345438
810.000000 460.819458 181.797638 14.578430 33.548492 0.305386
810.000000 415.413483 171.679520 23.069824 60.537903 0.258321
810.000000 568.278809 174.320694 27.983521 64.888916 0.247483
810.000000 42.239975 193.239349 11.972198 30.653564 0.207748
810.000000 576.141785 174.763000 13.679565 31.972687 0.197560
810.000000 496.137665 183.873749 14.444885 33.648834 0.154595
810.000000 387.965668 189.565674 15.087280 37.526825 0.141407
810.000000 500.309265 181.735794 15.293762 36.473297 0.140035
810.000000 17.208607 193.701874 11.424141 27.932129 0.137543
810.000000 0.050585 191.632584 12.895262 34.929138 0.129681
810.000000 418.586853 172.686371 17.058594 39.837708 0.129274
810.000000 492.443909 184.295334 12.713623 30.238556 0.118743
810.000000 387.008911 185.873596 12.539490 29.149323 0.107183
810.000000 10.285360 193.278854 13.859547 32.403259 0.082891
810.000000 381.660492 193.049942 12.673096 28.872742 0.080159
810.000000 422.907562 184.120071 18.304810 43.020905 0.080114
810.000000 17.833555 195.762329 14.721670 36.783295 0.069746
810.000000 437.656128 177.517426 16.841187 41.016174 0.068716
810.000000 96.178406 186.741211 14.975540 36.651123 0.067113
810.000000 452.030792 177.959152 17.897095 39.501862 0.060304
810.000000 464.488617 178.323715 13.870728 31.317261 0.057725
810.000000 53.941292 193.206970 14.028671 33.418182 0.057116
810.000000 109.897491 179.992920 13.275330 32.473450 0.056343
810.000000 260.641388 184.932556 9.628418 21.513245 0.051152
840.000000 208.168884 192.246872 11.182922 28.923767 0.821171
840.000000 225.387161 191.560547 12.020020 27.188232 0.739758
840.000000 608.039795 166.289230 23.540527 54.971771 0.455654
840.000000 600.261230 169.240906 19.772095 46.994446 0.447619
840.000000 458.982422 169.554535 18.487671 44.909607 0.410192
840.000000 389.770538 186.872528 11.660767 31.082397 0.272150
840.000000 445.758972 176.849182 13.818604 33.340637 0.260776
840.000000 539.754089 156.178909 33.595459 82.643372 0.236166
840.000000 466.333557 182.658234 23.017578 51.393768 0.215211
840.000000 118.139915 187.264191 11.121376 29.223602 0.202107
840.000000 67.950005 185.705948 12.741165 30.356232 0.193991
840.000000 597.216064 168.045868 28.633667 67.315887 0.191360
840.000000 602.274536 169.306183 14.338989 31.942017 0.184565
840.000000 439.716705 179.487198 24.644226 60.350128 0.135750
840.000000 612.243469 165.871765 16.243286 39.711426 0.103205
840.000000 76.830605 180.514008 13.121750 33.432983 0.102650
840.000000 18.467159 192.552734 13.874805 32.568390 0.097217
840.000000 472.525299 180.660004 14.890686 32.251526 0.090288
840.000000 233.463303 190.632034 11.779022 28.367554 0.081537
840.000000 436.372253 192.073532 17.028870 44.117126 0.075809
840.000000 455.816254 171.533859 26.382507 65.308563 0.074391
840.000000 545.273865 154.909317 24.171021 58.999481 0.065960
840.000000 559.183838 172.733749 20.995605 47.498596 0.063265
840.000000 110.900078 188.324188 12.221588 30.184631 0.062236
840.000000 482.709503 177.443390 16.562256 38.178009 0.059940
840.000000 603.891846 166.709030 32.355103 94.910477 0.058378
840.000000 97.997108 185.666580 14.969986 38.218079 0.054553
840.000000 69.883759 184.956375 17.004898 40.243652 0.053691
840.000000 213.154587 194.521072 11.478058 25.875336 0.052493
840.000000 635.674866 103.760361 4.240723 370.865845 0.052119
840.000000 626.971741 168.548203 13.003052 56.278961 0.050517
870.000000 164.670471 194.419815 13.985962 34.633240 0.936672
870.000000 194.362320 195.144257 12.625580 31.596497 0.850301
870.000000 386.046692 184.304672 14.295837 34.531616 0.337616
870.000000 21.982689 193.339005 12.669903 30.763519 0.202429
870.000000 492.424133 164.857239 24.679260 60.445862 0.199010
870.000000 98.731102 193.980408 12.452972 31.213989 0.113727
870.000000 496.119812 166.618790 16.696960 39.461823 0.099204
870.000000 145.613022 185.390823 11.593903 29.596497 0.083792
870.000000 91.026474 199.356262 14.088165 33.234467 0.080637
870.000000 460.483459 180.046143 16.091614 39.931335 0.076727
870.000000 110.397102 188.609375 11.775360 28.796936 0.072377
870.000000 87.048203 189.077225 16.886078 38.832214 0.069106
870.000000 102.877159 195.609283 10.739609 26.002350 0.065713
870.000000 0.000000 197.992615 8.899273 37.000946 0.062541
870.000000 610.392090 179.360519 28.301880 66.964447 0.060354
870.000000 475.333679 183.669373 17.163635 40.960175 0.059187
870.000000 423.717255 193.315018 13.689026 34.008209 0.058123
870.000000 6.040024 202.961227 15.046154 35.976898 0.057389
870.000000 139.317993 192.970520 11.117737 28.170593 0.052923
870.000000 408.524139 197.849747 12.582275 26.528259 0.050342
900.000000 109.996178 202.095505 13.140228 32.576508 0.768533
900.000000 150.382263 193.237305 14.705322 37.650543 0.640802
900.000000 158.379791 200.786697 11.544434 29.648315 0.461788
900.000000 480.672516 179.171555 19.651367 54.231873 0.366917
900.000000 541.843201 154.573563 25.804443 66.863129 0.285780
900.000000 522.171265 156.838364 21.291016 51.320770 0.251783
900.000000 119.202461 199.022873 10.944130 25.450897 0.224955
900.000000 584.997681 167.651871 16.812256 42.258392 0.207005
900.000000 473.702911 183.129089 15.987061 39.057983 0.171423
900.000000 483.869537 180.446381 13.252258 35.421844 0.142615
900.000000 417.274994 194.872208 12.128479 31.704834 0.111398
900.000000 138.739944 192.172760 11.643860 28.334473 0.074581
900.000000 545.995667 156.414383 18.311035 44.951630 0.072464
900.000000 126.876518 197.794571 10.593742 28.321259 0.067071
900.000000 540.278198 161.559586 14.787476 31.658722 0.062398
900.000000 539.297607 158.258652 20.766357 50.358551 0.061041
900.000000 424.583069 196.899582 12.365967 29.342499 0.055346
900.000000 525.165771 160.443390 15.040283 32.238861 0.052018
930.000000 97.313744 199.229233 17.184891 41.135040 0.961087
930.000000 51.321396 200.784409 12.901665 30.890106 0.767998
930.000000 437.289246 184.018112 18.995239 47.905640 0.721865
930.000000 550.184387 190.464691 17.089844 40.683105 0.695309
930.000000 35.492268 205.039978 17.309845 41.759277 0.645462
930.000000 3.891504 192.918228 20.414213 51.053314 0.466534
930.000000 44.024261 201.798355 12.073647 29.490784 0.367702
930.000000 388.611115 190.087875 13.442871 30.880859 0.300784
930.000000 90.882629 201.917053 15.591049 37.258667 0.273364
930.000000 38.039951 217.991730 11.511841 28.552795 0.249620
930.000000 446.479370 188.851852 16.770874 42.569916 0.248568
930.000000 483.726562 191.366180 20.972961 49.526489 0.211087
930.000000 89.628113 201.564987 11.906342 28.821808 0.203502
930.000000 488.574097 169.218887 27.822449 70.971344 0.178149
930.000000 582.546265 152.431122 16.949707 39.946198 0.163372
930.000000 203.195724 198.862610 12.191925 29.170105 0.157626
930.000000 103.181618 196.983597 14.296829 39.089813 0.153411
930.000000 0.000000 206.334137 11.775390 37.211517 0.153377
930.000000 557.727112 159.332458 38.345703 98.619965 0.128062
930.000000 574.730286 168.105637 18.549927 43.780487 0.112762
930.000000 26.255344 194.625275 16.369629 39.545288 0.110072
930.000000 107.838112 196.934784 12.426163 30.568909 0.109165
930.000000 626.209595 146.211975 13.745728 41.140472 0.104202
930.000000 504.072601 185.949036 13.234344 28.289581 0.100126
930.000000 121.572968 197.205551 11.848709 27.249115 0.100077
930.000000 499.002686 184.882187 20.514893 54.069122 0.099741
930.000000 597.196594 149.089050 12.887085 28.098938 0.089036
930.000000 491.860657 171.006790 17.649475 42.598633 0.087318
930.000000 553.687744 189.587219 20.165771 49.254761 0.087018
930.000000 593.629150 149.031265 18.646118 46.895905 0.086770
930.000000 586.423706 151.868713 12.250610 28.437805 0.086586
930.000000 452.832703 195.096481 14.269836 36.016693 0.086339
930.000000 213.324539 197.660187 11.960815 28.856842 0.083168
930.000000 398.674042 192.603561 12.944458 31.485107 0.078409
930.000000 125.277847 198.994720 12.482300 30.869995 0.061570
930.000000 407.727386 194.363556 12.196899 30.758972 0.061187
930.000000 111.473923 201.372971 12.384567 29.432617 0.055692
930.000000 494.227783 192.272583 13.815552 30.527252 0.052495
960.000000 33.133656 196.927139 21.166458 54.545563 0.984361
960.000000 476.201843 194.997726 20.055237 46.078094 0.662611
960.000000 407.814484 188.912308 14.555237 36.114227 0.557907
960.000000 127.580635 205.243378 13.410133 28.556824 0.543466
960.000000 371.885071 192.015228 11.640320 27.863983 0.496727
960.000000 135.208267 206.503326 11.199066 27.144287 0.453619
960.000000 561.726196 191.661133 25.467285 66.147705 0.340979
960.000000 120.963303 201.232529 13.646881 33.760925 0.327637
960.000000 548.527405 197.587631 16.217896 36.276581 0.266667
960.000000 82.611626 195.268875 13.348358 35.026306 0.263981
960.000000 25.576477 200.044525 13.724998 32.080109 0.228581
960.000000 8.913465 194.732437 15.542010 37.053406 0.205269
960.000000 395.612396 187.618210 12.769653 29.686401 0.159789
960.000000 429.645050 194.271637 13.628479 34.780182 0.146099
960.000000 552.969055 198.711868 19.537354 49.040802 0.134570
960.000000 65.013947 206.943436 11.272522 26.401947 0.128548
960.000000 34.427052 197.647125 14.990143 34.962952 0.106646
960.000000 420.966003 193.210907 14.522644 36.825958 0.094354
960.000000 27.078228 198.077240 18.933357 45.616638 0.076498
960.000000 557.893372 205.517380 14.727295 32.041656 0.070319
960.000000 484.744080 189.572617 17.607605 42.299805 0.070167
960.000000 467.280426 187.491745 16.088135 36.581421 0.067538
960.000000 61.333782 207.372269 11.635319 28.269867 0.058711
960.000000 475.588379 191.316116 15.519775 35.537994 0.055048
960.000000 593.164551 207.217728 20.720093 50.362381 0.052835
990.000000 140.332123 189.872894 19.749817 46.636230 0.983636
990.000000 0.000000 201.631058 10.098310 37.942413 0.279173
990.000000 407.090912 188.113937 12.397095 29.776764 0.252259
990.000000 133.593872 195.836212 19.033875 39.729034 0.248203
990.000000 576.385376 212.736313 20.886841 46.496445 0.197570
990.000000 563.778503 193.636398 17.299316 48.275940 0.157370
990.000000 555.616882 191.350433 26.756958 66.786652 0.156167
990.000000 8.585865 202.559799 12.402534 31.326782 0.153719
990.000000 17.832138 207.860779 12.438881 31.081238 0.150023
990.000000 198.843109 190.072372 16.025055 40.066956 0.139272
990.000000 200.430588 186.890228 11.925690 26.560242 0.102878
990.000000 132.550461 195.052551 12.665527 28.749390 0.093495
990.000000 382.143311 194.647766 10.150818 24.622162 0.090579
990.000000 387.647736 197.937927 9.686462 22.055267 0.083681
990.000000 146.970169 192.599442 13.560883 31.404449 0.077028
990.000000 14.323376 207.101089 11.568264 27.432007 0.075112
990.000000 459.559601 208.321274 11.479309 28.741425 0.075021
990.000000 102.887245 199.250366 11.013535 27.266449 0.066122
990.000000 52.364376 197.430725 14.812901 37.604797 0.065056
1020.000000 153.513870 179.363449 24.239807 57.339020 0.980211
1020.000000 398.657928 185.343079 12.740417 31.984222 0.578175
1020.000000 419.525726 185.434616 12.507019 30.039703 0.269265
1020.000000 162.458847 181.748444 14.567780 32.731750 0.246932
1020.000000 8.897173 194.028595 17.101509 41.214661 0.238877
1020.000000 445.154938 184.418945 14.159729 34.892761 0.191105
1020.000000 438.624390 188.264420 13.377075 31.704132 0.123840
1020.000000 155.693817 185.595963 14.478943 28.446686 0.088900
1020.000000 509.961426 119.207481 23.681763 51.956001 0.086422
1020.000000 467.611420 202.169830 13.466370 29.694763 0.085859
1020.000000 60.874374 195.229492 11.845840 27.938080 0.078010
1020.000000 348.172699 175.830811 14.853516 36.959473 0.075687
1020.000000 14.610729 188.884918 18.506874 43.797638 0.071971
1020.000000 15.965501 201.755997 13.845866 35.236115 0.069433
1020.000000 462.694519 190.966934 15.782593 39.957092 0.068929
1020.000000 147.871017 195.683273 19.439301 41.304993 0.058065
1020.000000 45.020630 179.345459 13.251488 32.476044 0.053986
1050.000000 181.242966 172.407898 26.490631 65.664215 0.985434
1050.000000 472.820312 172.368774 19.414062 46.983887 0.881486
1050.000000 449.900909 172.136536 17.651611 48.588257 0.662360
1050.000000 439.528046 175.457367 15.031006 37.750366 0.530708
1050.000000 587.127014 207.072037 21.979492 50.252792 0.519991
1050.000000 463.528809 176.527679 12.506653 32.119019 0.360604
1050.000000 455.001526 186.355133 13.126099 33.537445 0.220378
1050.000000 156.632645 174.710175 13.895721 36.547638 0.174297
1050.000000 427.281586 170.352020 13.810913 33.765259 0.160657
1050.000000 382.592407 161.631714 17.480957 40.432343 0.146920
1050.000000 451.553802 170.331802 12.859985 32.581665 0.125167
1050.000000 411.430847 169.048798 14.680725 35.959808 0.121026
1050.000000 499.260803 166.833954 20.765198 49.888062 0.116932
1050.000000 187.067474 175.676071 17.445465 41.743347 0.109796
1050.000000 164.197830 162.344391 14.834930 35.217743 0.104431
1050.000000 420.147308 180.919891 14.523926 35.834229 0.098972
1050.000000 441.767059 168.370041 19.021423 46.731781 0.087302
1050.000000 445.393311 167.313568 13.837158 32.977692 0.072934
1050.000000 478.627502 98.061539 22.292419 53.103485 0.069557
1050.000000 543.347961 183.634460 15.251221 36.052673 0.062208
1050.000000 101.731117 184.308853 12.195572 28.945435 0.059429
1050.000000 125.589508 181.975647 12.440796 29.614380 0.058611
1050.000000 23.794964 190.293518 12.131577 27.595551 0.057479
1050.000000 438.029053 166.391266 14.026489 34.108459 0.052680
1050.000000 405.944336 168.577972 22.013062 52.457123 0.050352
1080.000000 225.177643 166.023132 30.494232 82.308441 0.985905
1080.000000 466.048035 172.846863 19.323181 47.720062 0.782473
1080.000000 496.031525 167.081985 21.225128 52.247589 0.618647
1080.000000 452.976776 171.582794 15.557678 39.774811 0.562735
1080.000000 438.435059 182.476273 14.073059 35.570709 0.528258
1080.000000 481.909363 174.377731 13.889648 34.210907 0.457596
1080.000000 560.872620 167.220612 29.674194 76.324066 0.360381
1080.000000 530.163452 156.866791 21.406738 59.283203 0.253821
1080.000000 110.882889 181.107788 12.426315 31.743774 0.250201
1080.000000 471.462860 177.355118 13.505737 32.869202 0.226853
1080.000000 355.405060 174.562592 13.194092 33.625397 0.159752
1080.000000 500.818329 183.781494 15.267609 35.107086 0.132327
1080.000000 68.622437 183.960480 12.281677 30.353180 0.128306
1080.000000 466.231689 168.771210 13.991394 34.007538 0.110231
1080.000000 565.130371 168.327774 21.099854 49.894623 0.108211
1080.000000 534.097656 182.015106 15.330200 36.365631 0.102486
1080.000000 557.262390 195.055191 11.309570 29.179657 0.085189
1080.000000 18.129007 192.370544 11.327171 25.657532 0.071271
1080.000000 230.175507 168.406418 18.955566 45.639923 0.069200
1080.000000 463.061096 175.716125 13.746948 33.226105 0.055170
1080.000000 8.079825 190.495453 12.188787 27.344452 0.055155
1080.000000 188.830078 173.565475 12.890015 30.404083 0.054829
1080.000000 523.791016 171.785904 18.318237 45.534363 0.052732
1080.000000 33.290428 192.456833 12.793327 27.110413 0.052258
1110.000000 283.774872 155.890930 39.573242 98.572266 0.993867
1110.000000 510.083801 163.882385 22.585693 56.620728 0.963717
1110.000000 477.686249 165.890411 22.601501 53.629700 0.779690
1110.000000 459.544128 171.225174 15.576660 38.055847 0.747692
1110.000000 53.316483 182.927612 12.989716 31.216034 0.319286
1110.000000 11.205301 193.467712 14.242363 33.901672 0.275460
1110.000000 102.897415 177.551620 13.252823 30.995117 0.271719
1110.000000 438.893616 162.340942 17.678650 44.585602 0.254919
1110.000000 560.785217 185.991730 13.923340 35.545959 0.193895
1110.000000 554.080566 151.356293 26.598145 68.644836 0.175794
1110.000000 0.046005 193.200943 13.009562 36.292084 0.155236
1110.000000 456.008820 175.371933 13.449951 32.334015 0.153430
1110.000000 19.966055 192.827621 13.142511 30.757324 0.115038
1110.000000 289.632446 155.484711 28.797668 67.757019 0.095882
1110.000000 565.137695 180.396652 17.195435 39.628082 0.091125
1110.000000 381.891327 161.593277 14.617676 37.484253 0.081732
1110.000000 44.800323 190.865829 11.623917 26.987091 0.079442
1110.000000 80.013054 184.121613 13.010574 30.178375 0.079089
1110.000000 523.161865 174.683807 16.098022 43.401703 0.077097
1110.000000 371.840149 167.445023 15.874268 38.068268 0.075718
1110.000000 320.110626 165.491272 12.026978 30.720093 0.069765
1110.000000 552.066956 184.434830 14.324463 36.237427 0.069762
1110.000000 479.949799 165.925507 14.034851 29.038879 0.065674
1110.000000 513.073792 165.497162 15.255615 37.218109 0.063966
1110.000000 450.149719 179.519241 17.536316 40.594818 0.063581
1110.000000 449.052155 161.595428 16.281128 37.820648 0.061953
1110.000000 182.208664 170.876785 13.192627 31.922302 0.060651
1110.000000 464.403442 171.750214 12.302917 26.901031 0.059582
1110.000000 59.458157 183.368652 11.877949 27.207031 0.057256
1110.000000 438.488037 159.987228 27.477783 60.943665 0.051287
1110.000000 615.395813 141.396301 24.411743 113.147217 0.050871
1140.000000 351.110809 159.176132 38.403320 101.818375 0.970168
1140.000000 515.333130 164.150635 23.637817 60.439209 0.912817
1140.000000 487.077362 169.119598 22.384033 53.679504 0.835446
1140.000000 572.459229 156.273560 25.676880 63.408356 0.597928
1140.000000 482.627136 176.701385 11.598206 29.784668 0.337776
1140.000000 489.395386 169.912064 15.821777 36.927521 0.254245
1140.000000 355.488190 166.931091 27.699463 67.991211 0.172331
1140.000000 343.833588 184.891129 31.155334 76.298050 0.165691
1140.000000 364.062988 191.049500 28.801758 69.835632 0.146614
1140.000000 462.386658 192.210037 13.846680 32.886719 0.116935
1140.000000 484.035980 164.418320 13.783386 34.216278 0.108106
1140.000000 372.431061 158.077621 16.229004 38.659332 0.102794
1140.000000 371.423126 169.475128 13.208069 29.918427 0.078450
1140.000000 483.708160 173.926849 17.135864 40.238953 0.076468
1140.000000 33.361183 192.002487 11.195320 26.122833 0.072209
1140.000000 386.348175 161.258270 14.271179 33.959106 0.069566
1140.000000 317.743134 168.730530 13.389221 31.739685 0.069299
1140.000000 460.105591 179.425629 14.798950 40.046295 0.060092
1140.000000 356.822998 171.866989 17.655579 43.584045 0.050761
1170.000000 412.822296 162.734894 38.105164 103.137573 0.988079
1170.000000 517.228027 171.503357 22.398560 55.571838 0.888559
1170.000000 579.855042 153.864594 29.376465 77.977875 0.800878
1170.000000 497.173615 178.588943 19.243011 46.415100 0.692110
1170.000000 480.042023 176.425323 15.496460 37.477997 0.422732
1170.000000 493.082458 181.135117 13.248596 31.828583 0.249573
1170.000000 466.491302 162.566254 15.079956 35.177795 0.218989
1170.000000 453.988098 170.279266 17.692261 44.994995 0.185338
1170.000000 115.153328 193.769699 10.826385 25.904846 0.165937
1170.000000 420.215118 167.030655 25.065735 63.555298 0.136215
1170.000000 450.454437 165.928528 25.364136 64.071075 0.108705
1170.000000 497.284821 177.748367 14.045349 32.862518 0.103767
1170.000000 595.451477 169.328857 25.776245 63.374298 0.103639
1170.000000 484.581512 173.050766 13.109131 32.467560 0.096885
1170.000000 321.077759 170.651276 13.413696 30.419373 0.091139
1170.000000 37.600777 193.120804 12.679626 32.057159 0.083213
1170.000000 477.890717 177.625290 12.513000 30.792999 0.080208
1170.000000 525.233459 172.002319 18.434204 44.381561 0.072965
1170.000000 547.013611 179.928040 19.034546 45.829559 0.070562
1170.000000 487.411072 176.825882 14.947144 33.558990 0.067544
1170.000000 461.552734 162.873322 23.182861 62.674835 0.064621
1170.000000 509.753540 165.642303 23.780029 55.430756 0.057999
1170.000000 520.727295 173.662247 16.031128 36.626068 0.057065
1170.000000 501.982117 176.976517 12.427795 30.476715 0.052784
1200.000000 470.829956 171.583618 40.355957 103.840210 0.981095
1200.000000 523.693665 176.017746 23.002563 56.881348 0.975863
1200.000000 504.964905 183.011108 20.489258 50.085785 0.650441
1200.000000 489.767365 179.584549 23.362823 57.401154 0.564340
1200.000000 471.806458 180.688980 27.298706 66.552002 0.290311
1200.000000 598.091553 158.323715 30.415283 82.409912 0.244075
1200.000000 604.681274 196.979370 18.010376 43.211670 0.202549
1200.000000 621.614807 198.812149 15.238770 42.992218 0.160326
1200.000000 493.568054 181.876999 16.083374 37.165314 0.158534
1200.000000 478.350464 182.434326 14.281372 32.415070 0.143592
1200.000000 504.679230 187.540619 12.723724 32.618713 0.141451
1200.000000 318.698669 181.387375 11.121521 29.685699 0.134134
1200.000000 512.194946 183.145798 19.874878 48.380829 0.125466
1200.000000 319.687744 180.290314 15.188293 37.886658 0.121553
1200.000000 564.012085 200.534409 15.208252 34.426361 0.115380
1200.000000 462.105164 174.987473 30.158569 69.210785 0.090119
1200.000000 175.014526 183.836700 11.972626 30.350098 0.089625
1200.000000 357.731628 187.521133 17.607483 42.261780 0.079842
1200.000000 390.949890 166.692322 20.197754 51.982727 0.077574
1200.000000 487.926392 182.391510 16.446472 36.150146 0.076597
1200.000000 356.796112 189.133743 11.029602 29.491852 0.069595
1200.000000 410.423859 163.751801 23.018738 55.345184 0.066418
1200.000000 611.662720 205.291336 15.687866 36.797119 0.064864
1200.000000 27.436079 200.758835 11.401968 25.293976 0.063523
1200.000000 471.905548 173.073685 14.291382 37.116882 0.058845
1230.000000 548.816589 173.084839 45.300415 117.059814 0.994422
1230.000000 520.333862 179.383057 24.256836 60.692139 0.790210
1230.000000 541.702515 176.065247 24.016968 66.077209 0.234542
1230.000000 555.030579 178.765213 31.618652 74.572479 0.169653
1230.000000 535.016357 184.152222 18.301636 45.305664 0.121213
1230.000000 551.066223 180.738815 24.353516 59.945801 0.114113
1230.000000 523.151794 180.185562 18.054565 40.110443 0.111580
1230.000000 545.518311 176.530182 15.266479 36.738220 0.095232
1230.000000 587.273132 187.784607 21.798096 51.814301 0.085412
1230.000000 93.615517 202.285889 10.179169 25.646576 0.076088
1230.000000 37.697483 197.065506 11.380020 27.830383 0.074018
1230.000000 577.678101 188.974503 23.127075 61.223267 0.064943
1230.000000 532.131042 174.285217 14.203735 34.518951 0.060994
1260.000000 583.517334 167.932434 31.296387 77.548096 0.976683
1260.000000 558.950439 171.072815 26.691895 68.041962 0.769246
1260.000000 392.945679 169.805084 16.761353 37.873810 0.264508
1260.000000 390.470978 167.542496 22.778809 58.211334 0.241838
1260.000000 546.281555 166.567856 28.620361 72.476013 0.224972
1260.000000 30.914562 187.885773 12.244545 29.689148 0.206621
1260.000000 76.491150 202.733795 11.441620 28.468231 0.127490
1260.000000 92.956215 199.396423 12.366165 29.696838 0.127184
1260.000000 624.183350 182.707062 15.420166 56.167328 0.123944
1260.000000 363.228455 192.902145 12.349670 29.702454 0.119995
1260.000000 564.783020 169.987701 15.408691 36.819794 0.102498
1260.000000 50.523277 169.366013 14.511841 33.467377 0.073579
1260.000000 161.420227 184.210205 14.907532 34.292969 0.060060
1290.000000 70.233650 206.087265 11.256012 26.204468 0.190918
1290.000000 364.314453 193.643021 13.720459 32.386414 0.117081
1290.000000 51.029236 201.867981 13.296692 31.885529 0.075836
1290.000000 157.548569 197.109909 9.900238 23.062744 0.056806
1290.000000 378.103516 193.866653 16.921265 38.232880 0.052081
1320.000000 79.059143 199.382660 9.287613 23.661713 0.284705
1320.000000 18.487396 203.087952 12.937248 32.902924 0.255398
1320.000000 38.374649 204.825317 12.103416 29.817780 0.204894
1320.000000 1.837530 203.281616 14.089355 35.586334 0.146013
1320.000000 396.880859 192.609360 19.586853 43.533691 0.114074
1320.000000 603.300110 194.994110 36.699890 184.196045 0.082138
1320.000000 417.376099 201.927261 14.695618 37.168518 0.073139
1320.000000 116.749481 202.401047 10.580978 27.473938 0.066770
1320.000000 456.341949 179.315582 18.976624 42.280304 0.056596
1350.000000 473.713348 151.842972 20.753357 50.837830 0.363753
1350.000000 561.242065 136.276138 21.169067 49.089508 0.337769
1350.000000 38.157974 199.228607 10.707672 26.768250 0.267103
1350.000000 558.245972 133.082642 29.485107 78.083221 0.180001
1350.000000 467.483002 150.542542 30.260925 78.277496 0.119102
1350.000000 133.167923 179.675247 12.998383 32.567474 0.093682
1350.000000 315.177185 189.788269 15.929749 37.874084 0.075837
1350.000000 117.959351 184.547058 14.010956 32.739502 0.067173
1350.000000 363.949799 168.138092 17.230225 40.196594 0.066535
1350.000000 180.098663 192.148270 11.384003 25.889587 0.064216
1350.000000 572.692566 142.259476 36.324951 78.144806 0.062855
1350.000000 425.197327 183.265305 14.626526 35.766052 0.060035
1350.000000 606.922668 130.947800 30.938599 82.327942 0.053126
1380.000000 112.277390 192.064926 11.605438 28.359650 0.404925
1380.000000 466.138580 176.435547 17.577209 40.486481 0.350229
1380.000000 106.803436 191.581070 11.274384 28.597260 0.299670
1380.000000 469.661011 178.332138 12.151245 28.798706 0.270670
1380.000000 486.067383 179.495804 19.215149 46.816040 0.230194
1380.000000 461.041931 177.453171 15.328613 37.030273 0.188161
1380.000000 569.001343 177.108109 16.059448 37.384460 0.154970
1380.000000 601.860596 178.102966 25.960083 59.214722 0.141823
1380.000000 488.309357 181.260147 13.584412 31.562592 0.125360
1380.000000 458.825439 175.477844 25.361572 57.052277 0.104540
1380.000000 413.848145 187.541077 12.881226 31.843811 0.094212
1380.000000 119.833870 191.972275 10.909111 27.774567 0.089810
1380.000000 315.020142 162.952927 18.927246 45.532349 0.088848
1380.000000 410.607422 182.521957 11.405518 29.246185 0.077975
1380.000000 76.189522 189.799164 11.859467 29.203674 0.061686
1380.000000 408.083649 185.311432 15.625793 38.157166 0.054910
1380.000000 572.212646 176.990295 20.048096 46.059326 0.050271
1410.000000 339.978058 150.214142 15.844360 35.652863 0.249889
1410.000000 508.318115 177.199387 16.710938 39.780334 0.176054
1410.000000 564.716980 175.452271 19.108154 45.807526 0.168680
1410.000000 102.089882 194.107849 10.749619 26.185638 0.146632
1410.000000 314.129944 144.747223 25.804626 71.005341 0.146132
1410.000000 18.026047 201.910080 12.614635 32.025421 0.139903
1410.000000 82.448997 177.572845 12.456100 32.349243 0.131523
1410.000000 40.119995 203.517960 11.720413 28.005768 0.112273
1410.000000 567.679077 175.427216 13.344360 32.106354 0.100686
1410.000000 480.710815 195.852310 15.039551 38.055359 0.098156
1410.000000 254.392609 182.774200 11.806396 27.828094 0.096073
1410.000000 462.952393 208.469391 15.196960 35.474060 0.088589
1410.000000 52.734131 192.217606 12.179436 30.236481 0.085644
1410.000000 506.133759 175.975479 24.127594 65.035980 0.080964
1410.000000 75.964851 178.644165 12.521378 32.141785 0.075694
1410.000000 131.110443 190.566071 11.482117 29.228912 0.072758
1410.000000 560.559204 176.143280 29.529053 67.824921 0.069353
1410.000000 416.658478 176.665207 14.924622 35.030548 0.061331
1410.000000 258.633575 181.487503 10.852112 26.965759 0.060833
1410.000000 326.318604 154.975250 12.944031 28.426575 0.053056
1410.000000 399.755798 144.526596 25.882568 68.630554 0.050028
1440.000000 459.071716 179.994293 17.624939 42.590759 0.751266
1440.000000 0.000000 204.338928 11.642494 40.696594 0.406076
1440.000000 467.588989 185.571732 17.078064 38.828552 0.357475
1440.000000 100.749397 200.870026 9.923203 22.280823 0.238667
1440.000000 376.975586 208.399475 12.081787 27.061737 0.201296
1440.000000 108.099960 196.889160 10.631317 27.216400 0.192552
1440.000000 210.770157 178.565460 11.130493 29.373993 0.186726
1440.000000 416.753906 125.724312 44.435791 117.399101 0.184874
1440.000000 82.989639 204.056747 9.363007 23.645538 0.171739
1440.000000 433.542999 172.452087 26.484985 68.671021 0.132816
1440.000000 571.777771 222.304230 13.029053 31.540436 0.130077
1440.000000 605.281250 209.355988 20.204590 51.456360 0.115102
1440.000000 581.093628 176.891006 16.857910 39.389160 0.103375
1440.000000 496.956451 167.233063 27.454315 68.727234 0.094617
1440.000000 18.348869 209.098358 12.437229 29.479919 0.091428
1440.000000 7.257823 204.897018 12.142925 31.720123 0.079530
1440.000000 168.706619 184.291153 12.325317 27.711639 0.079348
1440.000000 601.985779 181.350922 31.416504 79.631104 0.074463
1440.000000 16.189552 205.494583 11.184288 28.003662 0.057488
1440.000000 617.372131 183.736588 22.616699 73.777023 0.056054
1440.000000 547.069580 219.365448 15.300659 34.080170 0.051945
1470.000000 51.453026 174.165298 18.984787 44.149292 0.380834
1470.000000 408.357117 204.851410 15.514404 37.851837 0.357970
1470.000000 483.076996 184.656952 13.536804 33.739532 0.312791
1470.000000 592.781860 169.039246 21.880859 57.264160 0.311323
1470.000000 71.528931 170.494507 13.534790 33.710205 0.203494
1470.000000 516.880798 185.220108 18.320801 41.958130 0.150604
1470.000000 524.123901 189.277115 14.566162 37.390778 0.138062
1470.000000 446.315186 188.026291 12.384338 28.610168 0.130818
1470.000000 388.334442 104.041733 16.221558 38.304459 0.124725
1470.000000 478.317841 187.524124 12.505371 27.928497 0.121093
1470.000000 352.596954 173.948669 20.923767 55.227173 0.113978
1470.000000 68.111519 180.766769 15.060379 34.430756 0.097581
1470.000000 507.707672 181.983704 26.350616 65.785004 0.096602
1470.000000 174.514160 176.896255 12.270325 31.139313 0.094261
1470.000000 55.705700 172.257034 13.039875 29.398163 0.093528
1470.000000 67.895668 170.050171 12.758560 28.461212 0.091081
1470.000000 603.745605 169.509491 15.746582 39.501251 0.080316
1470.000000 470.965820 192.039993 10.659607 24.639954 0.079588
1470.000000 31.954163 186.537903 14.168434 33.870026 0.075862
1470.000000 275.456207 177.783524 15.090088 35.165253 0.075386
1470.000000 43.607857 168.066574 13.821793 31.639252 0.071447
1470.000000 568.181702 169.004059 25.534302 61.991913 0.060573
1470.000000 269.518433 177.499176 14.831299 36.207947 0.054629
1500.000000 101.497192 193.691574 12.664993 30.884003 0.616420
1500.000000 118.266701 193.739731 13.647408 31.066589 0.578935
1500.000000 344.895294 160.578201 16.962952 39.127197 0.253920
1500.000000 477.488586 206.481689 23.068848 53.507202 0.250634
1500.000000 92.929291 194.037811 11.642715 27.809204 0.189370
1500.000000 134.456635 189.480820 14.431732 34.456451 0.163226
1500.000000 569.994751 184.924011 14.140015 34.876434 0.152889
1500.000000 123.128906 191.718475 12.337860 33.408417 0.116494
1500.000000 300.999481 176.378006 13.776489 32.997864 0.081336
1500.000000 353.089844 164.626465 16.412720 38.234528 0.079119
1500.000000 77.770660 197.484177 11.354919 29.377075 0.073761
1500.000000 171.419479 180.681946 12.466827 28.227600 0.068371
1500.000000 87.311638 196.545761 11.162628 27.998383 0.062943
1530.000000 142.664322 189.786835 16.848236 39.011108 0.889508
1530.000000 105.839485 192.824875 13.546906 36.434692 0.366032
1530.000000 76.941284 196.761154 13.096176 33.241302 0.351299
1530.000000 114.975945 191.663605 15.007866 34.905975 0.285210
1530.000000 90.520935 196.178314 12.027161 28.639160 0.229520
1530.000000 69.837379 199.723709 11.530792 30.144531 0.227852
1530.000000 98.405563 195.026413 12.096024 29.610046 0.154132
1530.000000 495.847534 100.186554 12.930359 28.376282 0.108807
1530.000000 0.000000 184.258057 9.542140 38.925079 0.102779
1530.000000 323.649811 158.343231 17.524292 42.765442 0.090125
1530.000000 187.909653 185.096832 15.205536 35.894928 0.082954
1530.000000 505.979492 171.386169 15.147705 38.215698 0.067760
1530.000000 81.039291 197.850815 13.385773 31.114471 0.066632
1530.000000 518.625122 170.660431 15.875854 39.626404 0.055192
1530.000000 474.699036 168.103455 15.904907 37.055756 0.054505
1530.000000 39.912743 189.172028 16.041321 38.681091 0.052665
1530.000000 195.637390 185.043549 17.409546 44.574188 0.050954
1560.000000 60.339806 153.990814 13.534210 34.239349 0.344824
1560.000000 17.735878 191.722580 13.638855 30.629211 0.210081
1560.000000 6.033843 188.115143 15.225573 38.263489 0.208733
1560.000000 605.717957 158.901398 16.787476 42.973602 0.196487
1560.000000 141.829483 158.538986 19.232086 44.324005 0.195350
1560.000000 372.544159 138.895706 25.885681 64.019867 0.189343
1560.000000 442.507996 151.789062 15.207581 37.321777 0.164951
1560.000000 611.975037 153.691254 15.263672 34.856964 0.130694
1560.000000 144.900711 157.703339 12.709686 32.418274 0.116640
1560.000000 30.031458 182.986038 13.400980 32.164459 0.111164
1560.000000 55.565186 167.019440 15.845329 39.620972 0.110378
1560.000000 34.599564 160.148438 15.112328 39.667969 0.109367
1560.000000 62.542187 196.364395 15.160809 36.951965 0.101878
1560.000000 6.731259 182.275757 12.351063 30.210815 0.098651
1560.000000 620.269653 166.052307 13.504639 34.691132 0.092313
1560.000000 45.171925 176.646027 14.132462 32.633911 0.077903
1560.000000 40.289177 172.455292 13.523865 32.880096 0.068331
1560.000000 609.888855 154.204056 21.957764 50.350281 0.066246
1560.000000 69.300690 154.728668 13.428116 30.694794 0.057167
1560.000000 626.834412 152.511581 13.165588 40.578308 0.056213
1560.000000 137.412567 158.715607 31.798523 63.235718 0.055120
1560.000000 53.298012 155.180099 23.641312 60.332550 0.052870
1560.000000 83.943031 195.089691 15.199493 35.794586 0.052020
1590.000000 235.295975 175.898468 22.665604 56.324402 0.789001
1590.000000 184.741348 189.683075 18.937042 46.948517 0.779286
1590.000000 197.098389 183.772278 15.520233 36.871307 0.649930
1590.000000 205.356125 188.787079 13.165833 31.208374 0.287130
1590.000000 220.257324 178.752441 16.094727 38.609833 0.256689
1590.000000 191.051208 183.867783 23.808960 50.354340 0.214354
1590.000000 153.769760 175.324127 12.189087 32.068237 0.211136
1590.000000 51.137638 136.718002 15.459995 38.167542 0.192004
1590.000000 148.055298 175.258438 21.339142 50.531708 0.180206
1590.000000 163.615967 177.252930 13.708374 32.768829 0.156591
1590.000000 575.502808 77.426590 11.990723 28.129944 0.151591
1590.000000 234.978531 178.982788 15.621887 37.760162 0.150405
1590.000000 46.668465 134.703308 24.818542 59.328674 0.146989
1590.000000 242.948868 177.354370 18.330093 42.210052 0.144085
1590.000000 142.085663 176.536011 20.366791 51.928925 0.139724
1590.000000 595.575439 160.652298 14.841919 34.535309 0.118014
1590.000000 256.580780 174.813721 11.851257 28.786102 0.114031
1590.000000 248.109726 176.261078 12.645584 29.558929 0.101818
1590.000000 201.315216 182.558838 12.763123 28.995026 0.081533
1590.000000 556.491638 78.819595 21.423828 46.700958 0.078768
1590.000000 242.766434 169.387527 11.408813 28.637024 0.078676
1590.000000 146.171921 177.855133 14.191956 34.908142 0.077038
1590.000000 157.680389 177.069000 20.415070 50.377319 0.066112
1590.000000 240.098480 176.151184 14.352203 35.163605 0.063935
1590.000000 269.142029 175.275757 14.392944 34.870209 0.059833
1590.000000 350.741058 163.600449 15.957458 35.720825 0.053197
1590.000000 254.883759 173.692169 17.441467 44.106171 0.051855
1620.000000 82.165459 197.348206 12.457550 30.988129 0.575179
1620.000000 71.198235 199.296432 15.124054 37.384888 0.503401
1620.000000 433.478424 149.641159 20.244812 50.276794 0.397860
1620.000000 117.351891 186.800964 13.545113 32.027222 0.369173
1620.000000 66.093422 199.412979 15.202118 33.579041 0.281983
1620.000000 5.123870 151.798676 16.726498 38.629944 0.279598
1620.000000 112.394943 181.005402 13.706131 33.254852 0.187710
1620.000000 11.684068 175.193130 18.911083 46.563324 0.176757
1620.000000 480.967072 131.434357 31.831940 65.537170 0.169775
1620.000000 79.809731 195.715073 18.411865 46.162384 0.152007
1620.000000 37.188179 157.067719 14.191811 33.273529 0.130927
1620.000000 341.030609 144.421661 15.528931 36.530762 0.127598
1620.000000 39.528561 178.298218 15.398048 37.256897 0.118830
1620.000000 468.005341 137.397491 25.454834 59.270935 0.116182
1620.000000 189.802536 176.054840 13.639709 33.112305 0.113171
1620.000000 44.638775 183.347015 14.250694 36.065491 0.112695
1620.000000 21.028585 154.938339 13.708582 30.869843 0.103221
1620.000000 609.744385 153.025177 13.844360 33.299255 0.097342
1620.000000 136.868683 191.612701 20.326630 48.796051 0.089671
1620.000000 1.483438 149.252838 21.260345 63.443878 0.079841
1620.000000 121.160683 188.934891 13.693352 33.414185 0.074641
1620.000000 28.617634 170.571152 14.565590 34.168488 0.068076
1620.000000 33.776733 147.572601 12.704575 29.880493 0.066655
1620.000000 626.510742 152.718353 13.469482 39.192932 0.061308
1620.000000 0.088099 176.381287 11.446648 53.998077 0.060067
1620.000000 142.323227 191.651886 12.992188 28.997650 0.059542
1620.000000 485.517517 132.688019 21.177063 48.413147 0.058771
1620.000000 86.767586 197.129059 15.436066 42.135132 0.058559
1620.000000 171.406754 177.943680 15.868225 37.395966 0.056843
1620.000000 17.886131 158.480835 12.800400 30.112793 0.051012
1650.000000 218.295135 204.324829 17.766968 44.482361 0.785562
1650.000000 286.876190 180.667236 23.023499 62.676361 0.712974
1650.000000 208.649811 188.411865 27.440155 61.528473 0.469312
1650.000000 322.172791 179.623352 20.413818 53.181885 0.318652
1650.000000 263.196533 186.875778 17.545471 42.104828 0.289396
1650.000000 224.276672 205.018829 18.423126 44.313599 0.198227
1650.000000 21.362017 86.344299 25.666121 70.658981 0.190088
1650.000000 188.659027 191.135056 14.212128 35.218231 0.143834
1650.000000 607.729492 161.867981 16.832397 36.695679 0.123291
1650.000000 348.709503 169.700592 14.108826 32.652222 0.110154
1650.000000 205.949768 192.841278 20.614868 49.337097 0.107820
1650.000000 265.458252 183.691635 13.466064 30.439941 0.103918
1650.000000 571.350708 139.943146 20.662720 59.569366 0.099633
1650.000000 141.747696 189.673508 14.174286 35.584167 0.097982
1650.000000 371.589478 180.510864 15.485168 36.910522 0.094498
1650.000000 124.240486 153.886887 14.702019 34.884430 0.087294
1650.000000 458.051025 176.128433 14.277100 34.357635 0.087254
1650.000000 608.768066 160.716675 21.304565 56.458130 0.076171
1650.000000 25.551071 91.835220 18.047745 49.288040 0.074714
1650.000000 348.435883 172.399490 29.045593 57.668549 0.073591
1650.000000 277.124390 189.726273 19.321289 46.014465 0.071984
1650.000000 250.086136 183.321533 14.914169 35.367035 0.069699
1650.000000 214.047241 187.168060 13.929932 32.371582 0.066866
1650.000000 465.866730 155.253860 15.498413 35.149719 0.065545
1650.000000 247.540314 173.497971 13.631653 31.848816 0.064852
1650.000000 288.805847 182.112030 16.614746 39.294617 0.059598
1650.000000 269.102661 188.821854 19.536621 44.236603 0.059112
1650.000000 242.027451 200.972092 15.924149 36.598206 0.056044
1650.000000 119.354034 152.794373 22.856049 58.526581 0.055801
1680.000000 205.582825 187.958206 25.234680 63.314606 0.855282
1680.000000 282.788208 178.496033 26.381226 64.296051 0.839003
1680.000000 25.249050 205.019974 14.374535 30.575012 0.585878
1680.000000 18.291061 203.451828 23.025829 53.640549 0.554996
1680.000000 571.575562 166.019226 25.506714 63.925171 0.426722
1680.000000 10.638495 209.389847 17.807018 38.751740 0.424871
1680.000000 0.125965 209.054199 13.847448 39.639221 0.368458
1680.000000 33.401310 198.162750 15.569359 36.328674 0.269295
1680.000000 579.620178 173.254364 18.545654 46.066986 0.212115
1680.000000 591.877075 154.056137 18.032471 42.253021 0.158645
1680.000000 547.488525 171.333481 14.819702 34.686829 0.146393
1680.000000 31.050570 195.445328 13.388697 31.239807 0.136826
1680.000000 604.390503 181.281799 14.650879 33.421448 0.132538
1680.000000 437.626465 157.119232 15.165039 35.896698 0.120331
1680.000000 476.966583 171.601349 13.488892 31.303741 0.108870
1680.000000 557.392883 158.518204 16.089600 39.582336 0.101975
1680.000000 95.007645 194.362732 12.190369 28.329285 0.089455
1680.000000 17.128288 202.385635 14.498287 33.578430 0.086525
1680.000000 436.354675 174.241348 15.679504 38.763397 0.084657
1680.000000 79.951881 197.471771 14.185669 32.709473 0.081862
1680.000000 76.532127 196.663635 22.603989 56.056091 0.081639
1680.000000 443.439606 175.132492 14.876404 36.883057 0.074736
1680.000000 216.380447 191.762939 23.812012 56.748291 0.069244
1680.000000 432.889038 157.502182 23.219299 60.885040 0.064245
1680.000000 552.658997 155.650269 23.172852 55.511261 0.061057
1680.000000 349.811432 174.273102 17.829590 40.288025 0.054885
1680.000000 344.835022 176.941864 16.078674 37.710754 0.054563
1680.000000 147.373749 186.117035 19.674652 51.513672 0.053905
1680.000000 337.351990 168.764282 15.607971 35.306427 0.051616
1680.000000 150.096222 189.401855 13.760315 32.772552 0.050982
1710.000000 183.728638 169.470963 29.958679 76.054016 0.958119
1710.000000 591.488098 162.866959 20.443237 47.902679 0.610394
1710.000000 94.906609 180.002014 30.635666 72.744232 0.567254
1710.000000 476.491455 168.352112 20.074280 49.098328 0.246890
1710.000000 585.568787 152.308670 21.440918 51.886993 0.123283
1710.000000 540.224060 147.897278 14.991211 35.575989 0.107141
1710.000000 345.022064 167.371536 14.248169 33.061951 0.088265
1710.000000 225.222885 171.575439 17.309692 42.410736 0.085809
1710.000000 27.725826 175.666565 14.505562 33.576965 0.082534
1710.000000 168.843323 160.088593 15.751312 34.074310 0.080355
1710.000000 320.668243 149.162720 18.597351 41.658264 0.078688
1710.000000 365.993561 165.742874 18.485962 43.890350 0.072237
1710.000000 16.155245 174.278397 12.497780 28.861725 0.069839
1710.000000 438.953857 161.928131 15.629883 34.543854 0.065465
1710.000000 313.810089 148.141785 26.670166 61.412689 0.063928
1710.000000 391.338623 171.307892 15.417358 36.911682 0.056976
1710.000000 162.998169 158.778244 25.910034 61.867432 0.053653
1710.000000 535.350647 146.729843 22.671753 53.326233 0.051956
1710.000000 314.171783 148.434662 18.062439 39.653992 0.051883
