30.000000 516.028564 172.219254 27.834961 71.120331 0.977388
30.000000 499.219604 176.323669 27.859497 67.721069 0.963671
30.000000 466.224823 177.874115 22.870667 56.798889 0.946397
30.000000 486.142487 177.909882 28.269257 77.107452 0.528236
30.000000 429.733276 187.078644 14.878662 37.843048 0.521459
30.000000 82.316956 186.859390 11.720398 30.165741 0.314423
30.000000 67.093056 186.396835 13.419510 30.547150 0.297446
30.000000 441.922363 186.618011 15.202393 36.432800 0.297018
30.000000 450.817932 181.505341 21.706055 53.335144 0.234983
30.000000 0.000000 175.355240 19.714249 63.864136 0.198365
30.000000 208.955353 178.323776 12.820557 34.391785 0.112164
30.000000 480.735382 185.554245 18.145508 46.329681 0.111037
30.000000 479.027527 191.147186 11.906494 30.632202 0.096870
30.000000 432.529663 178.721710 16.107239 42.609039 0.093227
30.000000 0.108132 175.505783 14.078781 38.553528 0.082517
30.000000 57.059269 195.283463 12.986095 32.961975 0.069399
30.000000 346.712982 194.532745 18.730347 44.707611 0.068090
30.000000 353.412292 192.586624 15.310669 35.543793 0.055579
30.000000 474.040649 189.699509 15.178284 37.786102 0.053049
60.000000 501.083496 177.415054 25.780518 64.752808 0.981726
60.000000 462.227478 177.102371 24.167297 62.165894 0.968038
60.000000 512.715576 174.741669 25.681885 64.804291 0.944447
60.000000 486.519806 175.846039 28.927826 79.818481 0.708635
60.000000 430.917694 176.225571 18.764160 49.048218 0.307772
60.000000 481.489746 183.295731 16.811951 43.523560 0.181859
60.000000 441.697327 189.508530 13.997009 33.452271 0.174555
60.000000 349.261108 196.575165 18.356750 41.284515 0.171770
60.000000 62.501663 188.164276 11.265854 30.321167 0.140244
60.000000 429.609131 189.756531 14.866028 36.714783 0.105345
60.000000 517.577393 176.244080 17.958740 44.030701 0.098775
60.000000 481.997009 185.200455 11.188904 30.717896 0.092892
60.000000 352.068298 195.470352 11.849121 30.850189 0.079774
60.000000 66.055763 187.356232 11.313675 29.248535 0.065989
60.000000 16.369797 183.506454 15.203354 36.149933 0.062706
60.000000 434.075928 174.342865 12.145752 28.873260 0.062215
60.000000 197.296646 182.008713 14.779999 33.831787 0.059477
60.000000 361.486420 180.903870 13.547180 32.718994 0.059088
60.000000 436.348694 187.808334 15.386902 38.431519 0.057949
60.000000 209.389938 180.207428 12.800262 32.299805 0.056773
60.000000 0.224876 176.335968 16.335562 46.437469 0.056279
60.000000 377.811249 166.132935 22.186462 58.956543 0.054854
60.000000 58.497738 193.465744 13.135509 30.401245 0.052674
90.000000 460.956421 176.662506 26.326904 65.014709 0.991485
90.000000 502.157227 172.862717 27.387817 63.995331 0.940176
90.000000 433.959137 178.567612 18.988892 48.016022 0.844303
90.000000 484.027863 173.642242 29.060089 82.480316 0.712232
90.000000 494.895416 175.614609 25.437408 62.873199 0.520116
90.000000 481.785583 183.124237 19.556580 48.332184 0.476520
90.000000 66.645096 154.770233 18.692551 44.760834 0.272029
90.000000 359.301697 180.814178 13.869934 33.281921 0.226086
90.000000 452.920197 185.696762 20.615479 50.172272 0.180434
90.000000 476.100830 184.780182 16.251160 37.726501 0.091154
90.000000 61.518650 155.667953 27.379215 73.174835 0.090022
90.000000 435.768219 175.250992 12.282471 29.449036 0.085089
90.000000 500.349823 184.589020 13.728912 31.666351 0.078499
90.000000 459.825806 187.899185 14.037231 32.346069 0.077911
90.000000 482.886322 182.395615 13.637512 31.205048 0.071237
90.000000 340.399780 181.976395 17.956970 43.400818 0.059471
120.000000 500.123322 175.129318 27.299957 69.714752 0.992700
120.000000 466.764771 176.948853 27.459106 68.570190 0.983997
120.000000 485.263580 176.146301 29.005035 81.150055 0.767890
120.000000 434.070740 179.602112 18.613342 46.861420 0.548598
120.000000 452.947388 183.065277 22.404419 53.693604 0.328376
120.000000 0.000000 177.247040 21.175602 64.856720 0.286756
120.000000 478.041077 179.418365 26.901367 65.826874 0.223199
120.000000 358.225616 181.173645 14.065369 33.093781 0.089594
120.000000 209.062408 179.423798 14.077728 35.132446 0.069550
120.000000 1.281995 176.953690 13.938404 35.859619 0.067260
120.000000 459.863342 189.043793 14.854736 33.345306 0.057852
120.000000 435.481689 176.263412 14.284485 35.355408 0.053172
150.000000 515.747253 175.839966 28.769531 72.260437 0.989788
150.000000 469.890686 179.843918 22.571777 58.033142 0.970257
150.000000 479.221588 181.494125 21.603394 56.436768 0.702644
150.000000 486.295807 172.269058 28.231232 79.574585 0.238627
150.000000 462.913391 187.003235 19.038269 47.678894 0.216504
150.000000 465.152954 190.415146 11.297607 30.434753 0.166956
150.000000 458.504639 190.114120 16.957397 36.250427 0.130944
150.000000 0.000000 180.525101 15.509995 64.421509 0.087714
150.000000 184.638443 172.504120 15.646332 39.594727 0.073852
150.000000 451.706482 184.266220 21.579285 52.573181 0.059193
150.000000 510.389557 184.013550 20.386078 44.573853 0.057976
150.000000 15.582138 184.707413 15.715725 40.470795 0.054840
180.000000 529.410583 175.978531 30.646240 77.201355 0.996865
180.000000 476.377228 181.547638 22.514771 55.315002 0.857887
180.000000 400.056885 184.701218 19.180542 45.424133 0.659900
180.000000 490.194885 177.278442 31.063293 83.791901 0.550988
180.000000 488.680389 184.671936 21.529358 53.927826 0.171906
180.000000 467.150482 188.475281 20.355103 47.263336 0.097213
180.000000 209.955933 181.367599 12.207611 30.660797 0.087427
180.000000 287.335907 162.875610 16.820190 40.063751 0.076704
180.000000 439.081177 176.018356 13.103577 31.809296 0.066739
180.000000 480.894073 181.819794 15.516907 37.869049 0.066588
180.000000 406.180023 191.281677 15.198059 35.586273 0.062346
180.000000 498.203033 188.756775 22.249176 49.960602 0.062275
210.000000 551.441956 171.319916 34.715820 87.388977 0.995990
210.000000 517.769287 176.695099 34.072021 84.636200 0.990551
210.000000 474.860718 181.327026 23.919006 58.328735 0.976298
210.000000 397.832245 185.016235 19.562988 47.558289 0.539812
210.000000 90.485458 168.872879 22.004929 52.950500 0.174067
210.000000 386.636353 197.008377 14.062134 32.624939 0.133116
210.000000 406.000000 188.910248 16.224792 38.276428 0.120849
210.000000 207.839523 183.650085 15.937012 38.845428 0.104547
210.000000 551.090698 181.512787 18.568115 44.150909 0.076101
210.000000 505.372894 178.517792 32.879791 83.374298 0.067908
210.000000 395.084137 191.875854 15.867615 37.531006 0.055441
210.000000 126.714485 167.950089 15.193703 39.260132 0.054464
240.000000 591.073853 165.856064 39.301880 100.884201 0.996494
240.000000 554.404114 170.484634 37.345459 97.824631 0.995222
240.000000 407.186279 179.877899 22.698547 55.413177 0.910010
240.000000 459.457947 184.316284 20.708618 54.214050 0.899511
240.000000 209.494720 179.323074 13.306854 33.320251 0.270744
240.000000 319.774323 126.409958 20.342773 47.353943 0.239785
240.000000 524.027527 142.081482 46.351318 130.492889 0.220784
240.000000 185.911133 170.330048 14.428864 34.619537 0.154971
240.000000 566.600647 161.906525 13.845581 32.839935 0.117549
240.000000 204.407272 177.158890 19.529907 49.049927 0.054385
270.000000 609.550415 159.196976 30.449585 121.068283 0.979356
270.000000 469.263794 180.219864 21.575073 54.826172 0.859802
270.000000 441.194366 173.541885 25.006165 61.887756 0.550524
270.000000 476.020691 181.689850 21.862061 51.915924 0.528755
270.000000 198.629272 177.054321 14.885223 37.217041 0.340098
270.000000 450.576111 194.114929 16.033447 38.606384 0.335352
270.000000 436.522675 180.334167 21.106018 54.246002 0.213300
270.000000 364.648529 176.871918 15.501587 35.385437 0.140027
270.000000 556.460876 135.944489 47.623779 144.670288 0.087690
270.000000 180.722733 165.760742 22.515991 58.713287 0.081472
270.000000 397.440979 191.178482 13.954102 34.311462 0.063113
270.000000 184.096008 165.747513 16.284271 39.290619 0.057475
270.000000 444.140472 180.936554 17.155701 42.995178 0.056635
300.000000 464.793762 174.888092 23.298645 60.403412 0.932500
300.000000 478.666992 172.034363 26.408875 67.084961 0.730908
300.000000 395.046204 199.478027 11.833191 27.817383 0.171961
300.000000 596.714661 59.407455 43.285339 240.520523 0.105449
300.000000 472.486725 179.229263 23.732422 58.403961 0.090656
300.000000 215.657486 177.081467 17.672028 40.213654 0.085794
300.000000 390.390839 192.148026 14.922852 33.638519 0.085562
300.000000 480.363647 175.929062 12.099182 30.667480 0.071955
300.000000 453.128265 174.514862 17.555786 45.924408 0.069953
330.000000 467.695770 177.301514 21.729797 57.176514 0.814349
330.000000 477.546570 173.438416 26.179260 62.689087 0.526782
330.000000 493.987030 168.197006 27.185211 69.607605 0.368613
330.000000 488.086273 178.133820 22.152832 57.049744 0.279119
330.000000 167.292526 165.326050 13.670074 34.199951 0.247448
330.000000 450.541565 183.183762 18.932800 50.957794 0.116779
330.000000 138.582031 168.922424 28.385742 62.112396 0.101646
330.000000 462.085510 183.280457 20.785828 53.855591 0.097280
330.000000 187.835754 175.997131 16.202637 40.148926 0.076163
330.000000 163.057251 165.770889 23.708984 55.701111 0.071305
330.000000 482.190948 191.740997 17.714844 43.088226 0.062744
360.000000 473.420868 170.143661 36.949463 95.513565 0.766981
360.000000 464.203918 188.836761 23.493713 55.082123 0.580088
360.000000 159.358185 168.968719 13.297424 34.611572 0.225398
360.000000 134.697556 177.464828 15.635101 40.026154 0.150657
360.000000 183.530334 179.425644 12.425842 30.508484 0.123999
360.000000 529.214050 170.564377 23.495972 61.086090 0.123155
360.000000 482.336945 170.420090 21.163635 58.357544 0.096959
360.000000 467.345978 192.918976 15.493286 39.163666 0.091443
360.000000 390.031525 193.606934 18.590332 44.751526 0.088611
360.000000 245.596069 197.740372 14.079773 33.029480 0.076084
360.000000 350.733032 203.561172 16.585327 40.765747 0.067503
390.000000 379.618347 161.072403 58.185425 143.804001 0.953493
390.000000 487.293488 167.889496 33.044159 85.309662 0.759105
390.000000 370.834534 191.364166 12.806763 29.332367 0.544010
390.000000 387.142944 155.657211 18.236877 40.859833 0.441224
390.000000 363.559448 189.391495 11.866821 30.847870 0.417383
390.000000 474.509735 160.827560 35.654785 91.837982 0.360427
390.000000 183.348251 177.790405 13.013367 31.352570 0.291668
390.000000 194.130829 179.274124 14.304993 34.352539 0.289505
390.000000 158.060211 164.844360 14.363586 37.302216 0.229374
390.000000 495.873016 173.995529 21.944916 54.587830 0.183142
390.000000 568.754150 93.333748 27.499390 75.551079 0.163263
390.000000 470.766571 178.450546 26.775085 72.468628 0.159153
390.000000 154.280045 164.843887 22.194794 56.959564 0.117314
390.000000 190.555496 176.641312 20.727295 48.562164 0.079924
390.000000 378.303040 190.179031 19.562683 48.386444 0.067593
390.000000 383.566833 154.187103 25.248352 59.512024 0.059644
390.000000 571.552307 98.266273 20.337646 48.511604 0.059136
390.000000 203.626343 179.344330 13.566162 33.273773 0.057448
390.000000 353.750061 175.943436 18.298401 44.909424 0.055604
420.000000 222.887283 146.058273 81.876816 187.906326 0.989814
420.000000 501.538269 172.501114 29.382935 78.455658 0.977699
420.000000 513.913086 174.132248 27.294922 73.618378 0.655055
420.000000 389.791870 185.987106 13.290894 31.460999 0.456311
420.000000 212.134445 174.385910 15.583496 35.632385 0.243662
420.000000 364.522369 197.580231 16.193604 40.495911 0.224595
420.000000 471.709686 184.640076 20.605225 52.475159 0.211593
420.000000 418.191437 188.278717 12.609802 28.989380 0.148591
420.000000 483.603790 186.251404 17.834717 44.853516 0.115412
420.000000 229.719788 145.485550 48.214203 114.089676 0.085753
420.000000 437.894775 214.741577 13.509827 30.565155 0.083235
420.000000 609.416565 95.459976 30.193359 86.813049 0.078391
420.000000 475.914215 188.927338 14.613220 35.008057 0.076286
420.000000 357.687408 190.578583 20.526184 55.784424 0.072681
420.000000 613.676086 96.460991 20.322998 52.605721 0.066198
420.000000 516.203186 169.370361 20.486206 55.620117 0.058530
420.000000 208.323364 173.845535 21.294403 56.016205 0.050335
450.000000 527.553589 177.792084 30.606079 82.416504 0.990307
450.000000 556.389832 174.111908 32.710571 84.817352 0.983447
450.000000 0.000000 133.361389 59.903862 236.093414 0.978554
450.000000 290.585052 164.687592 19.678955 48.479248 0.425460
450.000000 542.198975 171.165192 32.276978 87.131348 0.229691
450.000000 441.000916 194.463089 14.179443 35.263977 0.189382
450.000000 502.372406 180.600220 25.847687 67.258484 0.155524
450.000000 0.000000 135.102234 37.856773 182.006714 0.129854
450.000000 412.156067 194.914734 13.706848 32.045074 0.112336
450.000000 332.318024 159.711609 22.634705 50.612701 0.098984
450.000000 376.907990 197.579651 15.623840 35.563629 0.079599
450.000000 426.543518 194.165405 16.080322 39.652496 0.075321
450.000000 417.006165 193.826218 12.540466 30.904785 0.068264
450.000000 507.166229 179.329010 16.523956 42.858490 0.065208
450.000000 579.341370 162.708954 41.411011 109.522919 0.063558
450.000000 434.155487 190.985748 21.062561 51.220184 0.055001
450.000000 75.829132 154.361160 16.838669 38.648407 0.054219
450.000000 523.316162 182.204712 20.860596 55.597290 0.050091
480.000000 550.042603 178.380280 31.836792 85.557159 0.991826
480.000000 579.531433 177.264435 34.181519 87.411652 0.975566
480.000000 436.209442 194.239532 13.225830 33.894897 0.725235
480.000000 571.358582 180.518677 30.550781 73.077606 0.553208
480.000000 446.382477 199.090256 12.437866 27.363037 0.412340
480.000000 430.384064 198.526749 11.268372 29.513031 0.371070
480.000000 383.572296 207.040421 13.227966 31.296509 0.303929
480.000000 464.279266 199.376389 10.688293 28.770905 0.266353
480.000000 329.306366 167.710281 17.062378 40.902252 0.243315
480.000000 575.546326 181.200165 20.534180 48.291138 0.231594
480.000000 119.728821 200.349762 8.902924 22.419128 0.231420
480.000000 426.440887 199.694260 11.811890 27.800751 0.174539
480.000000 416.220703 194.508942 13.318481 33.293121 0.130327
480.000000 490.666656 230.158432 15.698914 32.175888 0.112406
480.000000 57.645424 193.536102 12.626740 30.468567 0.111206
480.000000 452.428162 200.099487 10.714661 26.998627 0.099551
480.000000 282.480927 154.237656 13.349243 32.494781 0.091437
480.000000 440.587616 194.957520 11.601868 28.876862 0.085136
480.000000 229.193237 153.319122 19.189484 45.209900 0.082768
480.000000 433.693054 194.677536 10.926392 29.958618 0.077269
480.000000 129.487671 199.535202 9.214905 24.066925 0.069000
480.000000 568.291992 185.664185 18.772949 45.881592 0.065855
480.000000 226.438980 153.010605 28.384583 61.818085 0.060256
510.000000 570.359314 159.696808 35.711182 101.729187 0.910795
510.000000 590.036682 167.233582 35.794678 92.049896 0.907166
510.000000 443.974487 188.756836 13.738220 35.794464 0.682390
510.000000 425.927185 191.107712 12.636475 32.231445 0.478253
510.000000 1.342381 181.734573 13.833769 39.805054 0.464559
510.000000 70.294617 196.270645 11.077682 25.683228 0.398889
510.000000 582.985596 158.532471 18.584595 44.271637 0.383069
510.000000 112.492104 194.282059 10.173813 23.698853 0.339555
510.000000 235.875458 153.806625 20.255219 48.961121 0.339469
510.000000 556.559143 177.675186 28.398193 79.116257 0.232345
510.000000 237.853149 153.688080 14.052429 32.040405 0.223237
510.000000 596.776855 169.526611 25.422974 62.936707 0.198858
510.000000 41.579189 207.401001 11.758942 25.125061 0.176383
510.000000 505.092072 228.243729 17.851044 36.636276 0.165575
510.000000 466.654114 200.816544 10.936218 22.340881 0.139313
510.000000 351.131775 161.007004 16.561768 39.535278 0.113679
510.000000 215.411224 161.373215 16.508026 37.694153 0.110820
510.000000 124.248756 195.168411 8.660774 23.005066 0.104127
510.000000 434.857971 199.526947 10.105591 24.122833 0.097948
510.000000 191.824478 164.975723 18.973907 48.484650 0.092564
510.000000 365.129639 82.791809 20.845764 46.851913 0.091917
510.000000 228.176895 152.734772 33.597000 79.981079 0.078084
510.000000 581.012817 172.981232 33.020386 83.794800 0.077254
510.000000 116.217834 195.455948 10.603989 24.753296 0.073684
510.000000 441.098846 194.980698 11.280701 28.668732 0.072015
510.000000 537.809692 173.846161 36.442627 83.244965 0.071505
510.000000 423.525970 198.724808 13.694702 36.388092 0.067104
510.000000 550.516846 178.140778 24.228271 59.630341 0.063107
510.000000 562.482239 179.986603 18.012207 43.087891 0.060696
510.000000 561.720093 163.099533 32.859253 84.172546 0.057546
510.000000 567.593079 219.044281 13.746216 32.095825 0.054369
510.000000 437.808899 201.738403 10.061157 23.234406 0.053945
510.000000 581.924622 211.831100 20.211670 47.927261 0.051194
510.000000 345.848419 154.599289 25.896729 65.864502 0.051184
510.000000 196.458588 163.357971 9.966064 22.571930 0.050522
540.000000 614.543335 154.695282 25.456665 108.168274 0.876342
540.000000 588.771423 164.376755 35.087524 102.703018 0.835965
540.000000 57.467682 197.191452 11.404236 26.296539 0.672035
540.000000 359.515320 75.161728 22.755615 51.790161 0.609202
540.000000 450.253143 186.731903 15.791931 36.969269 0.145993
540.000000 590.319824 158.098236 27.043091 69.307098 0.108898
540.000000 54.341461 197.047089 10.050407 25.810730 0.107188
540.000000 102.046928 196.297729 8.738419 20.093323 0.081338
540.000000 115.061302 196.469009 8.723083 21.851929 0.070662
540.000000 622.065308 153.429718 17.541016 55.283569 0.066234
540.000000 363.072479 75.496811 16.666931 34.741943 0.051351
570.000000 460.483978 186.557800 18.478210 43.921295 0.942955
570.000000 580.511169 166.051529 47.165039 138.823410 0.915578
570.000000 452.050964 192.250732 15.418701 37.699005 0.799384
570.000000 604.704102 151.785568 16.479370 38.653656 0.650991
570.000000 44.343826 198.630859 11.357643 26.166565 0.596039
570.000000 583.501038 173.189178 37.582153 86.900360 0.594847
570.000000 327.008484 148.851105 22.431763 55.467651 0.317224
570.000000 611.513306 146.834183 17.424561 40.296295 0.304607
570.000000 332.104431 148.861038 15.038696 36.940613 0.291720
570.000000 442.770142 198.112335 12.590088 29.162659 0.274460
570.000000 602.064270 147.587906 24.668945 55.260406 0.264584
570.000000 476.903107 191.781494 14.404419 35.537292 0.230648
570.000000 90.700890 196.395813 9.325470 21.588013 0.221429
570.000000 76.135223 198.625122 9.507996 24.425690 0.203895
570.000000 407.202087 164.821564 14.483948 35.237518 0.157288
570.000000 551.107300 191.507553 14.726440 35.755280 0.148224
570.000000 621.271118 175.993408 18.595947 82.701202 0.143304
570.000000 469.012634 192.903381 14.713745 36.468323 0.126693
570.000000 100.823273 197.641953 10.167236 23.841675 0.106119
570.000000 545.219360 192.195587 16.262207 37.783539 0.088190
570.000000 448.215118 195.103958 13.887268 33.899200 0.081553
570.000000 614.134949 154.091888 18.294678 49.129425 0.072666
570.000000 161.132919 190.493332 12.283691 30.768280 0.071037
570.000000 419.744751 180.909241 17.347473 41.553955 0.068002
570.000000 433.234558 187.848221 14.434082 34.149933 0.060550
570.000000 343.193420 146.182632 17.259094 39.894867 0.059755
570.000000 608.646667 148.432159 28.328735 73.810669 0.057901
570.000000 149.266891 192.851303 13.916351 34.027954 0.055098
570.000000 599.695312 149.513489 31.827148 92.836700 0.050730
600.000000 28.499424 199.784271 10.397255 26.837250 0.694052
600.000000 567.391235 189.718460 15.611816 40.816559 0.634650
600.000000 406.441864 164.150177 23.605774 57.702332 0.537858
600.000000 103.453888 193.361984 11.890533 30.051666 0.281644
600.000000 539.558289 192.261917 22.211304 52.443481 0.207273
600.000000 623.589966 145.816772 16.289673 61.039856 0.197130
600.000000 138.346878 191.919083 12.540009 30.279114 0.160530
600.000000 575.223694 188.571930 15.467529 39.562134 0.120540
600.000000 624.883850 146.720535 12.348633 38.663269 0.102350
600.000000 410.236847 163.864258 16.568726 36.318481 0.098701
600.000000 394.464386 171.924500 22.003723 53.620453 0.076927
600.000000 615.978210 140.040955 24.021790 100.463196 0.069611
600.000000 386.888275 175.464264 16.753723 40.160370 0.066130
600.000000 98.712730 194.003815 12.581985 31.331879 0.061080
630.000000 530.262024 173.983154 25.863892 62.661438 0.988059
630.000000 480.104095 188.251114 17.736145 43.059937 0.893621
630.000000 490.292755 185.611420 18.241821 45.399292 0.815197
630.000000 471.353577 189.295380 17.996521 42.294952 0.764768
630.000000 449.345428 186.368439 19.427246 46.510864 0.757835
630.000000 458.827026 188.848770 17.931519 42.537354 0.518556
630.000000 519.109802 186.868668 17.343628 43.427734 0.425096
630.000000 507.518005 187.928009 17.156982 41.011597 0.412975
630.000000 91.670860 191.571182 10.805496 26.974487 0.370771
630.000000 84.082558 191.652969 10.427032 26.786652 0.360452
630.000000 68.061859 192.251526 11.710632 27.761383 0.313867
630.000000 141.369614 180.004425 12.411285 30.877838 0.301182
630.000000 431.889801 187.635590 16.728577 40.716400 0.251910
630.000000 462.308014 190.614105 11.564087 28.860291 0.202416
630.000000 502.123291 187.692444 16.509521 41.329559 0.157432
630.000000 290.355011 153.560791 14.749390 37.782562 0.151987
630.000000 454.746552 187.187531 13.297668 33.270477 0.141526
630.000000 372.687805 38.411572 22.238159 49.971272 0.134881
630.000000 187.448914 184.740219 12.679291 29.990479 0.125132
630.000000 138.751541 182.625854 16.936096 42.926300 0.113292
630.000000 516.613220 189.923233 13.197876 35.281006 0.099077
630.000000 441.845062 184.302994 17.272400 45.332306 0.096821
630.000000 28.749805 186.267624 15.204002 40.700134 0.094686
630.000000 95.600418 192.239395 9.936218 24.307770 0.083250
630.000000 230.121246 180.002579 13.964508 34.293152 0.074579
630.000000 32.774311 187.391266 15.499825 33.090424 0.071411
630.000000 199.364120 181.552307 13.024292 29.827972 0.067890
630.000000 25.181780 187.642899 13.177538 31.740326 0.063907
630.000000 127.209290 188.552078 16.226318 39.349518 0.063849
660.000000 598.263733 172.787430 29.396484 74.488373 0.989988
660.000000 531.061401 191.842621 18.461914 45.158081 0.724378
660.000000 540.487061 196.417770 16.560181 38.610229 0.621388
660.000000 518.884521 190.244095 19.966187 46.723755 0.430031
660.000000 382.011719 28.912996 28.222900 63.729568 0.381880
660.000000 620.559570 172.470856 19.214722 67.173767 0.329112
660.000000 26.250175 198.292786 12.632759 30.893921 0.275858
660.000000 0.073566 189.385803 9.056284 40.670563 0.179332
660.000000 504.057373 186.624878 20.329102 48.020813 0.153373
660.000000 389.098541 29.077435 20.116882 44.229420 0.135775
660.000000 95.896652 186.321518 14.432938 32.346466 0.119390
660.000000 106.587318 187.306946 18.970505 43.025299 0.111921
660.000000 426.875549 21.244011 18.197876 46.022926 0.095404
660.000000 109.377975 185.203354 13.479782 31.674377 0.083526
660.000000 102.928856 186.987427 12.560791 28.074127 0.082538
660.000000 346.182312 141.142410 16.762634 41.873505 0.056784
690.000000 18.792849 136.060974 56.043060 140.001648 0.348833
690.000000 218.027191 178.126434 12.042969 29.210327 0.102160
690.000000 496.991486 117.507431 27.550751 69.818420 0.070834
690.000000 503.494446 117.164841 15.493774 36.116821 0.051842
720.000000 352.297699 162.319290 12.489258 29.792267 0.362360
720.000000 340.886566 157.951996 12.617554 32.933014 0.346024
720.000000 28.951900 178.421616 19.813286 46.310303 0.208347
720.000000 134.000656 150.390091 34.129852 81.932831 0.179270
720.000000 106.477036 174.153336 24.795135 57.418610 0.117297
720.000000 26.382685 181.201202 14.479139 35.330505 0.117094
720.000000 18.920921 183.806396 11.607864 28.859009 0.109718
720.000000 113.399551 176.391846 13.877319 35.293915 0.106355
720.000000 348.735352 165.777573 14.552124 37.861603 0.093514
720.000000 20.310986 181.552673 15.762844 38.410339 0.090633
720.000000 15.247241 185.162262 17.792858 42.161560 0.074498
720.000000 54.760418 183.421326 13.028248 32.020508 0.070403
720.000000 116.534210 174.183075 22.453781 52.943054 0.061458
720.000000 7.897997 186.157562 15.373556 35.330322 0.057305
720.000000 356.304688 165.844681 12.619446 29.106964 0.053853
720.000000 18.619873 182.060211 29.236160 58.646729 0.053670
750.000000 354.771545 170.799240 12.265808 29.563995 0.261164
750.000000 363.805786 169.184753 13.010742 32.234009 0.215875
750.000000 340.790802 169.402542 14.590271 35.300446 0.187865
750.000000 350.686310 170.720032 11.939453 28.661011 0.082265
750.000000 422.240997 77.901474 43.945068 114.819702 0.074278
750.000000 216.333008 174.686676 13.986786 34.545441 0.072672
750.000000 359.377808 171.683151 11.928894 29.607300 0.071077
750.000000 189.033249 168.322128 14.776886 38.429291 0.066337
750.000000 45.613228 188.037354 12.274742 29.648041 0.063774
750.000000 231.315750 181.922028 14.037933 34.034332 0.054873
750.000000 410.465485 141.389069 13.064026 30.204254 0.052150
780.000000 445.281067 163.943405 27.340698 73.825836 0.951340
780.000000 428.766541 169.866913 24.623169 65.180420 0.779326
780.000000 457.813110 165.151108 27.632263 71.676880 0.109988
780.000000 341.556549 178.035431 12.180847 31.822876 0.082757
780.000000 209.033890 187.896027 12.831512 31.837646 0.078528
780.000000 449.119354 163.583633 19.258423 51.323486 0.073753
780.000000 226.640213 180.129852 13.253723 32.102905 0.070835
780.000000 115.571579 175.405258 13.241196 33.207855 0.062988
780.000000 422.041107 171.852539 23.577820 59.225525 0.062007
780.000000 210.878555 186.883850 16.979706 42.853485 0.055538
780.000000 346.402985 174.984695 12.820190 31.585449 0.053299
810.000000 438.142975 175.616104 26.132874 65.908386 0.974192
810.000000 471.841614 178.501907 28.021912 68.532379 0.935549
810.000000 510.011444 181.035950 24.950348 61.958282 0.877589
810.000000 423.349152 175.235962 23.603516 64.326324 0.871292
810.000000 486.793121 181.635971 25.242828 59.921356 0.687238
810.000000 336.105774 179.916306 13.621277 34.983429 0.647408
810.000000 459.091797 183.057983 22.652588 56.279327 0.632042
810.000000 522.607544 180.014038 22.229858 60.680267 0.493353
810.000000 499.015015 173.767746 29.789062 68.175476 0.386815
810.000000 0.000000 195.977325 12.363230 50.920135 0.290513
810.000000 449.444305 181.351456 23.143677 58.654510 0.276209
810.000000 26.313580 200.861267 13.854828 33.531525 0.216532
810.000000 46.238346 195.998138 17.799984 45.477386 0.202739
810.000000 489.281250 181.102798 17.236816 39.765625 0.188924
810.000000 330.633575 180.933075 13.164185 31.613220 0.154404
810.000000 472.271576 177.753189 18.496155 43.277618 0.139817
810.000000 539.049927 168.709915 28.059937 73.401215 0.138461
810.000000 416.172974 185.921936 20.712952 51.830750 0.113596
810.000000 37.655884 202.256149 12.937553 31.326630 0.094649
810.000000 513.490417 177.604340 16.435791 37.786652 0.087199
810.000000 148.122330 179.625259 15.599670 36.939941 0.082549
810.000000 464.483093 185.616348 12.952942 32.937866 0.080849
810.000000 478.883759 174.940781 14.216858 33.283478 0.077133
810.000000 22.726944 197.051697 20.529861 48.770447 0.073489
810.000000 348.329559 177.233414 13.077759 33.096191 0.071338
810.000000 529.682373 177.767242 26.990723 61.942596 0.070974
810.000000 234.927902 188.289536 13.443024 32.244751 0.064832
810.000000 112.807526 162.135391 13.098541 32.014069 0.063052
810.000000 341.885132 180.952072 13.200806 31.544464 0.060786
810.000000 49.955849 189.125504 13.670143 31.874603 0.056766
810.000000 40.028866 199.692596 17.676559 40.776642 0.055210
810.000000 4.052387 200.489655 13.081196 32.830475 0.050047
840.000000 525.547241 178.614853 29.379517 73.126892 0.965279
840.000000 431.912750 186.141052 30.945068 73.544708 0.964180
840.000000 580.963928 183.465729 26.298462 66.520782 0.949232
840.000000 500.362213 186.685760 29.897186 67.828674 0.893544
840.000000 460.765503 188.330811 30.915405 70.467529 0.840022
840.000000 477.485931 186.812271 29.156860 67.129730 0.706168
840.000000 452.161377 184.226959 29.444397 72.675629 0.649947
840.000000 408.013641 181.828964 26.159424 67.345612 0.622240
840.000000 422.065613 186.288681 25.376587 61.692413 0.369682
840.000000 456.137665 184.600174 15.219360 37.179047 0.250913
840.000000 486.514954 178.446533 29.116455 72.915710 0.245573
840.000000 389.999939 192.462311 18.510315 41.729340 0.217404
840.000000 425.583130 186.403183 16.088135 42.170258 0.205799
840.000000 398.394165 187.061737 25.276550 61.219879 0.204060
840.000000 132.281937 180.583328 13.165253 33.027710 0.171115
840.000000 513.121277 188.192413 25.817749 63.824402 0.150226
840.000000 623.280273 159.258240 16.600952 58.767975 0.149348
840.000000 392.488129 192.759140 12.524170 29.272644 0.141625
840.000000 448.037201 184.487213 14.514893 35.382538 0.110394
840.000000 410.074768 181.994965 16.966003 37.707825 0.104587
840.000000 29.165668 193.650970 13.787727 32.057831 0.098826
840.000000 331.323334 193.208817 10.003174 25.300934 0.096427
840.000000 461.239044 186.294907 15.074036 36.927307 0.091917
840.000000 339.114044 190.586731 13.094666 31.378326 0.064320
840.000000 62.094215 208.183441 15.217606 37.364655 0.063208
840.000000 472.581848 185.426041 14.505676 34.603882 0.061305
840.000000 588.084656 184.311401 14.875732 34.741791 0.061230
840.000000 438.337891 183.124603 17.305298 39.383850 0.061042
840.000000 404.149872 187.699448 16.719604 37.799072 0.056588
840.000000 536.198975 183.966400 28.718384 65.593353 0.053973
840.000000 429.615631 184.958725 14.907776 33.936523 0.051394
870.000000 556.642334 197.636627 28.225342 67.182007 0.949494
870.000000 436.071960 194.112396 32.231995 77.380341 0.943484
870.000000 417.139801 197.093781 25.751587 64.170349 0.895583
870.000000 381.358948 192.536591 25.632629 66.589233 0.841082
870.000000 424.860199 194.473145 28.242432 67.955505 0.684124
870.000000 502.266479 196.076752 28.847534 67.220520 0.593920
870.000000 486.473053 200.241547 28.740814 66.012543 0.587448
870.000000 447.599976 194.365707 32.059021 71.648239 0.422993
870.000000 514.607666 192.207397 27.391846 71.670074 0.385292
870.000000 399.078308 192.332367 26.308044 65.669189 0.358553
870.000000 478.443695 201.959351 26.591492 61.447113 0.300236
870.000000 463.140106 188.726547 31.539856 74.122391 0.211556
870.000000 429.722046 195.563507 17.163330 43.081085 0.191089
870.000000 502.315033 199.547501 19.776703 46.864716 0.150287
870.000000 436.039734 197.984467 17.471680 40.264923 0.148925
870.000000 482.287140 202.368103 17.652954 41.780426 0.145439
870.000000 399.321777 197.655792 18.044312 45.909393 0.125474
870.000000 488.854706 199.414688 16.575989 38.221954 0.104379
870.000000 455.382965 193.666794 16.296143 39.832764 0.099018
870.000000 498.195740 201.486343 17.213013 41.576416 0.098653
870.000000 564.508911 189.586914 15.291260 34.743744 0.090069
870.000000 445.393860 198.506592 20.181702 48.061493 0.084143
870.000000 110.504486 199.049408 13.095276 30.909576 0.075235
870.000000 462.078674 200.429306 19.140320 45.109222 0.066395
870.000000 446.284851 197.193207 62.341370 69.873718 0.065479
870.000000 372.636414 209.829437 20.970703 53.642853 0.064300
870.000000 431.506653 192.158249 13.419250 31.324677 0.062599
870.000000 119.250267 203.219238 17.199638 42.620392 0.060065
870.000000 273.143738 181.657516 13.454407 32.738892 0.059255
870.000000 503.248901 202.403748 11.605408 29.454224 0.058835
870.000000 419.723694 200.898209 16.444702 36.480927 0.057680
870.000000 452.622040 202.463760 13.082947 31.391571 0.056036
870.000000 442.594666 198.851456 15.669434 35.695587 0.055638
870.000000 143.625320 191.967590 15.619934 36.888123 0.050140
870.000000 508.880371 200.405807 12.437012 30.514374 0.050109
900.000000 484.653778 197.394272 32.959076 79.147995 0.976274
900.000000 390.333252 199.645630 33.931519 82.969543 0.969162
900.000000 342.895142 206.045334 27.002319 65.456833 0.964453
900.000000 365.221497 207.102127 30.880005 75.065933 0.943632
900.000000 308.365021 199.197754 27.705872 71.165283 0.938775
900.000000 414.299347 201.938751 32.320984 77.331879 0.934032
900.000000 439.036713 196.993408 32.831543 77.775665 0.905995
900.000000 351.364136 203.324127 28.911316 67.482056 0.752120
900.000000 379.203186 205.258759 31.348938 75.627716 0.629808
900.000000 406.039154 207.571854 29.595947 70.935654 0.290834
900.000000 318.482971 208.643173 24.778381 59.168106 0.158487
900.000000 359.816589 199.604538 15.611572 36.195770 0.125747
900.000000 326.530609 204.367615 26.951233 63.148865 0.094489
900.000000 414.561676 207.942734 20.345703 46.288086 0.093518
900.000000 420.296051 202.651688 21.613037 50.468903 0.090755
900.000000 300.477142 206.233398 26.937134 62.842896 0.083849
900.000000 417.284882 210.355484 12.703125 30.796173 0.068265
900.000000 68.244019 213.398392 13.823914 33.680481 0.067312
900.000000 32.891613 199.685974 14.653290 35.476746 0.063274
900.000000 394.094727 209.959808 13.820129 29.795868 0.050160
930.000000 197.555496 194.050171 38.199249 89.553925 0.988076
930.000000 69.332443 196.685043 38.926514 90.390671 0.983364
930.000000 116.925079 194.694092 41.131073 92.818787 0.982832
930.000000 153.078506 194.259567 35.887634 84.580276 0.961639
930.000000 102.279106 193.193924 38.770561 89.781204 0.873289
930.000000 13.531708 194.196533 33.262756 79.074677 0.850875
930.000000 48.457565 198.026871 34.884735 76.023544 0.849172
930.000000 136.266907 197.281509 32.821045 78.669907 0.500145
930.000000 90.981125 196.969223 36.402145 84.777725 0.414405
930.000000 29.043190 197.144363 29.701279 74.051865 0.082237
930.000000 60.289719 193.941025 28.630478 72.159866 0.063158
930.000000 82.889778 205.481430 24.350250 55.579086 0.058986
930.000000 4.983264 200.343933 31.030247 74.943420 0.052911
960.000000 127.142303 165.185547 45.581665 111.777283 0.898823
990.000000 73.629509 100.443878 34.895416 80.814301 0.622854
990.000000 601.336365 206.643570 14.771362 34.442047 0.159155
990.000000 26.198109 110.569893 16.350777 37.295509 0.134840
990.000000 77.657806 99.203690 24.371338 57.601685 0.130800
990.000000 260.335052 202.382751 16.442688 40.132996 0.079337
990.000000 81.073540 98.413452 17.399323 39.865982 0.057780
990.000000 62.761757 98.591415 51.187683 122.091553 0.057596
1020.000000 410.634796 201.065842 12.830139 31.669189 0.531529
1020.000000 468.946320 197.893402 17.651123 40.836060 0.224018
1020.000000 144.198380 199.365097 14.029083 33.221039 0.103115
1020.000000 428.232483 204.501007 10.232910 26.950439 0.100664
1020.000000 231.885605 185.087936 16.299530 39.324646 0.068979
1020.000000 155.208115 198.761520 13.470398 31.124756 0.064988
1020.000000 558.502075 222.710602 21.498047 50.395172 0.061763
1050.000000 424.907196 196.327393 13.761536 34.390289 0.826672
1050.000000 486.405701 179.393005 19.460083 45.004730 0.587741
1050.000000 534.917480 191.429749 19.422729 47.462341 0.346844
1050.000000 468.009338 192.108994 15.433105 37.512115 0.257933
1050.000000 490.147705 181.178253 13.001709 32.346802 0.190120
1050.000000 0.000000 205.310760 12.693996 47.575226 0.132415
1050.000000 472.929321 191.044449 11.268982 28.494293 0.121724
1050.000000 538.586670 191.274292 12.034668 31.223602 0.118480
1050.000000 166.957367 185.497559 12.258087 31.337555 0.085440
1050.000000 544.471924 198.820663 14.555176 34.664185 0.064894
1050.000000 468.117157 192.458023 10.473694 26.971008 0.064703
1050.000000 443.099579 200.296921 9.779785 25.904510 0.050011
1080.000000 445.186188 192.352905 15.756653 39.029877 0.798513
1080.000000 495.507782 185.716675 14.578064 35.866364 0.268998
1080.000000 516.783325 180.657700 19.187134 45.945801 0.265051
1080.000000 111.454994 191.522095 14.881287 37.258179 0.242983
1080.000000 451.237976 193.807251 12.109070 30.344055 0.216406
1080.000000 37.448978 199.628479 17.210831 41.950745 0.194728
1080.000000 486.788361 186.429047 11.753662 27.732483 0.183767
1080.000000 441.331940 196.560562 11.336609 29.324890 0.180652
1080.000000 491.286194 190.722153 12.256653 30.604126 0.149214
1080.000000 507.329498 184.222656 14.789703 33.062653 0.147454
1080.000000 519.999329 178.775131 13.531128 33.039215 0.139188
1080.000000 456.208649 196.067780 14.707764 35.155060 0.113995
1080.000000 505.026642 183.079865 21.782990 52.954010 0.102488
1080.000000 513.407410 181.286102 16.977905 36.034973 0.100200
1080.000000 466.421387 196.395996 12.811157 32.205963 0.096991
1080.000000 106.273697 191.929382 15.102127 35.276733 0.095849
1080.000000 402.745789 193.410645 14.173218 33.411316 0.082077
1080.000000 463.064819 196.637085 11.210388 27.654755 0.061013
1080.000000 103.963417 188.996155 21.990311 50.724213 0.052500
1080.000000 102.952522 191.749161 12.822403 33.052032 0.052188
1110.000000 470.310547 186.879669 18.682495 45.044159 0.974155
1110.000000 504.939514 181.499313 12.331848 30.073547 0.474505
1110.000000 523.191162 181.387512 13.025513 32.703949 0.455397
1110.000000 483.648193 192.353195 10.310120 25.704681 0.240903
1110.000000 573.841736 195.882324 21.219849 47.915131 0.184499
1110.000000 512.649780 181.475601 11.819702 28.824219 0.135499
1110.000000 462.412598 190.845139 11.007629 27.730377 0.124953
1110.000000 580.143616 195.931381 13.091553 32.839172 0.106091
1110.000000 75.644295 198.822830 13.433746 32.291321 0.095112
1110.000000 540.156616 173.834473 23.651367 59.170380 0.095012
1110.000000 1.657235 203.703842 17.252003 44.620819 0.092084
1110.000000 459.155060 194.663330 12.812500 31.551575 0.081318
1110.000000 502.876404 177.841812 18.481323 48.971008 0.070995
1110.000000 540.128845 176.989365 17.088257 40.958923 0.069917
1110.000000 480.691010 191.305267 14.741638 36.227692 0.068499
1110.000000 467.936493 188.962051 12.138916 28.637085 0.066429
1110.000000 456.885406 198.630600 10.622131 28.842621 0.063685
1110.000000 546.145569 179.285767 15.990967 36.653198 0.058382
1140.000000 493.416504 182.783295 21.567505 53.985229 0.970157
1140.000000 539.458313 183.613770 17.514160 45.008728 0.455917
1140.000000 515.497986 177.561203 13.750732 33.600037 0.324690
1140.000000 551.849487 182.552780 17.757202 46.847351 0.270300
1140.000000 508.292755 174.754929 13.939423 34.283905 0.214930
1140.000000 490.567871 184.018860 17.925354 41.448730 0.179457
1140.000000 489.099762 190.408646 13.818420 31.877411 0.133841
1140.000000 556.756042 181.533051 12.982178 30.203217 0.096706
1140.000000 448.024506 170.824417 25.635986 58.686646 0.075416
1140.000000 468.113678 192.732285 13.428101 33.705261 0.072225
1140.000000 11.186815 195.613403 14.840954 35.595062 0.071158
1140.000000 542.939270 182.891632 12.706177 30.862823 0.067506
1140.000000 545.690247 188.310120 16.868652 39.933594 0.065667
1140.000000 477.111511 191.775909 10.691345 26.911926 0.056916
1140.000000 432.140228 186.866287 11.261963 28.530334 0.055739
1140.000000 48.931377 200.716782 11.741684 29.244659 0.054733
1140.000000 540.028809 186.303970 11.490967 30.471039 0.054506
1170.000000 538.288513 176.107178 27.159180 69.784698 0.987065
1170.000000 521.749390 182.573471 19.567993 47.686829 0.950644
1170.000000 583.371704 176.899902 18.156982 44.606140 0.720067
1170.000000 510.080658 192.619095 14.029144 35.525024 0.576485
1170.000000 593.900574 172.801697 18.087769 46.930450 0.551690
1170.000000 530.208862 175.973785 21.459351 51.701813 0.504246
1170.000000 569.295105 172.982300 13.255493 31.909576 0.205704
1170.000000 596.191406 173.417343 12.619141 31.387207 0.197494
1170.000000 533.346619 173.899567 14.355713 35.074768 0.190358
1170.000000 450.345947 177.937424 25.915039 65.674103 0.155165
1170.000000 561.425293 182.878952 14.290649 31.977661 0.148552
1170.000000 452.377350 174.239334 17.931824 44.758545 0.116376
1170.000000 515.083130 185.755875 17.534424 43.246582 0.105439
1170.000000 451.367065 179.207977 13.949524 30.107880 0.096138
1170.000000 528.016907 185.103165 13.206543 35.132751 0.090039
1170.000000 553.074585 183.719147 13.553833 30.708405 0.084376
1170.000000 565.383484 176.819656 14.512939 33.487061 0.081183
1170.000000 625.918701 152.726746 14.074341 51.626556 0.077485
1170.000000 614.845642 150.977249 14.406616 39.018616 0.076926
1170.000000 163.120148 186.133194 13.000366 34.571045 0.071915
1170.000000 542.562744 178.382751 19.601685 45.138733 0.066836
1170.000000 602.230347 183.331955 13.868652 29.201172 0.061556
1170.000000 616.969116 172.825638 20.256958 64.996460 0.058059
1170.000000 588.458313 176.397751 11.878174 31.106934 0.054832
1170.000000 458.668488 177.817535 13.343201 32.716370 0.050162
1200.000000 570.715454 172.433060 24.342651 60.157684 0.986316
1200.000000 615.750000 161.743729 24.250000 89.882263 0.966615
1200.000000 605.714844 172.868240 14.295532 35.386475 0.601434
1200.000000 549.139893 186.788330 15.584473 36.252197 0.370615
1200.000000 0.000000 167.125931 23.478899 77.268951 0.351467
1200.000000 559.145447 165.647720 15.394653 40.726990 0.294805
1200.000000 500.379669 165.790146 20.129974 46.009003 0.176069
1200.000000 614.586121 166.933548 16.291870 45.600220 0.140735
1200.000000 597.278503 171.786850 15.171997 37.034210 0.137420
1200.000000 589.759460 176.066757 10.740479 25.549835 0.129212
1200.000000 606.934265 147.605331 23.493164 63.299530 0.128168
1200.000000 7.605718 171.738312 23.333725 62.477936 0.111263
1200.000000 573.722717 170.080383 12.602173 26.851807 0.082695
1200.000000 541.907288 181.936432 16.327881 39.935516 0.076805
1200.000000 13.196207 194.278519 16.469120 40.609497 0.064158
1200.000000 611.973999 150.087021 16.012573 41.768890 0.056987
1200.000000 0.182947 200.620056 11.109678 46.667908 0.054954
1200.000000 624.709229 42.977814 15.096802 412.875000 0.050407
1230.000000 607.177551 160.171570 14.397339 35.059082 0.133679
1230.000000 610.094666 104.745056 29.596069 110.883423 0.098544
1260.000000 511.333496 100.987976 24.051758 58.875366 0.080581
1260.000000 86.573540 193.402191 13.505264 32.950500 0.058653
1260.000000 499.837433 99.454391 29.388092 67.690765 0.050642
1290.000000 496.404358 137.120483 16.063049 36.056061 0.248544
1290.000000 426.671783 181.422180 15.410156 38.728119 0.236178
1290.000000 432.184296 192.287979 14.088074 35.626587 0.217109
1290.000000 129.594498 192.920120 12.366455 33.377655 0.208351
1290.000000 91.791801 181.757874 14.090851 32.768341 0.182546
1290.000000 438.274567 193.724533 13.926758 34.987427 0.173443
1290.000000 110.094124 91.668999 13.466171 30.584442 0.168025
1290.000000 421.490662 185.762085 14.310242 35.803406 0.107243
1290.000000 108.404945 192.162964 12.010254 30.451752 0.068240
1290.000000 122.728790 191.714783 13.496094 31.912598 0.067940
1290.000000 388.485748 178.492538 10.979492 29.817230 0.060759
1290.000000 410.795807 183.460846 13.451172 30.165405 0.052491
1320.000000 449.502686 187.413696 11.892578 27.766327 0.185819
1320.000000 458.131866 194.334610 14.807251 41.065155 0.174182
1320.000000 448.911469 189.036865 15.636902 38.601746 0.093018
1320.000000 444.615662 187.409210 11.274109 26.876343 0.085898
1320.000000 417.849335 186.082001 11.283203 27.645935 0.075001
1320.000000 160.324432 198.211014 11.152588 27.747498 0.068337
1350.000000 429.977020 185.277100 12.047241 31.283600 0.682117
1350.000000 438.539337 186.017319 12.008057 29.193542 0.645126
1350.000000 466.549438 185.621658 11.964417 29.188995 0.507007
1350.000000 471.578918 185.651382 10.566711 29.250519 0.483960
1350.000000 48.999378 211.901764 9.882324 26.713348 0.428477
1350.000000 477.477844 185.296997 12.728638 31.280334 0.321381
1350.000000 482.152740 187.648712 13.875671 31.922882 0.293045
1350.000000 60.334846 63.046700 17.868500 43.294998 0.262946
1350.000000 98.064194 206.903656 10.871841 29.558685 0.228677
1350.000000 457.494812 184.033951 17.427429 44.283966 0.193501
1350.000000 230.869431 175.616730 17.547455 43.068909 0.179549
1350.000000 474.989471 184.652740 10.790039 27.471130 0.159995
1350.000000 481.827972 185.327484 10.283020 25.394318 0.145201
1350.000000 37.361336 209.152283 11.605919 30.440948 0.138552
1350.000000 426.001251 181.791183 12.311157 32.137421 0.108042
1350.000000 419.976593 175.939331 15.147095 38.493866 0.091984
1350.000000 461.632019 184.506622 11.014038 28.046448 0.084798
1350.000000 529.991516 184.449036 25.783203 67.913086 0.067159
1350.000000 513.326172 186.226944 26.454346 67.411560 0.053312
1350.000000 48.731491 51.812683 15.951157 39.138397 0.051646
1380.000000 449.408600 181.953659 14.918091 37.073853 0.879484
1380.000000 490.183868 186.327103 19.226135 47.475128 0.868969
1380.000000 461.087006 185.443710 13.006104 32.821411 0.784088
1380.000000 470.127136 186.204651 13.093079 31.432831 0.717451
1380.000000 521.475464 185.346893 16.976685 42.418579 0.610542
1380.000000 426.343536 190.987228 12.083923 28.948975 0.485367
1380.000000 555.755188 174.395981 19.860718 49.752136 0.472886
1380.000000 507.110535 183.982971 21.518188 52.749603 0.283504
1380.000000 177.932953 191.391663 12.931702 30.776276 0.244275
1380.000000 466.546509 183.691620 12.098328 31.271912 0.223637
1380.000000 517.194702 184.595444 12.430786 30.894165 0.215826
1380.000000 443.016571 189.064789 11.845764 29.664124 0.135838
1380.000000 604.672607 121.712082 35.327393 149.724380 0.126700
1380.000000 512.601562 185.092255 13.428467 32.609344 0.102186
1380.000000 59.821259 82.404495 17.876114 42.957443 0.092667
1380.000000 399.915710 193.296097 8.422913 20.946259 0.085769
1380.000000 542.284973 177.198853 11.474121 29.585510 0.084710
1380.000000 455.884613 181.559174 12.108093 30.507965 0.081883
1380.000000 173.844315 186.264801 13.652344 33.556824 0.075429
1380.000000 105.246895 195.625900 12.300949 30.242554 0.066919
1380.000000 84.437706 92.105240 14.891281 35.988464 0.066000
1380.000000 52.518440 86.875465 13.734093 30.654449 0.063344
1380.000000 387.840576 190.964981 9.806458 21.529724 0.058636
1380.000000 546.112610 171.428741 13.423096 34.746796 0.057446
1380.000000 112.443527 127.141632 11.650604 25.851746 0.053732
1380.000000 462.703735 177.561493 13.705017 33.677032 0.051287
1380.000000 222.930267 177.389709 15.620575 37.798981 0.050722
1410.000000 551.069031 172.703674 25.297363 66.337830 0.978068
1410.000000 481.268982 179.099152 16.901367 41.099518 0.928972
1410.000000 614.905579 162.460297 22.764404 73.245300 0.871776
1410.000000 463.802277 176.361420 17.732178 45.852783 0.694166
1410.000000 494.201935 180.989639 15.581604 38.220825 0.631439
1410.000000 67.615837 201.746964 15.287216 37.877045 0.575086
1410.000000 541.628113 179.867432 18.938965 44.666351 0.519521
1410.000000 561.799744 177.636581 21.990234 58.394287 0.447886
1410.000000 527.385742 192.890076 14.315796 35.861938 0.414826
1410.000000 546.718628 176.291138 20.269531 50.038177 0.298555
1410.000000 62.310253 199.428619 12.983944 31.652313 0.258415
1410.000000 59.708427 206.909683 12.238388 30.439545 0.245482
1410.000000 387.432953 190.507462 9.146240 22.191315 0.223619
1410.000000 45.308044 206.028107 11.361343 29.557037 0.190549
1410.000000 489.202454 181.431168 13.129089 35.574036 0.177635
1410.000000 167.321777 194.686249 12.934540 30.878845 0.177477
1410.000000 499.593292 180.643951 12.950165 29.037170 0.140306
1410.000000 508.996460 182.720062 15.916870 33.462677 0.136113
1410.000000 533.471191 178.515274 20.739990 53.613159 0.117157
1410.000000 473.296936 179.341812 14.341248 36.304260 0.108955
1410.000000 547.622131 181.024918 13.721802 32.555511 0.097404
1410.000000 539.969666 184.698914 14.086060 32.712830 0.096593
1410.000000 564.502136 179.409836 12.567871 29.031250 0.075528
1410.000000 383.977905 189.339935 9.800354 22.664795 0.071506
1410.000000 403.194366 178.157623 13.056580 32.156189 0.066707
1440.000000 538.403076 176.114670 18.646118 47.903015 0.945192
1440.000000 494.805115 172.825333 20.154968 53.397522 0.944195
1440.000000 439.786896 185.200043 15.245178 37.015320 0.940117
1440.000000 463.521484 183.023087 17.409546 39.558533 0.911403
1440.000000 523.075378 173.980850 20.533447 50.333038 0.862187
1440.000000 512.098022 175.421173 19.204590 49.244476 0.768879
1440.000000 457.079163 184.762665 16.164795 37.762482 0.666954
1440.000000 530.449097 172.862427 18.044678 48.870026 0.419305
1440.000000 27.212744 202.731049 13.083265 32.356995 0.284671
1440.000000 514.387695 178.385025 11.569580 30.661346 0.273529
1440.000000 142.442627 197.475647 10.275299 26.579742 0.134543
1440.000000 544.474915 180.956253 16.676392 42.092926 0.128408
1440.000000 416.701904 189.944916 8.786377 23.045929 0.126225
1440.000000 243.039429 159.975769 17.926544 45.182831 0.114741
1440.000000 455.786591 183.840363 12.769592 26.899475 0.102387
1440.000000 449.033142 193.626312 12.140198 28.169647 0.100749
1440.000000 498.536041 174.819519 13.947845 36.841003 0.095671
1440.000000 16.337107 199.072525 13.689907 32.932983 0.080129
1440.000000 541.179443 177.524582 12.318848 30.127777 0.077550
1440.000000 477.409546 192.745300 12.336243 33.793945 0.074588
1440.000000 532.801147 172.788895 12.748901 32.644897 0.065063
1440.000000 514.642822 192.406052 13.046021 31.891205 0.057330
1470.000000 577.173645 163.282257 29.082275 67.885223 0.981560
1470.000000 425.574005 183.864792 17.760742 43.237701 0.951941
1470.000000 457.368652 180.014404 17.951233 43.147980 0.944089
1470.000000 562.779053 179.657303 21.164917 51.383636 0.924788
1470.000000 440.514221 180.862534 17.044128 45.023865 0.924474
1470.000000 596.766724 171.315674 23.348999 59.955536 0.897344
1470.000000 379.921570 182.350784 11.514282 29.440735 0.583305
1470.000000 2.313559 161.417755 25.517563 61.460052 0.552101
1470.000000 604.630310 181.060883 20.036621 48.969910 0.508225
1470.000000 433.345764 179.679428 17.251404 43.238403 0.376276
1470.000000 143.723694 193.363632 12.359070 31.936859 0.309060
1470.000000 124.777695 198.423828 11.345551 28.389709 0.301613
1470.000000 591.295837 169.943008 21.424316 51.976318 0.252929
1470.000000 26.832605 203.532867 12.130991 28.279083 0.204284
1470.000000 603.081543 195.511810 14.572998 35.537933 0.203748
1470.000000 418.604675 182.219986 12.770569 30.311920 0.186082
1470.000000 436.409241 179.395264 12.022095 28.204315 0.169062
1470.000000 559.878357 183.487778 14.293823 34.939941 0.161702
1470.000000 444.375763 177.533936 21.143372 48.244965 0.148270
1470.000000 498.285339 195.956879 12.998413 32.543182 0.146337
1470.000000 520.062317 187.836212 17.225098 41.054382 0.120334
1470.000000 0.136011 160.290359 15.991564 71.129730 0.119686
1470.000000 526.141479 170.064850 25.488281 65.987488 0.119316
1470.000000 386.775116 183.948929 10.466003 25.461578 0.110464
1470.000000 598.488525 171.385574 12.055298 29.529175 0.099351
1470.000000 535.810913 182.700378 18.983398 52.487946 0.091231
1470.000000 428.266235 182.276657 10.895935 26.372314 0.090146
1470.000000 422.639618 183.931824 15.076599 32.922455 0.078823
1470.000000 513.686951 181.187500 18.530762 47.433228 0.064945
1470.000000 9.365358 163.031586 15.067997 35.726257 0.055257
1470.000000 508.189026 195.776489 15.123535 35.215271 0.054291
1470.000000 564.359314 180.709259 13.239136 34.304901 0.051922
1470.000000 600.654358 177.146805 15.621216 41.477966 0.050881
1500.000000 443.608276 174.217621 21.478699 54.493011 0.974496
1500.000000 405.840912 177.395279 22.956848 54.745148 0.924647
1500.000000 569.010254 158.672638 30.538452 78.941803 0.715326
1500.000000 18.908127 203.253433 11.641529 28.894226 0.431362
1500.000000 418.657318 183.284805 18.112244 47.371643 0.420374
1500.000000 122.163368 199.284088 11.082558 25.972809 0.356544
1500.000000 1.315320 204.103745 11.301821 27.252838 0.188870
1500.000000 369.423553 181.282120 12.638794 30.288635 0.173119
1500.000000 524.627319 198.803696 14.364136 32.049774 0.165211
1500.000000 457.441620 179.598663 13.782959 35.590118 0.149412
1500.000000 12.094576 200.216309 11.411507 29.280365 0.140194
1500.000000 605.712402 173.050461 23.750610 65.372040 0.139359
1500.000000 362.377167 184.455597 9.506104 25.565094 0.134566
1500.000000 547.324585 196.229721 15.684326 39.255341 0.105149
1500.000000 623.578064 167.441864 16.321167 64.455170 0.071022
1500.000000 114.100876 198.092316 10.526230 26.365112 0.069374
1500.000000 16.289034 196.785233 11.872921 26.046356 0.062389
1500.000000 579.516846 165.333954 18.476440 41.435974 0.058136
1500.000000 153.515549 152.455032 27.824951 71.508698 0.055500
1500.000000 373.687897 181.111526 12.182068 29.854889 0.054401
1500.000000 604.406189 174.247375 18.245850 41.552643 0.052623
1530.000000 367.439240 174.801636 26.277100 67.269196 0.990903
1530.000000 413.786224 169.256119 24.546448 64.584808 0.988982
1530.000000 353.401001 172.578522 26.385742 65.035156 0.880348
1530.000000 393.381958 182.016815 11.273682 28.484589 0.739383
1530.000000 5.208869 201.500549 12.888818 31.135162 0.693931
1530.000000 469.348633 172.164307 15.308777 36.366699 0.683360
1530.000000 358.964417 173.359802 17.586548 41.962036 0.496876
1530.000000 353.317261 174.578049 14.043945 35.509155 0.491965
1530.000000 386.379913 184.569611 11.904663 28.167755 0.424579
1530.000000 186.791306 142.858917 23.143738 57.002716 0.312219
1530.000000 444.469299 175.996170 12.623718 30.423248 0.295615
1530.000000 376.390045 180.948135 24.431702 59.892853 0.222010
1530.000000 369.664795 176.656067 19.135620 44.872467 0.166603
1530.000000 182.062073 142.048126 32.251434 83.443848 0.162960
1530.000000 579.175476 201.466003 17.400391 41.871033 0.136245
1530.000000 183.050293 145.183914 18.684967 44.567230 0.111567
1530.000000 627.094482 170.558151 12.790649 43.309601 0.108593
1530.000000 428.178375 174.804184 11.341614 26.814575 0.106900
1530.000000 190.554810 143.429443 15.676666 38.215851 0.105527
1530.000000 58.642345 175.159683 14.665264 34.762726 0.082771
1530.000000 380.985229 184.384628 13.268677 30.576843 0.078603
1530.000000 0.000000 199.642685 9.614218 33.787628 0.072717
1530.000000 396.771088 183.050201 12.391602 28.914856 0.068121
1530.000000 474.622437 173.090439 13.898743 33.968597 0.065018
1530.000000 269.859833 182.210602 10.773743 29.355682 0.060011
1530.000000 241.388611 177.642807 13.484619 33.551971 0.056145
1530.000000 228.652435 176.120621 14.637787 35.194305 0.051729
1530.000000 247.996140 174.704315 14.259842 33.596130 0.050875
1530.000000 363.407684 169.965332 13.407349 31.685303 0.050576
1530.000000 466.525208 176.720306 12.842957 31.381653 0.050398
1560.000000 348.121307 167.206711 31.953125 82.228912 0.992413
1560.000000 264.406067 175.424042 32.598511 77.452911 0.987130
1560.000000 291.689056 174.413437 33.752197 85.880142 0.986901
1560.000000 323.631836 180.952423 14.567505 39.017120 0.444858
1560.000000 594.847412 180.456543 12.738647 28.354706 0.368562
1560.000000 343.840363 175.160583 17.298706 39.895782 0.342887
1560.000000 389.127747 183.740265 13.688965 32.050323 0.336616
1560.000000 315.453064 187.716599 13.211609 32.518982 0.327099
1560.000000 475.641846 176.176727 16.371277 39.008240 0.296829
1560.000000 296.459198 175.805206 21.212097 47.985291 0.246827
1560.000000 352.241058 170.738754 23.353638 54.325897 0.180718
1560.000000 310.421600 182.599899 14.599060 36.503143 0.167605
1560.000000 283.903900 184.615540 12.720825 32.668457 0.142441
1560.000000 449.114502 175.629028 12.756958 32.879120 0.140240
1560.000000 268.823212 176.992188 20.428894 45.664276 0.135307
1560.000000 394.931610 180.670029 15.084778 36.304749 0.121944
1560.000000 456.367462 174.307648 13.527832 33.103485 0.114002
1560.000000 363.854828 165.150894 14.994629 35.340576 0.107649
1560.000000 353.884796 164.175095 13.832153 31.680054 0.069492
1560.000000 363.241760 177.915588 12.542603 30.099152 0.067078
1560.000000 401.551331 180.712372 14.175659 33.812927 0.064721
1560.000000 531.375366 182.609436 13.318848 32.174255 0.056515
1560.000000 343.051941 176.988525 12.999207 28.381683 0.055180
1560.000000 472.309174 178.727173 14.550781 33.109314 0.053716
1560.000000 481.223511 179.260376 15.488037 36.761597 0.052116
1590.000000 192.418869 165.846985 43.256317 109.219604 0.995922
1590.000000 265.095093 161.558899 39.068237 97.491425 0.993994
1590.000000 152.846909 168.161591 37.435760 93.457214 0.988590
1590.000000 335.011261 179.373276 16.381592 39.364380 0.967428
1590.000000 455.977509 168.611038 19.135132 46.517822 0.943937
1590.000000 365.947540 179.734192 15.637207 38.886169 0.900287
1590.000000 291.394714 172.267426 19.315552 48.698669 0.714599
1590.000000 500.286194 169.253860 15.374878 37.883331 0.634284
1590.000000 221.752808 172.843552 12.781677 31.110992 0.230965
1590.000000 619.415649 181.764709 11.800781 25.698761 0.209234
1590.000000 230.975662 162.501251 14.182800 36.937439 0.167352
1590.000000 544.784485 181.745926 12.111206 32.367310 0.156376
1590.000000 79.484871 191.552139 15.864136 39.568756 0.120416
1590.000000 217.074860 172.058212 18.753998 46.189850 0.119616
1590.000000 375.322388 183.205750 12.757446 27.710938 0.091942
1590.000000 489.410919 182.284851 12.248596 27.918732 0.077919
1590.000000 467.566559 160.425430 13.054688 31.510712 0.061601
1590.000000 426.807190 169.936157 14.544800 36.225647 0.058299
1620.000000 49.178860 154.732559 52.627583 136.426315 0.996447
1620.000000 147.039459 149.971542 46.179688 119.479172 0.995546
1620.000000 3.818251 157.735748 46.235100 111.093445 0.990369
1620.000000 255.811081 166.549606 20.458023 51.963501 0.961358
1620.000000 297.149170 172.378235 17.750122 43.172974 0.880293
1620.000000 526.981018 161.153717 18.581299 44.037231 0.854298
1620.000000 138.473450 177.780426 19.239136 44.525513 0.852527
1620.000000 329.836426 174.327454 16.002136 39.913544 0.819552
1620.000000 232.694763 173.509308 17.745514 42.851715 0.769209
1620.000000 566.698364 165.294754 15.952026 37.259369 0.393180
1620.000000 117.743782 183.511581 11.017113 26.124725 0.183550
1620.000000 184.286224 180.667038 16.757568 41.093781 0.118329
1620.000000 555.160339 159.095093 15.349365 37.967072 0.090463
1620.000000 295.565613 185.509521 12.772156 31.006805 0.082869
1620.000000 560.673401 165.518799 25.541504 48.072906 0.079161
1620.000000 273.684845 18.202633 17.409790 41.583458 0.079014
1620.000000 476.792114 175.776688 12.936096 31.903381 0.065402
1620.000000 150.183777 151.648529 34.238129 72.430603 0.063208
1620.000000 335.077850 179.273132 14.578857 35.270325 0.063193
1620.000000 305.583862 179.989410 15.060913 35.152527 0.062909
1620.000000 169.884521 148.872787 17.776093 40.950195 0.062276
1620.000000 165.294159 148.623245 26.216736 63.918732 0.056532
1650.000000 11.245665 149.641510 51.765335 138.831604 0.994249
1650.000000 187.027939 179.185638 18.754944 45.035980 0.981540
1650.000000 210.091461 169.314026 22.747772 57.540955 0.977285
1650.000000 257.437683 176.962555 19.223755 47.060089 0.973586
1650.000000 221.347855 168.931717 20.820251 56.941223 0.964059
1650.000000 291.468506 179.797165 17.892761 42.431427 0.837877
1650.000000 163.423965 177.856949 20.002899 48.733002 0.786120
1650.000000 570.529663 162.710739 20.676147 46.650635 0.591997
1650.000000 271.832764 185.260010 16.634277 38.147919 0.387395
1650.000000 470.757233 167.038712 16.625122 40.046295 0.270112
1650.000000 506.338562 162.868195 17.697998 40.795258 0.268603
1650.000000 193.265427 184.132065 17.440460 40.267487 0.233590
1650.000000 303.910400 185.603821 14.302856 35.720459 0.222012
1650.000000 170.234268 177.174026 20.177673 47.709991 0.188015
1650.000000 167.669785 180.624863 13.747498 31.331604 0.153755
1650.000000 297.693054 185.160172 15.428650 36.302216 0.146476
1650.000000 224.758560 161.314545 13.614105 31.956268 0.108709
1650.000000 553.932922 175.086075 14.740479 29.018738 0.095713
1650.000000 111.122543 184.791656 11.783798 28.114075 0.093672
1650.000000 15.243124 166.966309 24.813341 57.985199 0.091566
1650.000000 174.500092 174.859650 11.792114 28.386749 0.090545
1650.000000 151.938553 183.069595 11.126465 28.141907 0.090094
1650.000000 505.032074 159.625336 24.274811 59.845764 0.066861
1650.000000 183.144989 178.835175 16.582214 37.918060 0.066491
1650.000000 255.763596 177.015594 13.853928 33.314728 0.054813
1680.000000 262.781464 176.546677 12.674011 30.076630 0.485342
1680.000000 524.691711 187.082123 13.624146 32.613922 0.479988
1680.000000 258.556458 176.151550 12.799866 32.580383 0.451726
1680.000000 623.151794 169.147446 15.394287 40.161621 0.432205
1680.000000 249.694046 181.966248 10.508224 26.638092 0.281394
1680.000000 243.020782 181.716675 11.848633 28.529602 0.232947
1680.000000 216.446762 176.094666 14.021729 34.964111 0.232480
1680.000000 3.021855 143.615311 15.957214 42.966400 0.203563
1680.000000 10.283525 138.846619 24.883240 61.620697 0.180047
1680.000000 182.553574 170.215012 16.162537 40.207886 0.161731
1680.000000 72.352516 115.120033 21.171799 48.759392 0.128521
1680.000000 215.248291 160.692123 15.563385 38.900208 0.123042
1680.000000 195.294250 166.770081 14.751678 38.961517 0.109509
1680.000000 67.543747 112.142914 30.199051 72.120514 0.102923
1680.000000 212.077087 170.719940 19.945190 52.540894 0.097516
1680.000000 166.344193 161.596527 15.103973 36.118347 0.093132
1680.000000 0.466764 142.381104 23.970343 60.856415 0.092777
1680.000000 240.827652 178.447433 10.679443 27.008881 0.091628
1680.000000 618.438477 169.382217 21.561523 59.795013 0.090601
1680.000000 589.486267 185.131210 16.379517 39.604889 0.085381
1680.000000 510.744751 188.774002 12.182861 30.666412 0.085162
1680.000000 129.923828 149.364197 20.001312 48.978180 0.084383
1680.000000 519.617676 187.226089 14.614624 30.238647 0.073773
1680.000000 227.919571 168.272934 13.012299 31.090088 0.068110
1680.000000 201.638519 175.167450 14.714172 36.273590 0.067128
1680.000000 245.301849 182.437149 14.772644 40.534882 0.060312
1680.000000 459.673981 189.617264 14.733948 34.687073 0.054785
1680.000000 500.474945 188.015472 13.397125 31.828735 0.051982
1710.000000 140.600189 180.826782 22.449646 56.761230 0.976975
1710.000000 162.368423 186.876740 20.604614 48.923035 0.966784
1710.000000 94.541626 188.205215 21.935196 52.121582 0.913444
1710.000000 209.671112 190.306641 17.057678 41.407166 0.858715
1710.000000 54.873192 190.771393 18.219864 44.790802 0.854460
1710.000000 203.543625 191.338425 16.161896 35.781891 0.329766
1710.000000 102.160530 188.919189 13.999542 35.053680 0.308687
1710.000000 90.844040 189.198837 14.958450 40.078888 0.206111
1710.000000 216.303360 176.903687 14.425323 34.863190 0.199968
1710.000000 154.514206 184.640335 19.369263 51.539307 0.195971
1710.000000 160.982788 188.183914 15.269104 32.902618 0.159661
1710.000000 173.238510 184.045792 13.153870 31.463715 0.135463
1710.000000 52.997261 191.964020 11.999176 29.849792 0.122642
1710.000000 153.317047 180.738708 13.036774 33.564636 0.104897
1710.000000 145.209961 182.846359 15.868042 39.478088 0.101280
1710.000000 5.935136 188.362396 13.897079 34.386292 0.098091
1710.000000 481.524963 146.517319 19.252014 45.075378 0.090650
1710.000000 171.371597 185.956268 18.175751 42.856598 0.069134
1710.000000 527.288574 189.508896 16.263184 39.100159 0.064763
1710.000000 168.437057 184.518738 15.010040 37.173553 0.063974
1710.000000 62.518204 192.209152 13.244064 34.662842 0.061434
1710.000000 143.939133 177.288864 12.754150 30.812164 0.056813
1710.000000 435.543701 147.925430 26.223389 63.698364 0.056488
1710.000000 441.134583 145.152023 17.945312 43.064941 0.050919
1740.000000 170.400314 193.262848 19.074982 47.034943 0.958463
1740.000000 281.487732 185.923126 22.112549 52.860016 0.949828
1740.000000 114.137627 189.158295 21.056496 51.963531 0.917273
1740.000000 154.680298 192.362946 20.383972 49.352661 0.901786
1740.000000 104.115768 188.990555 21.813828 52.414642 0.839709
1740.000000 358.307465 181.464203 22.996460 56.003876 0.761335
1740.000000 339.648102 186.260803 13.016541 32.775543 0.665403
1740.000000 163.775513 194.005157 18.434845 43.993805 0.485881
1740.000000 57.978058 192.848236 16.022659 39.146667 0.436300
1740.000000 0.000000 188.819229 31.268391 160.528976 0.210675
1740.000000 103.358337 192.437469 15.337860 33.750427 0.190634
1740.000000 353.282928 180.147003 16.281616 39.706970 0.179694
1740.000000 106.195274 180.943741 12.159927 28.525421 0.165533
1740.000000 118.717651 187.594574 13.344452 33.851929 0.119154
1740.000000 284.701843 185.143951 11.673767 25.947906 0.118191
1740.000000 577.665833 120.080147 33.286743 82.348198 0.100170
1740.000000 54.273109 193.144089 14.240334 31.559204 0.064846
1740.000000 128.705017 192.312531 12.105988 31.061981 0.058800
1740.000000 1.247283 191.971481 13.077718 46.273865 0.057230
1740.000000 111.951736 184.135681 12.637085 31.106171 0.056722
1740.000000 150.044418 185.025681 12.233704 29.859192 0.054534
1740.000000 498.325714 141.015350 12.899597 35.465790 0.054272
1740.000000 364.487152 198.269333 17.027649 37.293701 0.052727
1770.000000 55.877609 142.478821 90.595764 224.182434 0.990225
1770.000000 89.300652 150.314148 80.867134 201.170929 0.986340
1770.000000 344.963287 186.720825 13.894043 34.838593 0.691601
1770.000000 332.225342 181.138214 15.289978 37.601501 0.400664
1770.000000 350.730377 190.885300 11.669800 28.674927 0.340982
1770.000000 530.445374 191.841278 12.818848 30.638580 0.252186
1770.000000 409.802521 194.638580 16.794861 40.508484 0.222624
1770.000000 338.884644 191.686157 11.264587 28.126160 0.185204
1770.000000 579.915344 190.429230 16.278564 38.599121 0.130319
1770.000000 408.639282 179.296478 24.443481 58.350006 0.120893
1770.000000 31.226133 195.572937 14.216219 34.524902 0.116656
1770.000000 516.906372 194.283981 13.662354 31.786835 0.088900
1770.000000 27.456148 195.218307 20.038839 49.064819 0.083961
1770.000000 215.429657 177.342377 14.790192 35.463318 0.077385
1770.000000 425.732819 195.262253 11.907715 26.165466 0.074330
1770.000000 334.787018 199.700134 12.931641 33.541779 0.072923
1770.000000 420.157562 193.189148 17.895813 38.347504 0.051986
1770.000000 481.184631 184.365982 13.707397 33.068451 0.050380
1800.000000 64.484360 140.386047 80.977875 205.212921 0.993345
1800.000000 236.479004 137.258545 93.259521 228.961670 0.992696
1800.000000 33.507835 190.116318 21.375160 56.468597 0.895859
1800.000000 206.352036 190.162125 21.001160 51.587646 0.860715
1800.000000 67.038361 185.486771 19.171921 47.115387 0.648427
1800.000000 27.292007 193.397034 20.676628 53.431091 0.560276
1800.000000 12.757534 199.622421 17.276497 39.777222 0.484935
1800.000000 68.703568 174.833344 29.151794 60.374878 0.279547
1800.000000 215.193619 180.218002 14.029755 35.778809 0.271585
1800.000000 267.315521 168.526047 73.370483 184.159134 0.194664
1800.000000 238.517838 156.556671 47.382553 107.681885 0.179082
1800.000000 36.857895 190.759216 15.028183 38.383942 0.175733
1800.000000 319.591980 188.340332 14.468201 34.810669 0.120953
1800.000000 494.117584 143.910629 20.506195 48.704773 0.118394
1800.000000 230.118851 169.446945 15.124725 38.934784 0.115710
1800.000000 44.420227 190.583313 14.162575 32.706970 0.106427
1800.000000 67.048088 167.417831 41.891220 102.815323 0.106325
1800.000000 208.920471 189.929108 12.959106 30.904938 0.091128
1800.000000 488.892944 144.559906 28.680847 69.145874 0.085950
1800.000000 377.789307 165.462067 14.087585 33.123474 0.070403
1800.000000 356.264404 158.400070 20.176514 46.459869 0.060595
1800.000000 619.783630 189.600098 15.914917 44.476868 0.057334
1800.000000 288.423065 168.570724 41.227783 94.413864 0.050794
1800.000000 204.339844 183.990768 12.070770 31.526764 0.050220
1800.000000 0.000000 192.628220 10.098234 46.680878 0.050092
1830.000000 208.750031 137.948273 82.191437 207.643768 0.993763
1830.000000 417.960663 138.895508 93.817627 220.777588 0.991901
1830.000000 322.387634 186.676010 21.423889 51.323914 0.991291
1830.000000 381.802277 143.963013 85.540588 197.495392 0.990097
1830.000000 0.526802 190.778046 19.192032 53.425964 0.853224
1830.000000 61.443779 198.025360 17.971283 44.470490 0.815349
1830.000000 48.444630 199.491653 15.619869 40.538055 0.717225
1830.000000 214.570206 159.579346 42.791519 95.051300 0.151152
1830.000000 0.033439 190.482727 11.951189 35.360016 0.116418
1830.000000 202.900894 188.722778 15.132568 40.770874 0.111900
1830.000000 453.402557 135.426102 41.596619 94.379456 0.109018
1830.000000 58.297726 197.524155 13.173298 32.560364 0.088292
1830.000000 270.081940 185.500107 15.778320 38.164246 0.087331
1830.000000 262.383270 186.243576 14.708679 36.628906 0.086709
1830.000000 63.895950 196.736786 12.978043 30.410797 0.080333
1830.000000 234.557098 176.856125 62.861023 158.209976 0.074111
1830.000000 584.985168 123.731728 20.973267 43.877159 0.074024
1830.000000 141.881134 187.980118 13.223907 30.952972 0.069153
1830.000000 529.028259 192.145218 12.630005 30.026733 0.057853
1830.000000 508.731567 113.204353 29.429321 75.659843 0.057402
1830.000000 377.844025 164.813278 12.733704 31.388000 0.055703
1830.000000 258.513336 184.118530 22.341125 51.512878 0.054317
1830.000000 383.782074 186.522812 13.233765 33.167969 0.053613
1830.000000 464.057465 137.392014 25.811157 58.502289 0.052865
1830.000000 495.460449 144.579880 17.488647 41.670776 0.052712
