30.000000 542.968506 156.151108 22.740112 52.380798 0.593043
30.000000 181.861237 156.453552 24.449951 63.003296 0.537590
30.000000 450.545746 129.168152 14.689941 33.518188 0.328845
30.000000 442.509186 129.867966 13.159119 31.056854 0.177796
30.000000 548.250488 156.270081 15.298828 36.409637 0.142200
30.000000 399.174530 137.016022 17.564819 38.964813 0.133817
30.000000 66.281464 171.232864 14.918839 36.419739 0.115500
30.000000 185.115356 156.336533 17.300140 39.891418 0.101131
30.000000 553.975037 156.825500 18.130005 50.870575 0.100047
30.000000 401.598846 131.543732 13.749817 31.973022 0.064881
30.000000 472.490326 126.720314 15.041992 35.950539 0.055285
30.000000 603.073608 170.213104 16.929932 39.938721 0.055135
30.000000 398.593628 93.644905 11.866577 28.564987 0.051816
60.000000 573.302063 153.565567 22.882935 55.648468 0.449777
60.000000 550.851074 152.612915 23.711426 52.798096 0.280282
60.000000 206.225784 183.740265 16.589752 38.499023 0.232286
60.000000 9.138643 145.140594 26.848532 63.919586 0.189661
60.000000 578.913513 155.694031 14.503052 33.529205 0.186881
60.000000 622.380920 190.414642 15.330811 37.018066 0.143877
60.000000 63.784744 144.320023 33.958084 77.196106 0.139183
60.000000 32.058010 140.723618 35.860416 84.645233 0.120697
60.000000 15.290077 149.629517 19.422737 42.782318 0.073109
60.000000 37.187584 139.501785 26.721176 57.640686 0.056718
90.000000 450.888306 144.365768 13.974060 33.522522 0.419108
90.000000 398.577972 151.358246 14.747437 33.611847 0.368958
90.000000 46.102692 191.656311 14.916397 34.904968 0.329541
90.000000 393.607758 148.669647 21.079285 48.721771 0.294739
90.000000 410.770172 148.644882 19.610596 45.866486 0.202032
90.000000 462.585083 150.860474 20.310852 49.032745 0.143128
90.000000 466.617828 151.206253 13.182373 36.606689 0.139946
90.000000 474.271484 144.722931 16.992920 39.655762 0.138710
90.000000 535.127197 116.812477 31.864502 83.382835 0.125871
90.000000 545.254333 114.092163 13.799438 32.583740 0.079508
90.000000 443.254028 146.839172 14.230408 32.239014 0.076388
90.000000 391.703339 147.987244 14.737610 34.267029 0.068331
90.000000 53.551380 193.209961 14.831043 35.256561 0.050952
120.000000 583.357666 186.899368 23.855347 60.678558 0.265786
120.000000 366.958374 163.758667 17.094910 38.891815 0.248970
120.000000 385.391174 161.353271 18.358093 42.924347 0.183983
120.000000 588.484253 208.665543 17.055664 39.770111 0.179515
120.000000 622.185547 146.659103 15.242432 41.395660 0.110350
120.000000 402.882111 165.854065 13.668701 33.250488 0.090053
120.000000 16.717587 171.073456 15.174961 37.067719 0.089285
120.000000 590.346497 181.927246 26.839600 66.567780 0.085147
120.000000 425.273987 182.935165 19.123901 47.748505 0.070746
120.000000 375.878967 159.782211 20.664917 49.120239 0.054576
120.000000 180.938721 135.549911 15.319672 37.068176 0.050122
150.000000 536.935181 142.359253 18.073120 41.260529 0.682446
150.000000 607.209656 69.294983 13.362671 33.713135 0.581116
150.000000 545.155273 152.525360 17.019775 36.584808 0.415357
150.000000 507.265259 136.506302 17.659790 42.338623 0.338206
150.000000 615.981812 68.517143 13.892944 32.952881 0.272408
150.000000 494.288818 159.292053 17.973999 40.966278 0.233596
150.000000 518.847229 137.991898 18.556885 45.120239 0.142746
150.000000 551.462158 147.652069 15.478882 36.401123 0.128105
150.000000 557.725769 112.113159 20.649536 48.527496 0.128072
150.000000 531.463989 141.593033 25.492676 62.280487 0.121648
150.000000 522.128113 137.115280 13.396973 30.033508 0.111807
150.000000 559.617371 111.047638 13.635986 29.355331 0.108326
150.000000 508.485291 125.422882 22.583374 60.388763 0.105796
150.000000 589.522766 50.907269 21.732910 56.196995 0.104408
150.000000 589.987915 60.882370 12.664185 29.273010 0.099816
150.000000 624.738953 57.112881 14.615112 38.907703 0.064515
150.000000 584.175476 70.880569 14.957642 33.031708 0.063932
150.000000 595.432800 84.511063 11.204956 25.247223 0.057359
150.000000 557.810730 132.323502 14.553101 33.920258 0.055211
150.000000 591.504517 84.762962 11.222412 24.846481 0.055027
150.000000 525.825867 147.854111 13.908447 35.419037 0.053075
150.000000 556.343323 96.174965 12.541992 26.274933 0.052345
150.000000 608.188599 58.458412 19.397827 51.963409 0.050986
150.000000 593.487976 55.681133 14.475830 32.718403 0.050465
180.000000 572.387024 185.642685 24.489746 60.590698 0.804810
180.000000 401.090424 120.918701 28.491882 72.225220 0.087765
180.000000 409.745331 142.329971 22.264343 55.001282 0.073604
180.000000 63.637619 222.678360 11.147888 27.174988 0.068856
180.000000 577.956543 189.972382 17.504639 41.147003 0.058098
180.000000 428.403931 138.303162 19.228943 49.855713 0.053025
180.000000 376.939789 215.556305 16.967407 37.908234 0.051441
210.000000 412.815582 64.650978 14.109558 33.498184 0.150282
210.000000 366.156372 149.715637 14.302368 37.952881 0.085767
210.000000 376.322357 56.556595 15.006287 32.888840 0.070170
210.000000 351.159668 143.372879 18.032349 42.778107 0.054901
240.000000 440.605927 67.676018 14.256470 34.316360 0.267051
240.000000 307.176910 146.893005 16.330322 38.135986 0.056693
270.000000 262.579498 163.433929 14.966553 33.559021 0.114996
270.000000 250.870667 162.061890 16.125122 37.260925 0.114111
270.000000 258.814148 130.742691 25.391907 57.773712 0.073294
270.000000 307.276184 205.327942 26.615906 64.338562 0.068953
270.000000 263.192169 131.265701 16.914795 37.298370 0.050477
300.000000 280.560638 156.679382 15.138000 35.460022 0.093436
300.000000 422.919952 53.193939 21.104126 49.277222 0.067876
300.000000 244.600937 166.243073 14.959610 34.052979 0.056833
330.000000 445.424103 158.948151 103.311676 237.740784 0.997138
330.000000 254.660873 136.583237 18.871933 43.499817 0.310293
330.000000 447.715088 167.036407 72.960266 141.406952 0.151435
330.000000 294.547363 129.375153 18.461426 43.371429 0.087456
330.000000 227.665344 221.172470 20.399994 52.889603 0.072464
330.000000 278.985535 250.148849 13.458557 31.177933 0.069094
330.000000 283.655243 106.194626 25.108337 64.706482 0.053411
360.000000 335.551453 164.249344 90.372986 207.292221 0.996743
360.000000 361.505646 53.852348 14.503784 34.375061 0.221861
360.000000 419.191895 47.728210 13.946533 33.191498 0.147721
360.000000 434.893799 203.002792 24.685364 62.191422 0.141813
360.000000 403.294342 56.151215 14.723999 33.671661 0.110478
360.000000 425.704041 58.008575 14.248718 34.089325 0.079051
360.000000 417.053284 62.003094 18.053223 40.124577 0.070431
360.000000 420.318756 62.803825 11.306580 28.059769 0.068078
360.000000 297.726501 132.393082 16.291138 41.376373 0.066158
360.000000 348.145142 80.337868 11.533569 30.978714 0.063772
360.000000 288.054291 106.216080 12.628235 29.215424 0.061584
360.000000 328.106842 81.012543 14.899353 34.972565 0.057245
360.000000 356.807983 65.978722 12.529358 30.333679 0.053623
360.000000 322.963074 94.898422 11.480042 26.991425 0.053210
390.000000 252.363556 173.883240 75.155701 177.815430 0.991866
390.000000 247.877701 207.050400 29.624313 64.525223 0.352871
390.000000 462.048309 206.318268 20.304810 50.174683 0.327291
390.000000 556.361755 186.280670 13.617310 32.163391 0.197075
390.000000 418.479919 207.708145 17.931274 43.459167 0.175294
390.000000 422.932648 45.419495 19.931091 46.789139 0.101720
390.000000 429.365265 205.677124 25.826599 58.486267 0.098964
390.000000 556.267029 188.575287 18.264282 44.534607 0.087270
390.000000 453.333435 206.083435 24.635498 58.646667 0.064992
390.000000 546.936951 185.330933 29.148804 63.195862 0.054835
390.000000 258.564331 175.284485 50.199890 127.291779 0.054214
420.000000 189.233307 176.165497 70.911621 162.243164 0.995587
420.000000 559.622070 112.238541 80.377930 346.446960 0.991366
420.000000 564.186218 191.046570 29.957764 71.873535 0.162078
420.000000 465.209991 209.766632 17.658142 42.117523 0.136131
420.000000 545.282043 200.102448 17.496704 42.171234 0.128774
420.000000 296.979767 167.198013 21.704773 49.464600 0.098541
420.000000 364.060608 78.689529 11.159363 26.553238 0.066726
420.000000 552.011536 200.094818 17.611694 41.624207 0.065411
420.000000 556.918213 194.501282 20.816040 49.381439 0.056566
420.000000 493.280151 227.041397 14.328979 35.274094 0.054560
450.000000 411.965332 131.265488 113.569031 286.544556 0.997936
450.000000 501.353333 173.161469 99.173218 244.261169 0.997223
450.000000 143.151672 183.640167 59.398804 148.940613 0.990113
450.000000 363.531342 61.337029 19.236816 45.028015 0.287536
450.000000 355.799896 74.325005 13.149231 31.166534 0.271684
450.000000 298.651550 67.525688 14.036926 32.546356 0.231926
450.000000 246.099426 133.278976 18.659882 42.542938 0.173767
450.000000 250.077240 58.313019 14.912598 33.334839 0.144623
450.000000 299.966339 205.039185 28.766357 67.078400 0.108082
450.000000 183.891678 216.710968 20.930878 55.791412 0.100593
450.000000 321.874420 72.260872 16.275879 37.096298 0.099917
450.000000 341.616577 81.858009 11.441528 28.178146 0.099294
450.000000 335.262634 71.426361 14.768921 37.403381 0.097680
450.000000 292.792603 137.211197 17.163574 38.332825 0.087710
450.000000 238.951691 136.135086 27.967438 64.995361 0.086582
450.000000 298.424713 85.731064 15.172119 35.896667 0.082900
450.000000 363.754242 67.276428 13.020142 31.496674 0.080961
450.000000 124.017189 213.556473 25.372551 64.718826 0.079662
450.000000 316.462341 85.710068 12.823303 29.791306 0.075598
450.000000 336.448883 93.497131 9.390015 23.464188 0.072330
450.000000 165.188873 210.019043 39.706940 101.679504 0.055440
480.000000 257.605652 142.396484 100.809143 246.455811 0.997842
480.000000 349.985413 173.211212 85.667297 212.604736 0.997677
480.000000 467.386780 135.436890 103.739624 254.683228 0.996621
480.000000 62.995827 180.848602 57.589569 143.707153 0.986253
480.000000 309.049225 173.432922 50.549011 120.364197 0.275498
480.000000 72.559967 227.293198 42.347885 96.922440 0.148067
480.000000 107.657516 204.895050 17.998810 48.146973 0.140611
480.000000 197.232422 164.139511 14.813812 34.366699 0.132673
480.000000 189.896713 173.732590 14.768860 34.545074 0.108321
480.000000 211.122955 159.300064 16.996826 40.353973 0.093094
480.000000 21.212910 109.036407 18.434410 41.949493 0.081655
480.000000 86.007027 124.114700 14.834274 36.077332 0.077773
480.000000 17.293283 109.870316 26.876165 66.089478 0.072884
480.000000 295.266235 177.091049 74.534912 168.519180 0.066001
480.000000 1.588898 161.753845 24.143208 61.660156 0.063214
510.000000 130.863541 140.871216 102.100220 251.365662 0.997140
510.000000 15.102921 185.599762 72.741669 202.887878 0.995590
510.000000 0.290646 183.167252 22.227520 79.361130 0.289700
510.000000 49.900555 207.195312 37.991673 94.137939 0.227057
510.000000 14.191345 209.322845 31.871437 75.826874 0.178422
510.000000 20.950811 193.285339 48.127052 99.329468 0.067104
510.000000 0.130393 176.397079 11.869410 82.068466 0.062697
510.000000 129.103973 179.936081 64.389069 144.410538 0.050779
570.000000 364.247040 206.950058 11.458435 27.301514 0.076263
570.000000 438.447510 195.691162 9.801941 23.666931 0.066286
600.000000 92.658638 200.364578 15.066330 35.944244 0.712776
600.000000 29.899563 191.221436 16.817436 43.453918 0.421521
600.000000 142.933395 196.651535 11.994781 27.824463 0.157668
600.000000 201.888107 196.115021 11.655762 30.126587 0.156945
600.000000 582.546387 177.583450 13.229370 32.449249 0.096622
600.000000 61.255630 202.124847 12.363876 29.769226 0.085163
600.000000 574.382751 191.848145 12.541016 28.142914 0.081370
600.000000 176.809906 202.188721 10.837494 25.980713 0.072279
600.000000 216.596146 196.417633 11.356232 28.580170 0.065742
600.000000 0.000000 207.140427 10.083902 42.795898 0.059006
600.000000 246.779266 180.862839 14.361755 38.470856 0.054739
630.000000 524.872681 190.023224 13.994507 33.526031 0.437215
630.000000 10.444915 41.941994 14.695115 34.981270 0.351130
630.000000 11.764278 195.079834 13.430599 34.200165 0.249969
630.000000 27.218033 38.033115 14.044983 33.501980 0.173852
630.000000 167.087234 198.001862 10.605774 26.753967 0.145446
630.000000 37.886990 205.885681 11.280464 27.447479 0.135685
630.000000 45.214165 202.539917 11.649612 28.895508 0.120803
630.000000 155.572083 194.910675 12.913300 33.023010 0.103343
630.000000 478.189362 185.986786 11.456421 28.637207 0.101039
630.000000 541.215088 189.530594 9.757202 27.172974 0.084394
630.000000 8.441453 192.553589 20.519657 45.722198 0.075311
630.000000 552.631958 194.925095 16.412598 36.799133 0.067453
630.000000 0.000000 192.237961 10.437304 44.684998 0.060984
630.000000 40.393044 40.237217 17.302910 41.356121 0.060666
630.000000 53.156670 206.363647 11.078362 26.783722 0.058146
630.000000 23.619825 48.374153 16.994226 40.837189 0.054391
630.000000 152.405289 194.217682 11.215424 27.374115 0.053728
660.000000 514.277039 191.848251 13.767944 34.408966 0.641083
660.000000 611.455078 176.010803 17.071655 44.051331 0.241382
660.000000 523.759094 191.114624 15.919678 38.944489 0.173695
660.000000 133.642334 169.378250 16.785156 40.358459 0.157579
660.000000 155.050598 172.583801 14.217712 36.478882 0.134377
660.000000 446.258911 196.287842 11.434326 27.513336 0.107963
660.000000 463.517517 197.652313 11.257324 28.098450 0.085472
660.000000 150.977448 180.392075 14.085510 36.159058 0.083739
660.000000 110.321045 199.837341 9.774918 25.253174 0.076358
660.000000 529.183716 191.775421 12.310547 29.097229 0.066500
660.000000 107.804573 175.330811 13.040161 29.995148 0.062812
660.000000 504.640717 193.603088 13.514557 32.168182 0.059526
660.000000 469.804077 199.746201 11.851135 27.551208 0.054937
690.000000 498.900940 187.203644 14.910706 38.658356 0.567548
690.000000 555.785339 193.937881 14.880615 34.983368 0.320517
690.000000 67.324242 201.301483 9.647858 27.316956 0.315574
690.000000 545.215454 188.649902 13.816406 32.776581 0.253805
690.000000 72.597351 201.759155 10.653336 27.619751 0.209979
690.000000 562.360413 204.666336 13.298218 32.960754 0.184644
690.000000 582.464172 188.911926 18.541260 45.527069 0.180391
690.000000 535.926758 190.347382 12.705933 29.886536 0.151798
690.000000 588.999451 99.837387 15.891235 34.478882 0.147025
690.000000 459.748993 192.630295 13.975525 33.284027 0.122755
690.000000 390.089264 191.901306 12.165344 29.330566 0.117748
690.000000 453.526276 194.840103 12.109192 28.326477 0.115063
690.000000 79.701317 205.269104 9.148315 23.797089 0.109050
690.000000 446.754700 192.596069 11.692627 29.456543 0.104725
690.000000 540.498413 183.826462 19.186279 50.447845 0.098013
690.000000 103.105164 201.203476 10.985504 27.151703 0.094776
690.000000 0.087775 201.442520 9.105921 36.368073 0.088692
690.000000 530.963501 198.376816 15.006226 35.257446 0.083615
690.000000 59.758312 201.456238 9.594395 25.391083 0.051237
690.000000 573.856384 184.499969 24.483154 57.651093 0.050789
720.000000 530.161865 186.808304 17.577515 43.521088 0.991717
720.000000 562.296509 189.057755 14.995972 39.015442 0.909297
720.000000 552.993164 186.971268 15.885376 39.696411 0.816927
720.000000 502.986786 194.741058 15.537201 36.509399 0.542309
720.000000 31.971792 200.202179 11.670038 30.990723 0.483176
720.000000 623.889099 183.710449 15.185791 36.493561 0.363920
720.000000 480.461121 178.704437 16.819336 44.587952 0.348330
720.000000 39.497261 205.447189 10.663368 27.218170 0.318301
720.000000 589.548706 189.405334 17.323608 39.019470 0.290147
720.000000 578.398193 193.453995 17.185059 42.818848 0.241821
720.000000 598.286926 197.342712 16.312134 40.398773 0.181781
720.000000 430.454437 197.242142 13.886963 31.532288 0.167719
720.000000 612.188782 185.460342 21.376587 49.964355 0.163577
720.000000 26.270046 201.253326 12.477936 31.666718 0.150269
720.000000 578.298767 178.366333 25.156250 62.132324 0.147475
720.000000 615.732910 187.356461 15.292847 30.985107 0.119087
720.000000 621.848145 187.257401 11.890259 29.151611 0.118612
720.000000 126.793739 195.324432 11.056633 28.587830 0.103245
720.000000 594.191589 210.553238 16.622925 41.934113 0.087381
720.000000 491.794617 191.337204 16.468323 39.322937 0.084750
720.000000 379.910309 194.805069 12.159119 27.153412 0.057556
720.000000 602.944824 178.893661 26.852173 65.348450 0.057192
750.000000 557.478821 185.061539 22.275513 52.418671 0.992391
750.000000 577.845154 181.790970 22.854736 53.297272 0.991750
750.000000 598.932739 189.742966 18.476807 44.241730 0.982526
750.000000 612.274475 184.370773 20.885864 50.515686 0.976150
750.000000 510.914398 193.437592 16.592194 39.419464 0.514915
750.000000 501.282013 193.085297 14.127167 33.086456 0.378189
750.000000 443.326385 199.518478 14.938965 33.438782 0.352186
750.000000 536.034424 202.097992 16.925293 38.962341 0.342994
750.000000 540.857849 202.390213 11.270264 29.132050 0.314055
750.000000 481.872498 193.365448 15.163330 35.440521 0.302005
750.000000 519.171753 194.505051 15.533813 33.945221 0.179355
750.000000 625.675354 185.741898 14.147827 49.458099 0.170562
750.000000 477.606262 193.003922 21.862305 52.857910 0.162681
750.000000 473.089752 192.761246 13.048401 30.627533 0.160277
750.000000 467.892395 194.404282 14.940552 35.648285 0.144522
750.000000 495.107025 192.778778 21.873993 47.796204 0.138530
750.000000 547.333984 196.748154 11.404175 28.020172 0.134346
750.000000 551.775208 206.747452 14.001587 33.715759 0.128111
750.000000 613.904907 184.225662 13.389893 31.700256 0.119641
750.000000 507.564087 192.330124 24.584961 57.521362 0.107714
750.000000 430.294434 198.797516 12.031189 28.723206 0.105592
750.000000 474.939453 193.152176 15.940491 41.549774 0.105328
750.000000 3.049270 207.054352 17.690182 49.774445 0.097408
750.000000 4.380569 206.282074 13.481732 30.754211 0.072446
750.000000 417.074097 195.266830 15.277832 29.154022 0.068792
750.000000 111.582817 206.095337 12.419006 31.012115 0.063892
750.000000 97.789330 197.618332 12.195862 29.262909 0.061803
750.000000 73.724319 200.426804 11.553833 28.644745 0.056945
750.000000 487.717560 194.724213 13.590576 33.868042 0.055145
750.000000 491.709167 193.575729 15.070374 34.300659 0.054666
750.000000 0.837451 206.394653 11.805167 32.969757 0.050973
780.000000 3.999073 168.247711 17.697319 43.756958 0.390292
780.000000 500.083954 191.219498 15.406403 35.213348 0.355803
780.000000 475.219086 193.938080 13.390808 33.066528 0.209371
780.000000 422.798492 195.763885 15.854797 36.615906 0.203759
780.000000 508.645447 188.139359 15.392578 34.667572 0.177495
780.000000 42.336514 196.508240 10.914619 29.499359 0.134275
780.000000 0.234354 168.730560 13.778495 48.432739 0.114184
780.000000 582.634033 188.353745 20.053711 44.965698 0.101888
780.000000 499.560333 197.600342 17.734955 44.803070 0.096356
780.000000 34.164047 201.160767 11.929207 30.296387 0.086121
780.000000 448.618958 194.022995 15.430603 34.454163 0.083113
780.000000 420.656982 198.219391 12.370056 30.875793 0.057514
780.000000 79.546692 197.028595 12.211304 29.458649 0.051278
780.000000 460.682434 198.155258 15.859070 36.348907 0.051209
810.000000 501.498993 192.766571 14.984955 37.417084 0.498441
810.000000 513.547119 190.478516 14.076660 32.535980 0.484130
810.000000 111.791992 199.949982 14.766464 34.806000 0.238233
810.000000 510.089905 191.807281 19.356079 44.620575 0.131885
810.000000 538.104248 190.484756 12.127441 29.435852 0.126914
810.000000 21.159485 106.274384 27.786743 68.893707 0.109021
810.000000 23.947216 109.535133 19.282539 44.508934 0.105101
810.000000 533.469666 192.105988 13.865234 32.271118 0.104404
810.000000 0.533826 106.577744 16.789783 48.906982 0.080488
810.000000 494.956543 191.985672 24.217285 48.413147 0.077201
810.000000 17.469782 116.626915 14.327171 34.491051 0.072586
810.000000 38.507000 165.828506 15.846848 38.271179 0.071386
810.000000 475.930237 189.865204 16.615906 36.536499 0.064534
810.000000 505.660767 191.739807 11.184082 26.790192 0.061052
810.000000 454.967468 197.437195 17.232422 39.120178 0.053504
840.000000 562.057434 179.515610 26.418213 57.314941 0.558434
840.000000 588.888000 187.907104 19.337158 45.039825 0.337043
840.000000 426.330444 197.087616 13.417053 32.286896 0.275476
840.000000 192.096390 193.735046 13.039886 32.166199 0.190677
840.000000 5.275494 174.713516 13.748882 35.108276 0.181209
840.000000 569.288940 180.239258 17.651611 42.026794 0.150855
840.000000 589.975403 186.951721 13.868774 31.550598 0.123991
840.000000 581.338257 186.192764 33.323120 57.691467 0.110837
840.000000 417.761871 199.042847 11.553650 29.393921 0.109253
840.000000 12.645026 169.270432 13.703969 33.802368 0.106562
840.000000 421.954071 197.695587 12.275452 28.912537 0.089179
840.000000 554.595276 179.088562 34.385010 88.672272 0.063831
840.000000 0.212321 173.150803 14.667379 43.418335 0.061279
840.000000 534.486694 191.261398 13.543701 32.989349 0.059591
870.000000 418.975159 174.741425 18.074463 46.635437 0.359987
870.000000 129.341370 196.337616 11.748138 29.891968 0.252039
870.000000 4.625256 179.554321 21.610247 55.461609 0.110589
870.000000 506.426971 195.897003 14.402740 35.418671 0.080731
870.000000 108.026741 174.215347 11.710999 27.835052 0.078762
870.000000 0.266709 190.641739 15.585571 37.020416 0.057060
870.000000 518.221619 200.973267 14.855835 35.432922 0.051509
900.000000 28.214577 176.570755 15.096298 39.133118 0.801803
900.000000 100.105873 192.421661 12.516312 32.181946 0.217124
900.000000 558.218750 199.028397 13.593262 31.925446 0.206750
900.000000 68.493042 185.821899 12.157104 31.452576 0.191175
900.000000 40.268513 183.641266 13.605515 37.121460 0.141418
900.000000 548.768799 200.805008 15.919067 37.835571 0.140847
900.000000 464.764343 191.685074 12.221375 30.230835 0.129922
900.000000 96.987640 191.622971 11.405228 27.145599 0.103164
900.000000 540.544922 197.395248 14.251953 36.605499 0.074612
900.000000 91.526131 193.268295 11.677277 28.605377 0.069032
900.000000 544.117188 197.998367 25.899170 53.918976 0.065616
900.000000 545.677246 198.049683 13.981445 35.810120 0.059200
900.000000 0.000000 189.029388 9.497545 47.549408 0.056974
930.000000 506.769348 190.584549 15.051025 36.918579 0.593261
930.000000 5.571225 176.467911 13.832893 36.738739 0.457669
930.000000 107.589699 192.480423 10.778580 26.834106 0.372941
930.000000 1.170045 178.602844 13.054724 37.267792 0.279784
930.000000 92.974396 191.914780 11.376678 27.209412 0.230673
930.000000 45.320679 185.038422 14.761971 36.883209 0.205909
930.000000 81.348267 178.786469 13.310089 33.544281 0.186639
930.000000 34.852421 194.318619 12.340515 29.488434 0.175783
930.000000 0.324121 176.149872 17.876087 58.250763 0.172696
930.000000 81.861664 193.044586 13.063248 31.667938 0.159154
930.000000 441.139984 192.455322 14.041077 33.716736 0.155435
930.000000 472.053650 197.889343 11.554565 29.786072 0.130029
930.000000 502.554749 191.910095 12.178040 32.185455 0.123569
930.000000 424.948669 193.571289 9.538086 25.698975 0.123373
930.000000 87.249710 191.913498 14.453995 31.762787 0.122309
930.000000 54.362831 180.195419 13.327156 32.348572 0.115938
930.000000 0.262992 173.986923 9.807400 35.664307 0.111340
930.000000 51.218758 176.987518 21.254471 46.829529 0.098748
930.000000 66.700050 180.108078 13.116928 31.066315 0.089852
930.000000 115.175117 197.319550 9.423477 23.323242 0.085294
930.000000 38.866180 195.648743 13.209457 28.783752 0.077492
930.000000 29.243906 194.702469 12.330839 29.597748 0.075774
930.000000 98.255959 191.788452 10.600327 28.434784 0.068630
930.000000 486.164459 188.996826 12.675842 33.934235 0.065332
930.000000 457.674683 194.944458 12.776855 31.250977 0.059938
930.000000 436.107513 196.446945 9.680054 25.682526 0.051603
960.000000 553.228943 184.712097 21.787720 52.142487 0.892408
960.000000 498.674316 175.772064 22.187439 56.257660 0.699022
960.000000 472.413483 180.697144 17.272522 43.037689 0.519044
960.000000 546.608154 184.463806 20.853149 50.877625 0.378869
960.000000 606.697021 201.112167 11.819458 29.818939 0.367575
960.000000 79.647614 191.554932 13.013428 30.828430 0.358208
960.000000 503.267883 196.545807 14.430664 35.070831 0.326455
960.000000 56.722870 187.703110 11.944511 30.491974 0.252775
960.000000 439.765594 187.335648 13.410889 33.734894 0.235593
960.000000 443.887238 188.918823 11.111694 26.868988 0.209040
960.000000 569.345337 186.965424 18.044067 45.032196 0.190883
960.000000 451.856171 193.839035 11.335449 28.870239 0.153406
960.000000 566.306946 190.148376 12.786499 31.637878 0.141734
960.000000 74.640236 190.038879 12.634796 31.091095 0.115054
960.000000 426.789703 189.124207 12.593872 31.801605 0.091932
960.000000 48.447643 191.923691 11.175026 26.225311 0.081268
960.000000 556.686401 185.820282 15.379150 35.715546 0.075569
960.000000 84.488205 193.532944 12.322586 28.119446 0.073269
960.000000 622.888123 193.212128 14.015015 33.381989 0.064460
960.000000 547.172302 197.235641 12.294556 31.606476 0.063714
960.000000 572.934387 186.682938 11.388428 30.980713 0.051901
990.000000 506.014618 181.125153 19.176056 47.182404 0.977482
990.000000 449.974091 183.795410 14.866760 36.590179 0.657496
990.000000 34.570259 191.073349 12.785309 30.403259 0.546695
990.000000 70.266495 186.651016 13.091888 32.990814 0.420739
990.000000 472.968018 189.544662 16.724976 40.540527 0.284764
990.000000 567.521729 195.266479 17.377197 42.803131 0.244618
990.000000 28.037231 185.508759 10.304024 27.083588 0.241000
990.000000 47.891090 183.719070 12.125786 31.295349 0.226447
990.000000 64.598244 185.728973 13.656296 32.704163 0.213436
990.000000 38.906097 188.956390 12.770737 33.258667 0.212353
990.000000 410.552216 183.693085 12.545593 31.000916 0.199548
990.000000 582.351013 196.515411 15.038452 32.382324 0.180706
990.000000 31.343725 191.249847 11.371893 29.242676 0.129139
990.000000 511.198639 181.274841 12.097321 34.149170 0.126696
990.000000 21.089058 191.166809 12.130154 31.051056 0.118723
990.000000 43.007950 188.026535 11.369232 29.985168 0.091494
990.000000 613.770081 209.942261 14.197144 33.300873 0.090045
990.000000 475.461700 187.623474 12.125977 29.718323 0.076069
990.000000 127.859177 159.205475 15.963593 40.781921 0.075878
990.000000 575.151001 196.439529 19.010498 46.615387 0.074938
990.000000 487.243652 193.939575 14.739990 37.162140 0.071667
990.000000 553.985657 187.260544 15.215820 37.630859 0.060634
990.000000 7.737952 179.019089 15.409410 39.459076 0.059415
990.000000 59.527054 186.828156 13.378113 30.463379 0.057261
990.000000 523.841980 172.514832 15.867065 39.366608 0.050788
990.000000 557.671021 195.900818 16.744263 44.017365 0.050194
1020.000000 587.592041 175.443130 25.782715 63.043884 0.874912
1020.000000 484.125092 184.966980 17.717957 42.455536 0.787655
1020.000000 590.533203 194.952118 19.153198 41.673431 0.534881
1020.000000 526.809937 178.325943 15.085083 37.867706 0.377433
1020.000000 496.156281 187.044495 16.480499 41.129944 0.314723
1020.000000 505.112213 189.365952 15.732880 39.042023 0.259550
1020.000000 3.323413 202.497177 11.398085 26.323944 0.210166
1020.000000 433.889496 172.871216 14.941772 37.015350 0.206319
1020.000000 59.423100 174.026306 18.324139 44.050568 0.189347
1020.000000 467.262939 188.227707 16.012146 36.420685 0.169878
1020.000000 469.019806 177.821655 21.475464 49.663605 0.169656
1020.000000 429.307220 173.630432 22.441895 48.379852 0.136820
1020.000000 475.423950 182.769913 13.650757 32.133362 0.127116
1020.000000 430.798157 178.122757 12.319763 30.332275 0.116488
1020.000000 579.817566 176.420105 17.194702 40.814575 0.112927
1020.000000 25.139887 188.304611 12.275148 31.799591 0.109479
1020.000000 535.028625 179.377289 14.310425 34.182800 0.103839
1020.000000 556.657654 202.058990 17.882690 43.737579 0.101463
1020.000000 492.627899 187.715576 12.352051 30.888214 0.097372
1020.000000 482.719116 184.478607 13.514343 31.930756 0.079860
1020.000000 6.165810 193.939835 14.043655 32.262604 0.063609
1020.000000 0.000000 186.170456 9.445572 44.154633 0.059703
1020.000000 479.394592 196.353729 13.014709 30.582550 0.058673
1020.000000 624.580261 200.827713 14.249146 31.441559 0.057934
1020.000000 525.130371 175.091721 21.635864 55.030243 0.056665
1020.000000 505.525391 169.668137 21.013306 57.240356 0.056171
1020.000000 206.468643 191.528610 11.940094 27.480713 0.054516
1020.000000 237.017685 188.393768 11.703949 30.314575 0.052074
1020.000000 511.338623 176.489334 16.266602 39.028198 0.051924
1050.000000 577.304565 190.114502 19.281738 48.783508 0.840230
1050.000000 619.261536 197.241714 20.191406 55.158844 0.549703
1050.000000 442.697021 165.761078 22.624573 55.997559 0.526667
1050.000000 564.537964 199.716141 17.764893 40.185974 0.414249
1050.000000 541.962891 184.607605 16.018921 38.891022 0.379423
1050.000000 544.219971 184.020096 10.735962 23.937836 0.203608
1050.000000 446.760742 168.023575 15.718872 37.407440 0.155208
1050.000000 596.698425 184.682114 24.563477 55.672852 0.142615
1050.000000 576.838013 189.467850 14.229126 30.885864 0.129608
1050.000000 150.711716 191.963394 11.787109 28.967834 0.128502
1050.000000 621.729309 200.043457 14.152344 38.683899 0.117503
1050.000000 596.731384 201.921021 16.604614 39.498352 0.107050
1050.000000 49.296593 191.786057 11.754593 28.237671 0.084698
1050.000000 35.285614 203.076797 12.494186 29.147797 0.077058
1050.000000 535.402954 171.704468 14.053833 36.261200 0.069265
1050.000000 139.865906 192.519211 13.075287 31.631134 0.065793
1050.000000 146.990036 192.684616 11.060516 29.510254 0.056359
1050.000000 612.478638 206.270935 14.785034 31.760895 0.050792
1080.000000 12.748629 179.465729 13.554771 34.099792 0.296083
1080.000000 606.991760 188.762131 14.082764 33.072296 0.217469
1080.000000 627.574951 178.454865 12.276123 46.483917 0.173579
1080.000000 469.961914 186.882751 13.577393 35.741577 0.160803
1080.000000 19.321863 189.146469 15.518034 39.305145 0.122195
1080.000000 601.589600 191.279373 15.465332 31.364471 0.087883
1080.000000 40.682442 199.446579 13.096054 30.171570 0.079133
1080.000000 497.942322 25.310369 15.797363 38.470741 0.068079
1080.000000 465.345154 26.851959 13.099792 29.765732 0.064327
1080.000000 462.607635 27.564236 19.621826 46.884403 0.058368
1080.000000 58.647305 199.852676 11.716137 27.793976 0.057957
1110.000000 508.025757 171.465805 21.090698 54.144135 0.412269
1110.000000 579.999817 149.678604 17.747314 43.009979 0.242479
1110.000000 603.942261 149.031982 17.936646 45.931915 0.135625
1110.000000 19.461809 184.762863 12.403782 28.603333 0.104476
1110.000000 608.115173 150.795288 11.656494 30.190491 0.102840
1110.000000 512.624817 176.751816 15.626953 35.985016 0.095085
1110.000000 499.671417 154.955872 26.645599 70.565460 0.090531
1110.000000 371.005707 26.046970 13.859070 32.750717 0.085011
1110.000000 55.738583 178.590088 12.447041 30.810089 0.077152
1110.000000 9.378125 184.801270 11.917781 29.115540 0.074452
1110.000000 136.558823 186.714630 12.186188 29.432526 0.050475
1140.000000 588.911255 167.038986 30.237549 77.605347 0.967555
1140.000000 475.897247 180.240799 10.536682 24.724091 0.217548
1140.000000 72.513046 186.634308 12.916901 32.571533 0.192744
1140.000000 492.338501 168.689270 15.967712 37.596954 0.166416
1140.000000 109.087303 183.438202 12.066238 29.429901 0.150707
1140.000000 86.367691 181.751572 13.512650 33.490143 0.125749
1140.000000 534.816162 179.179138 21.505737 55.235168 0.097526
1140.000000 105.193764 184.477798 12.536880 31.365601 0.088781
1140.000000 581.017151 187.104797 21.797729 54.742035 0.084970
1140.000000 467.173157 172.159943 11.005310 29.681091 0.081271
1140.000000 11.804351 77.675186 18.432613 44.408508 0.077404
1140.000000 473.085571 177.850891 16.715271 43.196655 0.076458
1140.000000 594.122864 166.169937 15.374146 28.676300 0.063344
1140.000000 486.971985 163.745651 24.398804 61.672241 0.053608
1140.000000 537.609131 180.990433 13.882935 28.878662 0.050713
1170.000000 540.698486 176.058319 13.794678 34.243896 0.631114
1170.000000 511.802460 174.801529 12.866974 29.921783 0.553893
1170.000000 530.145691 175.358597 12.580811 30.612152 0.459053
1170.000000 524.654053 176.647934 14.983398 34.289368 0.378262
1170.000000 501.589874 37.119270 19.597321 45.632614 0.323719
1170.000000 497.641296 174.816711 12.989319 32.210754 0.192252
1170.000000 626.770386 0.070498 12.317017 26.211823 0.190389
1170.000000 546.093506 175.626343 13.428101 34.179596 0.174634
1170.000000 612.532593 169.441910 14.800171 37.719360 0.165105
1170.000000 509.328217 173.982162 18.128632 45.946930 0.159616
1170.000000 523.526794 175.298935 21.947632 48.853821 0.146024
1170.000000 524.430908 0.201274 13.531250 27.140919 0.134195
1170.000000 498.688568 181.617249 17.564056 43.293030 0.120278
1170.000000 457.037079 173.953217 12.678223 31.677429 0.100246
1170.000000 601.413757 0.124543 21.174072 29.514626 0.092315
1170.000000 466.908600 179.821381 13.686646 33.264587 0.089283
1170.000000 3.220834 159.245895 14.356345 35.069489 0.078076
1170.000000 66.217934 174.721283 13.552521 33.083801 0.072386
1170.000000 575.196045 175.071838 13.661621 33.700806 0.071565
1170.000000 581.835449 181.642975 22.948975 65.008911 0.071049
1170.000000 604.550049 173.229721 17.153320 40.188965 0.065136
1170.000000 591.831909 181.646851 13.161377 29.120361 0.059805
1170.000000 10.769745 172.030762 16.622997 38.065826 0.059532
1170.000000 489.451782 174.853821 14.167664 33.491241 0.059290
1170.000000 496.929993 0.115211 14.866028 29.463001 0.055687
1170.000000 540.149963 171.190369 21.553345 49.926178 0.050308
1170.000000 627.048035 172.404144 12.949097 45.759186 0.050102
1200.000000 599.880005 175.714951 26.291870 56.159210 0.559128
1200.000000 575.938843 176.790787 17.394897 39.480408 0.429753
1200.000000 608.448486 176.351700 17.521484 40.180786 0.403394
1200.000000 621.993958 172.551239 16.667603 47.924347 0.386133
1200.000000 570.603455 179.260590 26.731812 61.126312 0.366894
1200.000000 603.876526 176.747192 15.090576 38.942841 0.199545
1200.000000 587.871948 173.394135 41.340698 88.844727 0.187069
1200.000000 593.066101 171.662933 18.380371 44.265411 0.158010
1200.000000 623.859802 178.242981 11.883179 31.791901 0.129646
1200.000000 616.882141 172.592346 23.061890 80.701538 0.111776
1200.000000 96.821960 181.285263 12.281738 29.531128 0.098803
1200.000000 102.800087 181.292419 12.090927 30.174164 0.078876
1200.000000 539.073608 179.930206 11.153931 30.087128 0.073079
1200.000000 125.429947 176.565353 11.009430 27.126190 0.069891
1200.000000 585.857239 178.031601 28.569580 58.018921 0.058086
1230.000000 516.063354 185.621719 14.739014 33.602783 0.509735
1230.000000 541.115479 177.335526 16.726929 42.450012 0.394712
1230.000000 601.895508 176.072845 16.698608 40.830170 0.332175
1230.000000 614.586792 164.224503 25.254761 86.119263 0.283429
1230.000000 442.235962 170.134842 13.624634 34.789948 0.190284
1230.000000 119.082436 176.787476 10.954491 28.410065 0.178239
1230.000000 39.276409 182.685242 12.669754 30.748627 0.173295
1230.000000 84.822227 185.011230 10.588898 26.120850 0.165391
1230.000000 598.429810 173.868301 24.778076 63.132812 0.147713
1230.000000 50.422878 183.524780 11.546242 29.024750 0.112624
1230.000000 540.406250 181.788010 12.782349 28.608368 0.098539
1230.000000 89.091331 183.826019 12.633896 27.728607 0.080645
1230.000000 109.307945 178.910812 11.422470 30.168701 0.061056
1230.000000 46.750072 186.693375 13.117706 32.234467 0.050148
1260.000000 542.193542 184.993774 18.021729 41.796204 0.612510
1260.000000 113.600311 167.558960 12.689072 30.887970 0.118367
1260.000000 628.302673 189.583282 11.665405 45.516876 0.105912
1260.000000 451.559082 182.852966 15.364807 38.417389 0.092638
1260.000000 2.333430 192.780167 12.408226 30.594574 0.088634
1260.000000 437.741577 187.965057 17.476318 39.412567 0.064800
1260.000000 561.470947 187.734955 15.993286 38.641846 0.057532
1260.000000 603.936829 199.423370 15.037964 35.014771 0.055313
1290.000000 555.208252 206.035950 19.953979 46.350739 0.474046
1290.000000 467.129089 174.989838 17.456543 47.485870 0.128967
1290.000000 108.006554 174.640091 12.974197 32.563477 0.102106
1290.000000 553.381775 152.746826 24.948242 60.230042 0.083957
1290.000000 126.678932 186.964172 13.201988 33.096527 0.068445
1290.000000 543.559143 200.967438 18.067505 42.369781 0.067931
1290.000000 30.422968 119.796677 16.144369 39.003448 0.052089
1320.000000 481.824799 169.712677 24.689392 64.335602 0.550157
1320.000000 601.855347 193.108719 25.112549 55.260895 0.318083
1320.000000 35.276695 183.152771 10.822327 27.074280 0.285590
1320.000000 486.078094 169.156876 17.253174 43.025391 0.252282
1320.000000 46.968624 182.060165 13.129570 33.165283 0.221806
1320.000000 608.974060 195.453735 16.742188 37.155243 0.198081
1320.000000 595.264465 193.245667 16.798218 38.776428 0.134631
1320.000000 487.518677 168.878479 12.717651 29.088715 0.128713
1320.000000 605.687927 192.678986 14.527588 33.800507 0.116932
1320.000000 595.476990 192.224442 10.242676 25.282471 0.100643
1320.000000 621.437378 191.200180 13.079224 34.377594 0.094318
1320.000000 611.587830 192.703812 22.887573 54.974152 0.087317
1320.000000 499.627411 193.624557 17.140778 39.674072 0.085897
1320.000000 440.045868 193.081009 13.611389 33.054932 0.084719
1320.000000 598.630310 193.542801 10.359131 24.857117 0.076238
1320.000000 597.051758 192.396179 35.820190 83.660339 0.076131
1320.000000 503.707672 193.147476 11.959564 29.088623 0.067960
1320.000000 587.321716 192.351425 22.792358 52.717590 0.066029
1320.000000 520.992676 168.911224 27.498535 70.986633 0.065115
1320.000000 590.309509 191.869278 15.681519 36.218567 0.060712
1320.000000 391.070557 183.308594 12.778198 31.351166 0.060533
1350.000000 514.535339 158.272781 14.357422 36.132111 0.310016
1350.000000 4.201308 184.913208 17.530582 40.727661 0.286339
1350.000000 468.749207 185.603897 14.469360 35.503601 0.275806
1350.000000 18.008034 187.705200 13.800106 34.480896 0.090336
1350.000000 39.600082 180.247498 11.902138 29.492493 0.088433
1350.000000 105.882172 192.427307 10.257172 24.464020 0.051066
1380.000000 429.245331 179.285950 13.693909 33.036346 0.333204
1380.000000 405.854218 176.460495 13.765503 33.218872 0.150317
1380.000000 0.753809 0.514568 23.027683 51.726627 0.106712
1380.000000 426.223633 178.342758 19.926147 50.399689 0.068568
1380.000000 441.706970 179.641327 12.815796 32.905457 0.066955
1380.000000 547.957397 184.379669 14.206543 32.760284 0.066774
1380.000000 426.654816 181.139053 11.864258 26.974365 0.054864
1380.000000 17.927164 187.797638 13.128292 33.247437 0.052991
1380.000000 434.434204 181.044067 12.271423 29.329254 0.051262
1410.000000 592.065613 140.569687 29.737427 78.331238 0.463545
1410.000000 598.995850 140.441223 19.662354 45.796783 0.382872
1410.000000 0.000000 179.802536 10.280394 43.450134 0.191642
1410.000000 613.823853 145.268539 16.320557 34.454376 0.173548
1410.000000 50.716579 190.803482 11.129906 27.694916 0.171288
1410.000000 477.238342 186.691376 14.459167 33.867554 0.146725
1410.000000 20.688074 186.638000 13.246016 31.282593 0.140304
1410.000000 610.552185 144.133575 21.702393 52.915741 0.120684
1410.000000 67.469971 193.224136 11.980225 29.395050 0.108599
1410.000000 456.700500 189.479401 11.700806 29.656738 0.096056
1410.000000 576.545166 152.573669 19.194214 44.010193 0.087654
1410.000000 2.673855 197.095718 11.253447 32.523560 0.074552
1410.000000 16.121586 188.574692 13.736835 33.972595 0.072759
1410.000000 177.896347 178.616302 11.409332 28.541290 0.061661
1410.000000 569.668152 153.171387 28.320923 60.620087 0.053677
1410.000000 471.890076 183.799622 20.968506 49.316925 0.051614
1440.000000 486.280701 187.522202 11.404175 29.118286 0.491240
1440.000000 68.758179 173.887878 12.906021 31.648010 0.400884
1440.000000 46.942360 184.047424 11.034203 26.914642 0.262874
1440.000000 129.900665 176.474304 12.284332 29.264801 0.254661
1440.000000 554.466858 193.400238 19.095947 44.142578 0.182693
1440.000000 479.730804 170.452484 19.808289 47.101868 0.156448
1440.000000 0.000000 167.912842 11.488047 52.206543 0.147230
1440.000000 615.547485 94.731750 24.387695 94.061859 0.112954
1440.000000 557.620728 192.088440 13.967407 31.927704 0.109370
1440.000000 58.505436 172.889877 13.087376 33.226227 0.108668
1440.000000 530.767700 176.659042 14.446289 35.721954 0.106691
1440.000000 167.154892 177.093643 11.294769 28.864746 0.103865
1440.000000 20.202583 141.426392 16.724182 40.262634 0.092469
1440.000000 119.266327 164.323242 16.342712 41.359711 0.064412
1440.000000 421.131042 177.111923 19.172607 44.133331 0.063206
1440.000000 562.342834 190.734863 18.594116 43.816376 0.063137
1440.000000 1.690529 160.758301 16.261120 58.701721 0.060626
1440.000000 13.432684 144.758942 26.179712 76.871429 0.055835
1440.000000 175.954666 174.122559 12.666595 31.160095 0.055781
1440.000000 614.290466 68.974983 25.433960 185.323151 0.054953
1470.000000 160.207993 174.185684 12.868744 31.426300 0.294313
1470.000000 47.081181 170.249390 15.922401 40.083313 0.246361
1470.000000 612.116821 158.194458 16.869507 42.790131 0.125931
1470.000000 134.860291 175.528946 11.819763 29.610626 0.125618
1470.000000 532.180786 181.884674 13.139893 31.678467 0.120076
1470.000000 82.896866 173.516754 13.481110 32.586731 0.115302
1470.000000 173.454697 177.941315 10.945770 26.465118 0.094880
1470.000000 615.906982 186.167450 24.029907 83.028442 0.092056
1470.000000 0.000000 154.668060 12.884609 56.404510 0.090840
1470.000000 43.012127 188.469254 10.522842 23.897522 0.084256
1470.000000 87.857834 174.818359 13.598755 32.462830 0.068691
1470.000000 528.152710 185.085480 15.475098 37.513275 0.061905
1470.000000 511.540985 173.970825 18.788116 45.299683 0.060093
1470.000000 570.325623 176.047119 36.599854 86.973785 0.055735
1470.000000 57.180824 173.600372 13.119316 33.337524 0.052237
1500.000000 41.997589 162.838089 15.773293 37.622803 0.578711
1500.000000 14.445191 167.307098 17.868603 43.282104 0.355460
1500.000000 117.753891 172.837341 12.895691 33.069427 0.339948
1500.000000 128.287766 174.612946 11.901550 29.919800 0.250071
1500.000000 31.128611 165.372177 15.514601 38.286804 0.228454
1500.000000 481.723511 180.778107 14.676453 35.204987 0.141122
1500.000000 104.009171 175.368439 11.246887 26.560638 0.130334
1500.000000 480.032013 178.309509 20.731506 51.854858 0.127414
1500.000000 483.189819 172.059937 28.006592 68.485443 0.103945
1500.000000 256.303406 171.709808 14.082336 32.825928 0.080257
1500.000000 489.811615 171.897400 18.937927 47.322327 0.080104
1500.000000 29.388798 174.807220 13.061897 32.888336 0.077800
1500.000000 66.905891 166.751022 15.328964 38.132446 0.075210
1500.000000 27.543545 182.089462 10.805794 27.839935 0.065726
1500.000000 71.612892 172.185898 13.630188 33.830627 0.056445
1500.000000 553.648560 164.062439 21.371582 53.902496 0.054945
1500.000000 21.636238 171.816437 14.626831 36.555450 0.054258
1500.000000 87.146393 153.381729 16.716095 40.033447 0.050734
1500.000000 44.809525 174.753479 13.483047 35.973572 0.050221
1530.000000 565.256653 161.570862 24.841431 60.296143 0.629484
1530.000000 406.080719 188.069504 11.314026 29.410248 0.227634
1530.000000 542.380310 156.440918 24.172363 56.501526 0.197499
1530.000000 321.640198 115.138321 21.745361 50.913055 0.191893
1530.000000 290.547058 120.299782 14.709717 34.191078 0.162593
1530.000000 570.094421 162.074295 18.018311 40.527222 0.149130
1530.000000 161.676376 173.986542 11.689606 30.357391 0.142075
1530.000000 595.027954 148.601425 30.660889 63.864349 0.127430
1530.000000 602.491577 149.362656 14.280884 36.240997 0.122823
1530.000000 550.817261 166.428986 21.152466 47.912872 0.102832
1530.000000 559.373413 160.607712 34.024536 89.845856 0.094290
1530.000000 427.522186 172.140945 15.434937 34.048523 0.091043
1530.000000 436.528900 191.388580 11.720825 28.786255 0.082908
1530.000000 287.483795 120.103401 20.820251 49.659584 0.082121
1530.000000 555.594177 164.118011 13.447754 32.239441 0.078292
1530.000000 326.000854 114.752602 15.645630 35.334587 0.072898
1530.000000 173.848267 173.197281 11.683960 27.687958 0.058191
1530.000000 530.353516 164.648331 18.036377 44.704102 0.050956
1560.000000 34.377842 170.087616 15.825752 39.182373 0.531713
1560.000000 412.890350 184.386948 13.205872 33.000427 0.311606
1560.000000 22.046761 166.349503 14.703079 41.042816 0.237648
1560.000000 587.455566 157.944351 17.332642 39.725739 0.236635
1560.000000 135.995270 172.626999 13.289948 32.641510 0.193504
1560.000000 99.635300 172.143173 11.008041 27.090057 0.150921
1560.000000 5.248539 170.511200 14.168022 33.338745 0.145828
1560.000000 41.448616 166.211426 16.185921 40.729797 0.138663
1560.000000 495.352081 185.629822 15.775757 37.344238 0.125507
1560.000000 603.309631 175.644287 18.330444 43.836060 0.110850
1560.000000 28.671242 173.230408 14.827377 37.418793 0.094888
1560.000000 582.825073 162.900604 11.553833 29.012451 0.090611
1560.000000 452.700653 196.334961 14.044006 32.831207 0.071582
1560.000000 152.358719 175.206894 12.182922 28.984497 0.069258
1560.000000 110.224594 170.534164 11.519638 29.319031 0.065870
1560.000000 582.331665 155.315460 25.921265 62.826660 0.062116
1560.000000 20.008984 164.639420 13.098972 31.346436 0.054193
1560.000000 449.579620 188.802307 11.898743 27.392578 0.053037
1560.000000 513.566589 184.404037 17.490234 47.867737 0.052748
1590.000000 7.776514 159.005356 19.643730 49.152985 0.622494
1590.000000 414.845337 184.749237 14.158875 33.567657 0.321738
1590.000000 507.019043 183.022644 13.974243 34.198395 0.220138
1590.000000 150.602890 176.120361 10.699402 27.471039 0.217884
1590.000000 420.723816 183.415802 10.334595 25.591156 0.158615
1590.000000 591.264099 161.059586 14.274658 33.443665 0.124550
1590.000000 588.461792 164.415009 18.732910 45.026642 0.105583
1590.000000 501.740509 184.628601 15.723663 38.709717 0.098460
1590.000000 582.579041 159.740265 9.781982 24.992432 0.087356
1590.000000 12.413684 157.483246 14.990617 33.697449 0.087038
1590.000000 88.849503 176.856354 11.455078 28.127563 0.085655
1590.000000 598.686157 150.564102 24.714111 64.504639 0.084190
1590.000000 518.568909 184.385452 13.508667 32.546814 0.079365
1590.000000 501.066772 182.183197 23.319702 53.487427 0.078597
1590.000000 483.852142 187.481827 12.433716 30.359467 0.078089
1590.000000 613.814697 179.647995 17.922974 43.045502 0.073351
1590.000000 447.133698 172.954132 10.782043 27.276123 0.071393
1590.000000 575.223999 159.179398 11.797852 28.807648 0.056760
1590.000000 142.973114 172.618958 11.202667 26.635040 0.055992
1590.000000 512.157471 183.941895 17.888916 43.873260 0.055292
1590.000000 554.659790 178.657700 15.608643 35.646301 0.052650
1620.000000 516.684875 185.665115 13.668701 33.400818 0.358809
1620.000000 411.131775 184.618317 13.090393 31.154114 0.257966
1620.000000 527.111633 178.367203 13.250366 29.063171 0.210150
1620.000000 612.265381 181.743378 13.091553 30.779388 0.205304
1620.000000 544.126892 189.325684 12.993896 34.548523 0.186625
1620.000000 538.590088 187.884567 20.718140 48.643707 0.155628
1620.000000 0.534849 172.161240 10.482565 38.579010 0.136756
1620.000000 563.658081 182.546707 16.757324 39.897369 0.116965
1620.000000 79.763512 177.722534 11.305832 27.054199 0.109696
1620.000000 533.187134 189.520874 12.740723 30.827515 0.101645
1620.000000 530.388367 187.488556 17.992554 44.215332 0.095334
1620.000000 449.954285 169.928345 13.578003 30.905945 0.080682
1620.000000 525.298157 198.690018 13.864258 33.903259 0.070260
1620.000000 608.522888 179.040604 18.574097 45.601288 0.070109
1620.000000 445.731262 171.413818 12.110962 29.492432 0.068140
1620.000000 612.157471 156.067261 14.746338 34.342285 0.061200
1650.000000 526.310669 183.685822 12.292969 31.324677 0.712110
1650.000000 563.914612 188.884811 19.296875 48.796722 0.273421
1650.000000 400.326324 184.943344 11.515442 30.290527 0.159768
1650.000000 550.771423 179.347137 16.161011 38.875366 0.153083
1650.000000 568.690430 182.592834 27.875122 57.584869 0.147663
1650.000000 212.381393 93.657623 16.554352 36.053223 0.139864
1650.000000 512.361450 182.092911 11.126221 27.129120 0.139452
1650.000000 481.718262 194.860641 14.491211 34.609131 0.121404
1650.000000 445.315308 170.344193 12.511841 31.322937 0.119125
1650.000000 571.210388 180.615494 17.306641 40.398956 0.099223
1650.000000 522.414734 168.461472 18.666748 46.626984 0.088320
1650.000000 70.594963 194.739761 13.291214 30.238861 0.086227
1650.000000 451.338104 183.817734 10.752869 25.897217 0.077792
1650.000000 210.374161 92.160797 22.443359 54.695175 0.075788
1650.000000 532.674255 177.895401 13.249268 31.834625 0.070357
1650.000000 585.415710 191.485840 13.046143 32.853455 0.053991
1650.000000 559.776306 183.592606 32.077759 73.920761 0.053289
1680.000000 532.401855 181.151505 12.743164 33.892365 0.730296
1680.000000 539.945435 179.638229 11.906860 30.528473 0.665752
1680.000000 445.926178 168.347610 12.839478 32.375244 0.317452
1680.000000 75.622040 169.316986 14.638306 38.180695 0.204469
1680.000000 101.539352 149.109100 12.348755 28.043304 0.179966
1680.000000 92.550308 159.777679 15.188461 39.832489 0.151051
1680.000000 435.788727 168.392136 12.607910 30.108002 0.070246
1680.000000 492.731750 203.876144 11.751343 26.508911 0.058039
1680.000000 595.305420 194.234039 22.791992 51.637970 0.055390
1680.000000 491.334686 186.516144 16.461731 42.682739 0.051268
1710.000000 568.605957 173.281464 21.538574 52.007019 0.963781
1710.000000 527.896606 182.031143 13.327759 33.405640 0.815102
1710.000000 490.078552 201.737823 13.395569 32.502716 0.426564
1710.000000 459.314667 183.459915 10.888733 26.469086 0.388794
1710.000000 405.485107 182.460678 9.470703 23.411652 0.368978
1710.000000 84.188454 150.916794 15.091019 36.778259 0.297928
1710.000000 535.982666 181.122528 11.853271 28.329468 0.211616
1710.000000 397.771759 179.670593 10.583008 25.226624 0.144560
1710.000000 419.359802 185.881302 11.613892 26.559937 0.142100
1710.000000 47.620808 176.522064 11.928017 29.999969 0.086677
1710.000000 541.623962 175.053375 14.168335 33.177917 0.081584
1710.000000 143.675003 177.556946 12.566711 31.532837 0.072301
1710.000000 4.545135 167.548523 15.142252 40.437531 0.071846
1710.000000 437.664948 168.275085 13.173401 31.871704 0.071464
1710.000000 619.224854 163.596924 18.789429 56.887024 0.068982
1710.000000 565.991333 175.654358 15.919678 38.394165 0.068850
1710.000000 443.621368 175.443756 11.134338 26.079346 0.066318
1710.000000 518.160767 170.590027 13.019897 30.158447 0.062090
1710.000000 55.234341 170.278961 13.666119 32.651703 0.053623
1710.000000 570.506226 171.802139 14.357178 34.090912 0.053123
1710.000000 79.673325 151.327988 14.263092 34.924744 0.051975
1740.000000 528.791382 173.345093 22.170532 54.839661 0.988060
1740.000000 409.367371 179.200180 15.002075 33.632019 0.850564
1740.000000 601.235657 180.892761 16.961792 42.262695 0.807435
1740.000000 585.972961 183.958435 16.817627 39.789764 0.801709
1740.000000 592.461975 177.933563 17.659790 45.969666 0.775793
1740.000000 503.873169 181.128021 14.770569 34.258911 0.733684
1740.000000 611.632751 181.386078 16.065186 41.483276 0.714574
1740.000000 494.051605 160.292099 17.977875 41.811218 0.683275
1740.000000 515.380188 166.331207 18.081055 43.578186 0.583044
1740.000000 28.564770 168.411407 15.319778 39.605957 0.399592
1740.000000 585.387451 182.679611 12.338989 29.648773 0.356424
1740.000000 595.995361 176.883484 12.119385 29.602478 0.330861
1740.000000 604.897827 180.141525 12.414307 29.287445 0.240067
1740.000000 464.689514 175.074097 23.236877 60.675354 0.238673
1740.000000 470.351196 178.370453 12.853271 29.069611 0.191698
1740.000000 610.407898 137.392151 13.303955 30.500946 0.185273
1740.000000 599.690552 178.925278 12.370850 28.665375 0.155461
1740.000000 580.239929 180.465408 13.917847 31.189850 0.114425
1740.000000 534.625000 174.866959 13.520752 29.408264 0.104389
1740.000000 413.016144 167.075134 13.084351 33.144531 0.103798
1740.000000 97.727150 181.823563 12.473572 32.742554 0.101091
1740.000000 540.005981 175.990906 13.372925 29.470764 0.085151
1740.000000 497.966400 160.910965 19.835785 55.693878 0.076274
1740.000000 18.911251 176.660904 13.774967 33.393372 0.066137
1740.000000 485.803833 161.960968 17.835022 41.554596 0.057245
1740.000000 618.185059 181.708282 16.573975 43.166351 0.056586
1770.000000 581.423706 175.790878 20.196289 48.955688 0.953908
1770.000000 485.824463 163.886292 26.562500 65.257172 0.936072
1770.000000 563.221436 181.516556 18.936523 43.547516 0.925944
1770.000000 545.588867 184.458694 17.437256 40.127777 0.843599
1770.000000 550.323608 180.159470 18.997437 44.344696 0.718412
1770.000000 589.633362 176.805084 19.004272 47.290497 0.643446
1770.000000 569.504578 175.411041 20.371094 47.987885 0.641491
1770.000000 359.592377 176.568924 12.790710 31.597015 0.470513
1770.000000 604.506836 177.574997 15.353149 36.845184 0.288857
1770.000000 625.304932 183.894485 12.506226 37.389526 0.201308
1770.000000 554.638245 168.919403 18.488525 45.282654 0.158205
1770.000000 339.781464 175.064148 11.753723 29.529877 0.141856
1770.000000 554.561401 179.662659 12.626953 28.358398 0.136007
1770.000000 485.068054 168.105652 13.820007 31.613129 0.132229
1770.000000 579.160889 180.703217 14.564087 38.936829 0.116853
1770.000000 546.693604 152.344254 28.116821 69.779144 0.104369
1770.000000 414.755981 175.229980 13.951904 34.104523 0.101310
1770.000000 472.372986 159.808243 18.571716 42.527191 0.087342
1770.000000 623.693481 182.333374 11.220459 27.274872 0.078683
1770.000000 463.536957 154.850006 20.662781 48.375763 0.075632
1770.000000 439.918335 177.261353 26.261902 58.962738 0.068718
1770.000000 443.205078 200.696930 16.287781 35.065796 0.065235
1770.000000 575.140747 175.298935 12.996582 32.440033 0.056186
1770.000000 624.704224 178.361572 14.784424 65.420288 0.056168
1770.000000 455.520233 157.471436 18.769409 42.819336 0.051292
1800.000000 522.280334 167.274200 21.490356 56.838196 0.963819
1800.000000 503.890167 172.008255 21.491791 52.076385 0.914125
1800.000000 485.543365 172.793106 21.920105 52.096771 0.909587
1800.000000 512.582153 170.967606 21.473389 51.986237 0.818669
1800.000000 479.894745 179.738220 19.866699 44.363495 0.762921
1800.000000 494.181183 178.295456 18.498322 46.876465 0.522402
1800.000000 419.508484 169.701614 16.952332 45.859039 0.377259
1800.000000 418.500580 167.990143 12.180298 31.760620 0.324878
1800.000000 431.005737 158.328613 16.181946 37.288330 0.294845
1800.000000 526.942688 183.189407 15.723145 38.361511 0.269748
1800.000000 422.627289 168.715057 12.244568 31.301025 0.226915
1800.000000 384.102905 184.266556 22.359253 53.356049 0.222759
1800.000000 613.664062 179.069122 13.277222 27.798798 0.165468
1800.000000 513.238892 174.971924 11.622192 30.550354 0.090392
1800.000000 508.285492 174.143158 13.767609 38.258728 0.089048
1800.000000 495.650208 176.300583 13.861633 33.824219 0.064883
1800.000000 388.082001 182.916489 16.539124 33.731262 0.058895
1800.000000 500.560822 178.594620 11.579376 30.667328 0.058638
1800.000000 612.222717 177.068375 16.055786 46.975983 0.053097
1830.000000 463.632935 166.430496 23.711731 60.411469 0.983276
1830.000000 415.512726 175.485611 22.092590 54.489563 0.979162
1830.000000 312.615906 160.809280 32.204712 79.705444 0.953368
1830.000000 429.952545 166.263489 25.071716 62.682068 0.900509
1830.000000 438.750854 166.383423 23.394592 60.549835 0.774189
1830.000000 361.771210 159.195450 19.283142 44.118988 0.675625
1830.000000 127.705673 179.907043 13.830139 31.319061 0.527023
1830.000000 360.639191 173.599213 11.713257 29.702545 0.387482
1830.000000 235.775452 174.705963 16.511261 39.030640 0.357729
1830.000000 450.937500 166.495453 23.111145 60.483795 0.306190
1830.000000 326.828156 167.105408 15.528259 36.358093 0.300220
1830.000000 469.379364 126.492821 12.577026 29.897545 0.276998
1830.000000 216.015869 181.254349 13.337280 32.221588 0.208817
1830.000000 332.016998 160.789139 16.730652 42.022064 0.203255
1830.000000 137.431839 174.471313 13.951721 34.522888 0.171803
1830.000000 432.630157 187.448929 17.387451 41.230927 0.123482
1830.000000 183.319794 185.425812 11.657349 30.006287 0.121510
1830.000000 236.047073 175.236267 11.695953 26.321625 0.120380
1830.000000 433.716461 170.247421 15.386169 37.242432 0.100850
1830.000000 104.108215 185.761261 14.882477 35.935455 0.094961
1830.000000 527.829590 139.136917 16.793945 41.529480 0.084930
1830.000000 0.000000 0.000000 114.219521 446.225891 0.084526
1830.000000 352.154999 173.153992 21.223572 51.864624 0.078708
1830.000000 317.491455 159.270355 22.265625 51.874298 0.070572
1830.000000 353.579712 176.786758 11.220154 26.097229 0.069439
1830.000000 415.128326 177.397293 13.677307 29.401031 0.067827
1830.000000 461.427917 167.065323 17.761047 42.397797 0.057759
1830.000000 445.262939 170.410172 12.768860 32.732422 0.051878
1830.000000 443.148956 137.189545 15.214417 36.225525 0.051764
