30.000000 430.739227 173.679352 19.550171 47.936707 0.876738
30.000000 367.824158 171.902420 18.108215 42.817902 0.504529
30.000000 124.204620 190.498062 11.049988 26.467621 0.363988
30.000000 371.206329 171.966843 11.759155 31.554657 0.260546
30.000000 506.841797 136.325455 23.583374 54.309723 0.228835
30.000000 0.044219 191.725922 14.376640 39.666443 0.204771
30.000000 539.243774 134.441391 27.990967 73.276093 0.175082
30.000000 402.250610 82.403923 18.194275 40.313416 0.120522
30.000000 433.164001 174.685287 13.510986 30.810974 0.118730
30.000000 186.955444 182.802643 11.532654 29.380371 0.086927
30.000000 410.913513 78.004623 27.189209 63.528595 0.079495
30.000000 180.841187 183.127228 12.090698 29.488251 0.076118
30.000000 511.399414 140.784531 14.675903 35.801727 0.053878
30.000000 192.505249 183.584412 10.783844 27.024628 0.052505
60.000000 468.557129 162.761902 24.301819 57.405518 0.967401
60.000000 611.868652 89.159370 24.531006 82.244835 0.503739
60.000000 107.336411 184.263702 12.686508 30.408508 0.353055
60.000000 608.551880 102.940140 20.308838 51.539429 0.245247
60.000000 376.440430 168.055588 16.236877 39.221924 0.222746
60.000000 143.555084 176.334946 14.030457 35.212738 0.180810
60.000000 613.426331 83.245781 25.658447 142.561371 0.149448
60.000000 563.676575 115.754913 17.691772 41.858978 0.127963
60.000000 551.379700 147.285187 13.858765 28.699615 0.120847
60.000000 571.228760 151.001907 13.417114 29.205475 0.118801
60.000000 558.460022 113.943176 27.720093 67.829559 0.109865
60.000000 552.608887 114.428589 15.675049 36.019714 0.102880
60.000000 72.388573 73.024826 13.840958 31.006927 0.099241
60.000000 619.628845 89.746460 15.318359 43.554855 0.096739
60.000000 562.456116 115.062317 13.016479 31.122650 0.086467
60.000000 548.125366 147.143829 19.327393 47.287964 0.083615
60.000000 113.790855 180.211151 11.849701 30.862640 0.079237
60.000000 548.827759 131.936340 20.026367 48.945862 0.073974
60.000000 471.219940 158.467712 18.186768 40.252594 0.073462
60.000000 124.136292 181.490829 12.950745 32.568268 0.073272
60.000000 622.089966 103.027695 17.757690 61.287170 0.055968
60.000000 546.721802 113.010971 28.393066 71.409088 0.055658
60.000000 61.060642 70.974838 14.572681 31.804077 0.052061
60.000000 547.261292 154.729294 11.470581 29.135773 0.051812
90.000000 353.974121 160.906647 29.573425 73.055664 0.981095
90.000000 502.155731 159.479980 18.447479 41.560028 0.378741
90.000000 527.334351 138.378922 20.291260 52.374969 0.146351
90.000000 411.649323 185.933426 16.767639 35.939972 0.113006
90.000000 362.340179 147.861862 18.513000 39.365601 0.074229
120.000000 91.091087 137.061401 31.900436 74.766693 0.368895
120.000000 89.785370 130.941681 44.333069 112.262878 0.216322
120.000000 58.410275 163.788940 26.529606 62.235321 0.114890
150.000000 439.844482 128.010101 65.138184 157.645020 0.882752
150.000000 118.233124 171.150772 28.992950 66.634857 0.662136
150.000000 576.722290 178.787201 14.617188 34.000885 0.281948
150.000000 129.295639 175.339508 18.345856 44.637238 0.182897
150.000000 182.419937 154.280960 18.184113 42.155426 0.117682
150.000000 572.772461 94.583206 19.942261 51.343414 0.066981
150.000000 577.022705 80.135208 30.438599 70.845673 0.054684
180.000000 197.600204 121.820724 15.002197 35.620148 0.330566
180.000000 229.681854 104.990608 18.771484 46.216850 0.200199
180.000000 152.496857 117.663284 13.596252 32.914154 0.183882
180.000000 95.926064 92.445755 14.992737 36.210587 0.177684
180.000000 162.705627 112.987549 13.686249 31.630127 0.100620
180.000000 50.236992 134.896088 18.417892 42.010803 0.053042
180.000000 266.121918 198.931229 12.532532 28.309540 0.051700
210.000000 54.486824 132.075897 11.658218 28.048126 0.199560
210.000000 46.200809 135.644379 11.498840 27.838837 0.078643
210.000000 538.579163 180.146210 13.288330 33.142792 0.070806
240.000000 80.649338 210.530823 10.946671 27.132538 0.197503
240.000000 463.778503 199.515076 11.637207 26.518921 0.172473
240.000000 450.565918 201.741638 9.645874 24.584839 0.103312
240.000000 51.226925 200.627869 15.227566 38.038330 0.096463
240.000000 445.618347 202.676102 9.603333 23.738312 0.093845
240.000000 478.809113 200.237381 11.293335 26.990356 0.076415
240.000000 591.438354 196.792908 12.725342 29.969543 0.067311
240.000000 108.740219 201.520294 14.598999 34.153412 0.060486
240.000000 467.951599 198.929764 10.924744 26.776001 0.057225
270.000000 490.612061 197.710541 12.081055 28.192200 0.564553
270.000000 428.551514 194.073166 12.261230 31.499420 0.348488
270.000000 496.954010 197.305466 12.286316 28.782501 0.282789
270.000000 508.239014 190.182739 13.669922 35.300537 0.210546
270.000000 520.507568 189.048401 13.423706 33.437500 0.187663
270.000000 17.160973 205.415344 14.107361 33.713135 0.138877
270.000000 83.496765 197.221741 13.194733 32.074066 0.135384
270.000000 586.699890 187.761185 18.186035 44.179169 0.121768
270.000000 27.012760 194.405792 14.502724 32.665405 0.118463
270.000000 94.198776 185.416916 13.120346 31.985016 0.110132
270.000000 78.151871 197.020172 14.942398 34.302704 0.096654
270.000000 435.292877 192.600449 9.274597 23.620911 0.062830
300.000000 571.843262 179.388977 19.396362 47.500671 0.825820
300.000000 554.575928 186.887848 15.620239 37.338043 0.758551
300.000000 30.399014 197.974930 18.065567 42.915955 0.757842
300.000000 9.646673 191.720963 19.083256 49.351837 0.623941
300.000000 564.912415 185.787811 14.130859 35.016083 0.581318
300.000000 548.879639 189.667847 10.114990 24.916168 0.375982
300.000000 457.370453 189.575943 10.862610 25.400024 0.370589
300.000000 580.422668 180.008423 15.238037 37.205658 0.282636
300.000000 533.682922 191.512451 16.506348 39.391266 0.276536
300.000000 589.919312 187.887146 13.925781 34.854584 0.267594
300.000000 543.016235 185.767456 21.150269 51.726135 0.172385
300.000000 483.512238 184.379120 11.049622 26.736328 0.166978
300.000000 438.491302 187.138016 11.670959 27.884308 0.163818
300.000000 545.163147 209.550171 14.539429 29.572357 0.137150
300.000000 127.882912 196.970840 12.392937 31.233124 0.133854
300.000000 569.113098 182.723328 12.430664 30.951996 0.132305
300.000000 586.741089 188.476379 12.060913 30.481873 0.121178
300.000000 573.304016 178.910858 14.730713 31.834778 0.114358
300.000000 466.468597 185.143875 11.095825 28.586823 0.097734
300.000000 561.620667 184.586182 12.135254 29.219238 0.091029
300.000000 39.814690 200.735397 15.603973 36.208527 0.085620
300.000000 527.234924 185.099319 13.049561 31.690643 0.076661
300.000000 574.667908 195.682571 13.119507 32.073853 0.076240
300.000000 400.414093 191.395981 12.339417 32.108917 0.071797
300.000000 456.032471 189.204559 15.111938 37.286255 0.065256
300.000000 594.745972 165.526993 26.265259 60.786926 0.054795
300.000000 551.139221 169.438477 21.974243 55.480743 0.054156
300.000000 176.003723 198.739700 11.666595 29.738159 0.052685
330.000000 487.559204 189.411331 13.190491 29.872925 0.602746
330.000000 614.452759 179.986511 13.773804 33.394135 0.413747
330.000000 478.915344 190.359085 10.328003 27.160950 0.409794
330.000000 457.731842 190.098526 13.483459 32.428406 0.283674
330.000000 541.289185 188.917496 13.495728 33.441803 0.242173
330.000000 564.798706 188.489746 11.614868 27.814209 0.210744
330.000000 613.106140 182.146790 18.254395 45.670197 0.187094
330.000000 537.699524 190.733032 12.611816 28.923340 0.147249
330.000000 475.048035 191.172852 9.979126 26.324280 0.132341
330.000000 513.212097 187.656555 12.306274 31.202698 0.116445
330.000000 73.492516 190.196350 12.739594 31.797577 0.113443
330.000000 406.475983 179.206497 12.559204 31.261047 0.094006
330.000000 501.310150 183.073044 11.485138 31.527588 0.093974
330.000000 59.049610 190.249496 14.283482 36.042389 0.070876
330.000000 510.213013 186.936752 11.272827 29.203003 0.070830
330.000000 625.001892 184.480057 13.221924 33.603455 0.070483
330.000000 210.566940 184.242920 11.361481 27.775818 0.070075
330.000000 532.859253 192.404388 12.482422 27.148621 0.068796
330.000000 545.816650 188.961121 13.634521 32.740814 0.064120
330.000000 492.775391 189.907669 11.006226 26.911469 0.056866
330.000000 35.735279 186.186249 13.535622 33.216797 0.055570
330.000000 231.003708 186.874069 12.539795 30.372528 0.051085
360.000000 532.319824 178.825760 16.716675 39.335144 0.781602
360.000000 545.128845 174.538925 16.172241 40.592926 0.729217
360.000000 5.359031 186.097168 13.827458 34.077362 0.539841
360.000000 490.814331 185.025055 17.329712 41.010315 0.427251
360.000000 502.401672 183.102219 10.903198 30.241974 0.357320
360.000000 496.052399 185.766251 10.795349 30.363068 0.342534
360.000000 528.159851 175.447388 13.333130 34.370789 0.230670
360.000000 468.957520 180.621948 13.730591 33.344879 0.218503
360.000000 537.150391 171.901367 20.526489 51.952972 0.200485
360.000000 542.934937 175.198654 12.669067 33.961853 0.180641
360.000000 516.325684 184.749100 12.129639 29.217346 0.167561
360.000000 614.627747 184.345123 11.091431 25.903168 0.156396
360.000000 509.231232 181.855820 11.799408 30.614563 0.136496
360.000000 564.541138 175.155884 15.696045 36.357147 0.131103
360.000000 549.757080 174.551865 12.366211 28.404327 0.124769
360.000000 0.722402 185.367737 14.198891 36.840790 0.111421
360.000000 491.399323 185.238144 11.728882 27.490143 0.097135
360.000000 591.365662 182.868439 10.784058 27.885101 0.093081
360.000000 44.025635 176.514862 15.723457 38.663849 0.064253
360.000000 609.575806 184.911621 15.003174 33.809692 0.062904
360.000000 485.399048 184.065109 15.499023 35.369019 0.060891
360.000000 91.317909 174.586212 13.396744 34.135223 0.056564
360.000000 497.598328 182.471481 18.023865 45.191071 0.054736
360.000000 583.831482 184.974930 14.926758 34.001892 0.053078
390.000000 624.591492 161.702637 14.241089 37.325836 0.724800
390.000000 576.250732 152.780045 27.235840 60.147583 0.590372
390.000000 621.322144 159.262756 18.343262 58.142029 0.408065
390.000000 580.381042 153.991226 18.856079 40.427643 0.281203
390.000000 558.013184 153.219391 18.134888 43.552887 0.105344
390.000000 613.446594 176.102356 13.050171 29.302856 0.072668
390.000000 113.849289 168.762039 12.949707 30.802399 0.065726
390.000000 620.843018 162.256012 13.670166 32.286255 0.065698
390.000000 553.595642 149.791763 24.724487 65.062714 0.057657
390.000000 474.083771 152.269714 18.578247 44.438324 0.050336
420.000000 586.285461 146.362305 24.592041 56.524872 0.461759
420.000000 563.478516 141.339844 28.917480 66.623322 0.185271
420.000000 578.852051 145.177078 38.189209 76.638580 0.174534
420.000000 24.536354 196.807587 20.971069 52.061798 0.142826
420.000000 590.453796 146.109711 16.545044 37.530243 0.103955
420.000000 567.289062 142.519592 20.052979 45.793152 0.093497
420.000000 75.221100 194.335495 16.310928 42.105438 0.092117
420.000000 500.449005 168.412842 15.053558 36.445496 0.085875
420.000000 356.836792 171.690735 12.723999 28.882233 0.076499
420.000000 0.000000 187.058151 14.217665 69.547226 0.062495
420.000000 577.022827 146.409760 26.483276 58.684448 0.060959
450.000000 592.319519 173.910278 20.045532 49.207703 0.893495
450.000000 616.704224 165.777588 21.093872 55.724152 0.626417
450.000000 6.511242 148.670242 17.010126 39.464813 0.291384
450.000000 588.450623 178.161591 17.094727 40.774353 0.200250
450.000000 37.045547 167.688629 13.895157 35.989594 0.188948
450.000000 607.061829 186.060486 16.853760 38.684631 0.188892
450.000000 208.373047 163.502502 13.742218 32.089050 0.179245
450.000000 475.147308 179.503967 16.105835 39.075073 0.111968
450.000000 4.141017 146.405136 24.014481 64.590576 0.097172
450.000000 33.717072 166.202927 19.869980 52.244965 0.075490
450.000000 623.913330 167.505905 15.980835 67.885132 0.061072
450.000000 481.815948 191.155670 10.710205 25.100006 0.059737
480.000000 42.443985 199.991455 16.517685 39.343353 0.584697
480.000000 80.916122 195.622421 14.614136 36.744202 0.387104
480.000000 61.929028 191.520187 13.623692 32.699982 0.379824
480.000000 467.809082 174.502029 17.519897 41.732025 0.283027
480.000000 13.208910 199.353729 16.756302 31.351074 0.247695
480.000000 90.028152 188.913818 12.584549 30.428162 0.128489
480.000000 470.462463 173.461838 11.995789 30.390686 0.106335
480.000000 530.269104 200.527359 13.180908 31.004730 0.095721
480.000000 96.515518 197.804291 12.632248 30.991425 0.088172
480.000000 609.732300 178.796799 14.357056 36.175964 0.067976
480.000000 474.262817 179.531601 14.129822 37.303375 0.065716
480.000000 573.164612 177.165115 16.523193 42.330322 0.050968
510.000000 19.189369 198.873962 19.251728 44.464661 0.833436
510.000000 510.088745 170.082321 23.162842 55.955841 0.714071
510.000000 506.264374 170.586533 19.670135 46.294922 0.318096
510.000000 588.654419 171.187805 15.119995 35.612457 0.134544
510.000000 376.504822 178.569611 12.855957 32.403015 0.121600
510.000000 497.491425 172.851562 17.725372 43.078186 0.090738
510.000000 514.244568 169.664185 15.512451 34.818848 0.073874
510.000000 186.581833 157.663025 14.255432 33.896484 0.068742
510.000000 442.581024 171.419891 14.646912 34.040771 0.063355
510.000000 510.692993 171.358902 12.125610 33.628662 0.059673
510.000000 348.686798 178.779572 13.843689 32.016510 0.055610
510.000000 346.063202 179.848663 19.033936 47.483368 0.054202
540.000000 553.763611 160.799194 28.614624 74.647522 0.958347
540.000000 538.421448 165.751740 28.406982 69.781616 0.848853
540.000000 174.864059 156.111862 18.895203 44.630371 0.616621
540.000000 382.788239 171.412949 14.545166 34.645111 0.199245
540.000000 545.487671 165.906143 17.078613 41.060944 0.193716
540.000000 364.122528 176.023834 15.452148 35.776001 0.146311
540.000000 142.986115 177.414536 13.861877 33.060089 0.132996
540.000000 494.908783 161.732224 10.992554 26.715820 0.121971
540.000000 319.621094 155.660492 13.731934 33.117310 0.068908
540.000000 138.248322 177.831345 22.882202 54.584686 0.067270
540.000000 368.728210 174.241608 12.638855 30.452576 0.057702
540.000000 434.111267 168.920105 12.774353 32.395660 0.057004
540.000000 297.639435 155.906189 17.494568 39.950378 0.051116
570.000000 530.743958 153.062820 36.304565 92.133392 0.980767
570.000000 512.500061 155.807480 32.898926 88.852692 0.931395
570.000000 312.473907 147.608719 16.552917 40.728882 0.369121
570.000000 378.577942 163.097229 14.912842 34.840393 0.260484
570.000000 516.922852 149.664551 16.328003 38.472137 0.254647
570.000000 520.017029 163.206406 22.403931 52.771698 0.196818
570.000000 128.187241 168.935959 14.339630 33.870605 0.132539
570.000000 166.051514 177.341599 8.992188 22.266998 0.099583
570.000000 513.183899 151.341370 25.620483 59.411530 0.099330
570.000000 309.855774 149.305176 22.932983 55.871552 0.098063
570.000000 534.085571 153.908340 25.487915 65.183655 0.095393
570.000000 484.271576 157.846176 18.777527 50.249969 0.060522
600.000000 482.286285 148.212616 45.975800 109.076324 0.984552
600.000000 455.937805 154.553864 43.526489 104.787201 0.982516
600.000000 46.722458 157.727859 19.162468 37.068298 0.280098
600.000000 126.114609 169.588013 13.257233 30.675079 0.163714
600.000000 468.082581 155.608978 25.011536 62.369598 0.152629
600.000000 160.581070 146.735580 17.423920 42.508850 0.110093
600.000000 467.013367 148.040115 17.771545 41.368805 0.079749
600.000000 378.755463 138.467743 14.364441 35.320984 0.062357
600.000000 447.778870 162.121094 15.885803 37.344208 0.060081
600.000000 383.615631 160.248398 14.117310 31.381378 0.057400
600.000000 350.764984 128.269562 21.971436 54.926422 0.056682
600.000000 501.264893 162.444351 35.517334 95.620926 0.054461
600.000000 44.780907 157.763077 25.727798 62.476593 0.052854
630.000000 409.100555 154.289337 27.396301 67.982208 0.671932
630.000000 372.593964 143.626053 22.795593 53.529175 0.410465
630.000000 397.936676 149.166412 31.485291 76.421234 0.207865
630.000000 405.245667 147.424774 20.050781 49.095184 0.158784
630.000000 419.416382 154.106079 24.653137 65.452789 0.137416
630.000000 425.944794 181.569901 15.393066 37.711853 0.136320
630.000000 374.169006 143.422012 16.059326 37.660645 0.119302
630.000000 326.660461 138.221359 27.341431 66.364716 0.119214
630.000000 389.703430 151.859894 23.678101 62.936218 0.107249
630.000000 364.309296 142.144043 29.772705 78.649780 0.073298
630.000000 303.211060 148.275864 28.549683 68.549591 0.055961
630.000000 45.047638 159.287109 14.620369 34.397308 0.052856
630.000000 389.435791 151.135742 15.865540 33.128113 0.050272
660.000000 155.533722 152.495789 17.044617 42.941071 0.241337
660.000000 207.418137 156.738373 12.447266 29.206543 0.125107
660.000000 175.166534 184.833954 11.148529 28.921600 0.116614
660.000000 334.795654 115.981949 28.907654 67.972260 0.107924
660.000000 150.459274 152.192169 25.913025 57.700714 0.105549
660.000000 119.789673 176.533539 11.462952 27.274384 0.088878
660.000000 160.065033 152.817001 11.584503 31.296509 0.086079
660.000000 374.600647 143.295181 17.143250 43.484467 0.085584
660.000000 327.571350 138.408813 20.612793 47.502350 0.077959
660.000000 301.547363 149.817978 24.009521 55.660919 0.067731
660.000000 145.871658 154.340607 16.212250 40.370026 0.061942
690.000000 144.821182 152.383972 55.674408 133.231201 0.990795
690.000000 117.488281 176.853745 19.736145 48.841522 0.400709
690.000000 369.908997 148.970367 20.922546 52.380920 0.382752
690.000000 241.145569 155.871811 16.934265 44.355225 0.247339
690.000000 133.677246 167.401611 17.742188 42.597839 0.130042
690.000000 362.705017 145.275375 29.976318 77.075867 0.124919
690.000000 374.954041 147.573761 15.198669 37.623291 0.094335
690.000000 234.179672 154.546005 27.413010 71.477905 0.089399
690.000000 19.757973 179.631531 16.859085 42.462219 0.070461
690.000000 71.609566 171.278000 13.797791 34.734100 0.056550
690.000000 298.955200 151.555557 28.924683 69.759430 0.054763
690.000000 128.157700 167.558395 26.020660 62.389099 0.052478
690.000000 387.445862 137.876434 26.087158 66.323700 0.050099
720.000000 32.168427 156.613785 52.506233 130.557907 0.994720
720.000000 98.916718 177.502289 15.319077 36.687439 0.522849
720.000000 205.985062 162.353088 14.105042 34.158966 0.338029
720.000000 242.194733 158.149170 16.240173 39.297913 0.171784
720.000000 122.651321 176.871277 14.274323 34.354156 0.162879
720.000000 150.242081 156.709747 22.417297 50.638550 0.151706
720.000000 155.969025 157.561005 15.435638 35.379120 0.082111
720.000000 92.825737 176.821991 24.618622 51.361237 0.079050
720.000000 82.553680 186.405609 17.895630 43.344971 0.063141
720.000000 50.954269 170.458191 42.850815 116.151733 0.053357
720.000000 236.421341 157.779999 23.095749 61.598755 0.051847
750.000000 243.086777 161.121445 16.763748 41.520233 0.198565
750.000000 205.191254 164.343384 12.432251 31.776459 0.122482
750.000000 238.796356 160.312622 23.385315 61.215576 0.092449
780.000000 150.442841 160.013947 22.548645 53.799072 0.203342
780.000000 238.200775 162.403061 21.036316 52.990784 0.135513
780.000000 206.490143 165.659241 12.860199 30.854401 0.063838
780.000000 391.093567 9.120216 22.273987 48.555824 0.061398
810.000000 239.727844 163.648270 20.819855 49.691895 0.181644
810.000000 220.568756 167.277725 20.467194 50.340637 0.157031
810.000000 306.574677 157.985397 12.700562 32.327271 0.141199
810.000000 243.444611 162.856949 13.413879 32.838013 0.107323
810.000000 194.622238 201.943939 15.112732 36.754303 0.102020
810.000000 72.590714 177.698822 12.723846 30.666168 0.071415
810.000000 371.164948 155.214478 23.291321 58.702820 0.070280
810.000000 302.485443 158.904358 20.375183 50.651154 0.063184
810.000000 223.074631 165.867050 14.709961 35.559113 0.056580
840.000000 219.880646 166.474152 20.163818 49.240601 0.255553
840.000000 160.742355 163.866669 12.681030 30.819031 0.249361
840.000000 205.919052 165.783096 12.305328 31.044220 0.221392
840.000000 154.973343 160.798325 16.576111 36.872009 0.209433
840.000000 242.772842 161.722534 15.441238 37.821320 0.170326
840.000000 149.631714 160.726837 23.942627 53.264832 0.107349
840.000000 238.726044 161.830811 22.792908 58.566162 0.103115
840.000000 221.473236 165.531631 14.141052 33.214722 0.094052
840.000000 155.293152 160.003036 11.589264 27.364563 0.090158
840.000000 214.530869 165.436630 19.033997 44.066559 0.076612
840.000000 306.560669 157.425079 12.929199 32.085083 0.058586
870.000000 219.600113 166.877136 20.329102 50.588257 0.227446
870.000000 70.413376 178.013962 15.253510 36.990417 0.169708
870.000000 240.214447 162.920319 21.207977 51.343018 0.101791
870.000000 243.822037 162.210205 13.855942 32.987915 0.056852
900.000000 240.419617 163.049896 20.636261 51.298157 0.128600
900.000000 219.666061 166.376816 20.289490 49.359802 0.124626
900.000000 28.113894 195.675415 14.047785 32.431030 0.085175
900.000000 243.660751 162.554916 12.961258 30.770538 0.076783
900.000000 306.361847 157.795135 12.701172 31.922882 0.067275
900.000000 207.442139 166.052826 13.304626 30.484344 0.050159
930.000000 149.991684 160.553009 21.818207 51.416016 0.221448
930.000000 109.688774 183.694595 16.271088 40.242554 0.167946
930.000000 237.591400 162.657150 21.536621 52.997589 0.161629
930.000000 219.077164 166.850235 21.121307 50.546448 0.125392
930.000000 153.556992 160.807373 13.582275 32.288239 0.089342
930.000000 243.403137 161.831314 14.427490 34.537811 0.084344
930.000000 405.795166 169.933014 18.693298 44.624756 0.079611
930.000000 36.806534 173.241821 22.760590 57.596954 0.074969
930.000000 301.697784 158.551071 22.166870 55.736908 0.068360
930.000000 369.606110 156.653275 21.046814 51.718109 0.066904
930.000000 205.679413 165.362213 13.990417 32.265961 0.063649
930.000000 306.747162 157.611282 12.393372 30.264771 0.059394
960.000000 121.986000 164.668991 52.010551 119.881699 0.963308
960.000000 143.063278 172.814514 48.739166 109.629425 0.741038
960.000000 370.383972 156.254272 22.321167 55.371246 0.212727
960.000000 156.124374 173.920883 33.335083 79.322876 0.142390
960.000000 376.514130 157.257523 13.584534 33.874573 0.111347
960.000000 305.254669 158.743195 14.603638 36.067932 0.108917
960.000000 237.970871 163.162994 21.198654 54.458160 0.089312
960.000000 160.840256 168.624878 23.268524 59.487396 0.081239
960.000000 363.139374 155.714111 33.215820 89.328156 0.065695
960.000000 425.958496 185.864777 17.117676 42.657013 0.063597
960.000000 215.545990 166.263641 26.271057 58.213745 0.058368
990.000000 419.557190 172.860168 42.216492 114.428650 0.869793
990.000000 240.767273 164.226334 20.928986 50.187531 0.239938
990.000000 425.308899 178.822968 29.526855 72.784668 0.162748
990.000000 372.674316 156.877197 22.001892 53.418976 0.159766
990.000000 305.597473 158.144424 13.986023 34.306183 0.142590
990.000000 425.487885 163.763458 18.767578 45.811737 0.119426
990.000000 244.283707 163.271011 13.384628 33.573151 0.118139
990.000000 377.183716 156.499023 14.458679 34.013763 0.111648
990.000000 368.039948 155.763947 30.096313 83.439758 0.104691
990.000000 410.856079 162.065903 14.054504 35.010010 0.084101
990.000000 217.663330 164.766174 17.651031 41.364380 0.081581
990.000000 142.120392 183.708710 17.408844 39.849030 0.081395
990.000000 418.590424 163.162933 28.696838 72.000305 0.067736
990.000000 153.823212 161.527374 18.871307 44.371155 0.066580
990.000000 218.712601 165.450409 22.748260 59.159149 0.056674
990.000000 303.440186 158.467285 19.986450 51.207214 0.054483
990.000000 411.247711 162.823547 24.395142 59.503235 0.051502
1020.000000 531.412781 174.363342 41.885742 99.683533 0.992557
1020.000000 217.532257 165.630325 21.359650 52.325409 0.185599
1020.000000 52.017197 194.278793 14.340187 34.537628 0.180495
1020.000000 239.384857 163.337250 20.170898 51.431183 0.156019
1020.000000 370.127899 157.201172 21.520081 53.501129 0.135271
1020.000000 305.482239 157.969208 14.033997 35.001801 0.124640
1020.000000 140.762634 183.345657 18.096588 44.323914 0.098585
1020.000000 244.450287 162.539673 15.000336 34.419464 0.086101
1020.000000 220.234344 165.023941 15.137909 34.319031 0.062398
1020.000000 360.299866 159.955261 16.569885 38.055206 0.051230
1020.000000 376.112457 155.849060 16.791077 40.620697 0.050170
1050.000000 623.159973 170.458176 16.675171 66.796844 0.658569
1050.000000 238.809860 163.333496 20.160538 51.416718 0.188160
1050.000000 614.655823 171.792557 21.395264 61.815735 0.136386
1050.000000 370.542175 157.387115 21.699646 52.944092 0.116163
1050.000000 243.745071 162.579178 13.250656 32.925018 0.100765
1050.000000 305.843231 158.233978 13.578186 34.125916 0.092402
1050.000000 72.653343 178.569641 12.937866 31.341736 0.077299
1050.000000 220.505386 166.623428 19.935974 50.701874 0.072890
1050.000000 135.231079 174.717865 13.783508 33.598602 0.063994
1050.000000 141.028534 183.327744 15.011536 36.149353 0.061572
1050.000000 363.956482 156.006516 28.580383 82.849457 0.050531
1080.000000 69.594406 177.495407 16.451202 42.381256 0.163184
1080.000000 219.519653 166.425476 21.193970 52.038361 0.133938
1080.000000 241.812286 161.704681 17.937897 44.700745 0.108640
1080.000000 306.476715 157.375366 12.523132 30.762024 0.099235
1080.000000 245.133759 160.986450 11.569092 29.803741 0.065828
1080.000000 302.781189 157.977829 19.486755 48.767181 0.051599
1110.000000 219.126236 166.404510 21.193878 50.804779 0.199522
1110.000000 239.560638 162.496109 20.957245 50.604706 0.172097
1110.000000 207.209274 165.769669 11.317963 26.949310 0.141306
1110.000000 141.312973 182.448471 13.359070 33.627777 0.122616
1110.000000 39.142155 173.980713 17.688728 43.368774 0.115156
1110.000000 244.789429 160.856583 11.711487 30.677887 0.071109
1110.000000 169.494995 180.206924 14.031860 32.822418 0.059688
1110.000000 220.732193 165.046539 14.338867 34.017761 0.053803
1110.000000 202.647797 164.851425 19.226135 45.524292 0.051885
1110.000000 111.011253 179.214661 14.751053 34.495575 0.051088
1110.000000 371.934967 138.720108 17.283020 39.591553 0.050739
1140.000000 237.928375 162.965225 23.113373 55.409882 0.315150
1140.000000 204.425735 165.585373 13.367706 29.647919 0.198859
1140.000000 242.121216 162.489502 15.971039 39.188995 0.150633
1140.000000 350.518372 144.256622 20.981812 50.285187 0.141458
1140.000000 150.737045 161.089233 20.345764 51.080597 0.131187
1140.000000 216.308395 166.282486 21.405548 50.187073 0.089307
1140.000000 202.205276 165.337494 18.658142 42.600922 0.068081
1140.000000 371.650757 142.828857 16.721191 38.464600 0.065924
1140.000000 233.549576 161.515549 32.250626 81.328522 0.053421
1140.000000 306.179626 157.340271 12.919434 32.311218 0.053081
1170.000000 71.560883 178.169876 13.341644 34.109863 0.214815
1170.000000 237.324036 163.337616 21.487915 52.564697 0.187757
1170.000000 203.797058 165.013916 14.826080 36.063324 0.088098
1170.000000 68.175552 179.583435 18.686737 45.876190 0.072778
1170.000000 138.793030 184.605438 15.570862 39.299652 0.067003
1170.000000 469.834656 178.900711 16.283813 39.206238 0.059338
1170.000000 243.495743 162.599976 13.773270 33.043884 0.057369
1200.000000 150.347748 161.380661 21.567230 49.913177 0.336345
1200.000000 203.024887 165.202011 14.005219 32.201019 0.305340
1200.000000 239.115677 162.841766 22.012680 52.710968 0.146451
1200.000000 201.090012 164.168137 20.257782 46.956207 0.114341
1200.000000 219.404434 166.684967 21.043701 51.298584 0.108356
1200.000000 306.928467 158.044739 11.951172 29.727875 0.089188
1200.000000 109.328667 179.205673 12.524872 33.428772 0.062347
1200.000000 243.266159 162.028473 14.179489 33.718536 0.055417
1230.000000 612.787964 169.663300 21.218262 73.288208 0.605499
1230.000000 238.299011 163.975433 20.262512 50.396606 0.204818
1230.000000 370.681122 156.558853 22.671509 57.595245 0.154999
1230.000000 243.760895 163.852478 12.997040 31.818726 0.133424
1230.000000 219.950439 166.617508 20.113403 51.334778 0.075853
1230.000000 305.503418 158.409470 14.045227 35.361237 0.075213
1230.000000 138.589615 183.320740 17.220367 41.983887 0.050227
1260.000000 594.642090 171.111115 27.023560 68.846832 0.985296
1260.000000 616.888123 173.740326 20.597656 57.021820 0.469870
1260.000000 187.984100 175.790115 22.246796 53.292297 0.185828
1260.000000 239.984970 162.756165 20.760422 51.188599 0.174670
1260.000000 139.311325 181.517044 16.652740 39.883209 0.105276
1260.000000 218.630371 166.281677 21.633881 52.290771 0.098571
1260.000000 204.420685 164.582748 13.851196 34.290863 0.090162
1260.000000 369.885529 156.100967 19.759766 48.997894 0.075147
1260.000000 236.750809 161.410690 28.363907 74.942474 0.051212
1260.000000 243.039688 161.872726 12.514526 32.760010 0.050884
1290.000000 580.438904 171.880478 24.142578 64.826569 0.990942
1290.000000 619.270630 169.767731 20.514771 67.458344 0.389411
1290.000000 242.129318 161.864639 16.333145 40.323364 0.239263
1290.000000 238.180237 161.471420 22.478180 59.936859 0.133795
1290.000000 415.345947 166.951355 16.351685 40.712585 0.084235
1290.000000 169.485168 179.308823 13.019348 31.166473 0.078324
1290.000000 409.084564 160.529800 21.136719 57.780304 0.062170
1290.000000 410.907471 158.817154 15.131348 35.764069 0.059846
1320.000000 568.952332 175.419312 24.380127 60.177338 0.994662
1320.000000 605.858826 174.064667 23.962280 57.784119 0.435524
1320.000000 238.008942 163.108368 20.796783 51.479340 0.143441
1320.000000 618.989380 175.938034 20.328613 55.451172 0.091041
1320.000000 306.272491 157.850769 13.364868 33.010162 0.084022
1320.000000 243.447037 162.599106 12.949081 31.070740 0.070493
1320.000000 219.332901 166.814514 21.324310 52.637085 0.068349
1350.000000 557.488892 175.017273 23.934937 59.111572 0.992231
1350.000000 591.266968 176.299255 22.065308 56.329224 0.985245
1350.000000 623.716309 173.962173 16.229370 60.359131 0.424725
1350.000000 490.369080 180.996582 14.890625 36.591919 0.338192
1350.000000 41.200394 173.848495 14.875908 35.666595 0.199981
1350.000000 238.121506 162.813828 21.153793 52.497528 0.140425
1350.000000 73.216660 177.828583 12.653152 31.107697 0.134078
1350.000000 219.016403 166.635986 21.687836 52.767517 0.131904
1350.000000 617.696838 183.511093 15.620972 48.648895 0.115834
1350.000000 565.235779 180.431198 21.056885 50.055664 0.111784
1350.000000 370.207336 157.383957 19.477051 47.974854 0.094920
1350.000000 306.375610 157.820709 12.884827 32.085144 0.077346
1350.000000 572.861755 182.044418 12.991943 29.873627 0.073934
1350.000000 387.449188 5.744532 27.123901 61.422493 0.066941
1350.000000 135.245300 173.569809 13.447876 35.754211 0.064077
1350.000000 496.231110 183.036713 10.645874 28.736298 0.063812
1350.000000 152.266510 178.894958 15.593353 35.911652 0.061682
1350.000000 367.425934 153.515015 26.518433 72.529633 0.059032
1350.000000 151.518906 160.999573 21.024353 46.915222 0.056465
1350.000000 242.528244 162.057281 13.533981 34.904266 0.056412
1350.000000 612.564331 170.305771 24.725952 62.019073 0.055603
1350.000000 109.900642 178.676025 12.972458 33.308197 0.053099
1350.000000 191.614395 173.328201 14.967804 35.934052 0.052486
1380.000000 548.686890 177.185410 22.995850 57.122742 0.993823
1380.000000 578.241150 179.011688 21.839966 54.201630 0.976105
1380.000000 238.445190 164.840134 20.917877 52.803131 0.381896
1380.000000 149.875397 162.983505 23.389465 56.186493 0.294994
1380.000000 491.352142 181.253845 16.980957 41.171936 0.249393
1380.000000 305.843140 159.468933 13.453308 32.816711 0.161525
1380.000000 371.848694 158.778702 18.154053 44.318726 0.128018
1380.000000 219.007126 165.073227 19.139465 46.289062 0.118862
1380.000000 243.604675 164.985748 13.567291 33.527008 0.108087
1380.000000 87.644920 192.413071 12.706314 32.283875 0.092227
1380.000000 203.724899 168.984131 14.928619 35.082855 0.071327
1380.000000 303.231781 159.829605 19.791199 50.161743 0.059688
1380.000000 215.283112 165.948273 26.813782 68.114044 0.058398
1380.000000 512.016235 174.735443 23.759155 57.688354 0.054228
1380.000000 231.369705 163.260651 31.705795 86.514130 0.050444
1380.000000 136.416489 176.630188 18.828033 44.413452 0.050252
1410.000000 542.840515 174.813141 23.008911 57.365814 0.995351
1410.000000 566.297119 176.930389 22.154419 54.171417 0.930246
1410.000000 496.844574 180.150299 17.400543 40.213867 0.797101
1410.000000 239.633270 163.016693 20.566589 53.866730 0.231737
1410.000000 567.501953 175.470184 15.403809 37.384308 0.157136
1410.000000 244.295273 162.887772 13.572250 33.563660 0.148272
1410.000000 217.044022 166.737991 20.287964 48.412506 0.132245
1410.000000 305.722321 157.749985 13.562561 33.647156 0.132233
1410.000000 623.859619 173.554153 16.124756 60.172974 0.095378
1410.000000 491.341278 175.547699 16.272583 44.003265 0.084204
1410.000000 158.547974 179.266617 15.090210 36.495483 0.050369
1440.000000 536.184753 177.776077 20.678345 52.847076 0.993895
1440.000000 560.185486 177.798218 21.848755 51.826630 0.963123
1440.000000 498.658600 177.622177 18.586578 44.128571 0.850481
1440.000000 512.995483 173.286804 22.760132 58.163269 0.177963
1440.000000 553.758545 177.010345 20.652222 47.340576 0.154559
1440.000000 371.391632 156.150925 17.264526 42.031097 0.139075
1440.000000 549.097778 181.348846 16.652832 43.546509 0.131850
1440.000000 242.873657 162.753143 14.548370 36.786255 0.110248
1440.000000 220.736984 169.079681 19.298462 45.092163 0.095566
1440.000000 42.907707 192.606384 13.655441 31.178345 0.091866
1440.000000 492.349518 187.259323 13.726562 34.126648 0.088487
1440.000000 327.051575 152.880432 18.678467 44.501801 0.078347
1440.000000 506.463806 175.880325 17.651978 44.286102 0.076405
1440.000000 560.803833 176.001633 13.439453 30.009247 0.076313
1440.000000 238.784653 162.232727 21.629105 61.024628 0.068113
1440.000000 521.431824 173.487305 17.641968 46.032959 0.056506
1470.000000 532.441895 178.831635 17.696899 42.530579 0.863841
1470.000000 547.460388 177.830399 23.054810 54.481232 0.838952
1470.000000 504.370331 173.910995 17.607697 45.134369 0.656116
1470.000000 514.717712 171.241104 19.426392 48.900635 0.170586
1470.000000 532.280457 179.702942 12.374512 30.124664 0.160282
1470.000000 527.094666 179.180542 15.767822 39.377441 0.133771
1470.000000 576.934021 181.766068 24.483398 58.546539 0.123933
1470.000000 203.943207 164.366272 13.157928 32.513580 0.122393
1470.000000 592.529114 174.101074 25.861206 66.709442 0.112964
1470.000000 489.397980 182.313293 15.036438 37.223877 0.105795
1470.000000 528.441162 180.492889 11.233276 27.578583 0.095262
1470.000000 575.889526 185.796417 18.665894 38.823547 0.090317
1470.000000 218.535568 163.269196 14.911926 36.047882 0.087569
1470.000000 568.485168 184.700775 25.322388 60.735840 0.065028
1470.000000 570.116089 179.232071 37.372925 80.802597 0.064334
1470.000000 585.300415 181.918839 18.032715 41.234650 0.061822
1470.000000 326.361725 148.015366 22.241760 52.599060 0.061736
1470.000000 369.077881 154.374786 21.739502 52.676178 0.060050
1470.000000 545.626038 176.230774 31.265503 86.500610 0.058256
1470.000000 539.771118 181.244492 11.747803 28.524017 0.052846
1500.000000 364.329285 161.397842 14.653809 36.434784 0.331552
1500.000000 544.445862 173.496109 26.820923 62.571472 0.326988
1500.000000 548.011292 174.771317 18.348877 45.373138 0.306365
1500.000000 302.283051 163.552460 17.345459 42.517914 0.225204
1500.000000 551.488037 171.625427 11.902466 34.754944 0.137731
1500.000000 531.678467 177.476883 16.766235 42.086395 0.120352
1500.000000 509.842865 175.733322 14.124908 33.893707 0.107798
1500.000000 526.320007 174.597794 24.676636 68.319183 0.072290
1500.000000 141.310562 180.795197 14.316223 34.466949 0.066831
1500.000000 360.141357 160.741013 22.343689 56.830780 0.054092
1500.000000 118.998848 186.284424 11.520775 27.757599 0.053968
1530.000000 297.535645 174.965637 22.994995 55.984436 0.295737
1530.000000 348.255798 175.495270 15.897827 36.883636 0.196793
1530.000000 143.297119 188.367401 12.279663 31.680389 0.179791
1530.000000 302.082947 176.280090 15.448792 37.660919 0.120929
1530.000000 421.563904 192.958725 13.623535 32.521820 0.115080
1530.000000 372.183655 180.034821 15.983643 36.121948 0.099064
1530.000000 294.068848 170.444229 15.334778 37.749481 0.076679
1530.000000 208.938370 172.072113 13.062958 34.036041 0.070662
1530.000000 553.097168 179.363312 36.768921 84.536804 0.067860
1530.000000 552.836243 182.856522 21.401245 51.034241 0.062612
1530.000000 314.504333 167.291290 23.052368 61.889740 0.060755
1530.000000 24.829000 205.552490 14.949408 36.856903 0.055493
1560.000000 116.045746 192.602249 12.183502 28.608917 0.195018
1560.000000 448.743073 190.863922 10.656799 28.180084 0.082328
1560.000000 568.552979 186.772446 15.624878 37.758026 0.061853
1560.000000 423.816437 176.124115 20.814697 47.846008 0.055563
1590.000000 576.648560 178.277832 21.655396 51.611115 0.725885
1590.000000 604.183594 184.094101 16.790771 38.630127 0.509391
1590.000000 598.832947 181.357407 24.369873 60.598694 0.331618
1590.000000 572.530029 181.082138 31.932495 74.278442 0.307474
1590.000000 489.993042 199.456848 17.027527 40.774170 0.290404
1590.000000 325.790283 167.455750 19.234680 46.324341 0.254621
1590.000000 438.355621 174.931747 20.218628 49.540619 0.228036
1590.000000 613.945740 183.307297 14.898926 35.412567 0.169245
1590.000000 563.626648 180.044876 23.040894 55.638641 0.161103
1590.000000 570.654846 183.040436 12.294067 30.385895 0.159527
1590.000000 579.382690 179.784500 15.233887 35.211029 0.131644
1590.000000 595.328003 180.720154 20.240479 45.914215 0.115835
1590.000000 322.095886 165.840668 27.169495 65.697968 0.111298
1590.000000 571.053894 181.809875 20.513062 45.228180 0.109962
1590.000000 606.765747 182.609116 12.235596 27.458862 0.108775
1590.000000 600.611023 179.618515 11.463379 29.950012 0.096591
1590.000000 624.842407 178.182861 15.049805 62.493866 0.092049
1590.000000 457.234619 187.271545 15.423523 36.451782 0.088088
1590.000000 328.007751 166.208496 14.047058 33.151855 0.086331
1590.000000 611.969788 169.804657 14.111084 35.495972 0.080712
1590.000000 343.915863 169.384857 16.578125 41.219971 0.066795
1590.000000 505.656555 190.780548 16.527710 40.664917 0.065331
1590.000000 583.700134 183.068039 17.417725 36.728058 0.063684
1590.000000 587.440247 178.765686 39.467163 89.193604 0.059237
1590.000000 228.344284 165.961823 15.400970 36.416138 0.057764
1590.000000 304.056610 166.978241 15.495422 38.259949 0.055497
1590.000000 588.418884 183.859818 25.616699 64.635468 0.055355
1590.000000 559.539978 180.936295 34.827148 80.973007 0.052499
1620.000000 618.908142 176.532578 17.955933 48.484070 0.605970
1620.000000 615.544556 170.781113 23.865967 92.519943 0.164848
1620.000000 307.519073 166.758163 22.537842 57.718750 0.156162
1620.000000 356.506653 159.379028 18.982117 47.242004 0.143139
1620.000000 147.326324 189.200333 14.203796 33.446869 0.111364
1620.000000 313.604828 162.844147 15.831482 37.978058 0.104102
1620.000000 517.582153 192.694809 28.170776 65.284470 0.087629
1620.000000 609.074402 176.521255 27.108154 61.339661 0.080410
1620.000000 338.121216 163.422058 18.022766 44.478485 0.077911
1620.000000 526.601440 193.244797 19.652222 48.431244 0.067721
1620.000000 585.904236 180.665619 18.283447 44.674072 0.067137
1620.000000 579.360657 178.118088 27.552490 59.628082 0.066285
1650.000000 348.867310 151.613480 25.689270 64.462158 0.493662
1650.000000 352.304901 152.195190 15.161072 36.208954 0.468406
1650.000000 226.925720 157.291367 14.322388 34.200317 0.400216
1650.000000 369.229401 159.928436 16.385559 37.014771 0.317574
1650.000000 149.937790 190.397507 10.365936 24.687866 0.268985
1650.000000 224.850769 156.957596 20.083435 48.950958 0.213794
1650.000000 158.703720 190.800171 9.433380 23.543823 0.192486
1650.000000 416.237579 170.979752 12.362610 28.197113 0.180326
1650.000000 230.831100 158.620743 15.275269 35.509125 0.170607
1650.000000 535.491638 151.794128 27.240112 73.042877 0.143310
1650.000000 390.333374 173.656845 17.089783 41.295044 0.106800
1650.000000 365.638184 158.887238 23.173706 62.883972 0.097803
1650.000000 146.754395 190.930695 9.881744 24.507385 0.092134
1650.000000 540.638611 154.404114 19.544800 47.429504 0.070195
1650.000000 415.692841 171.657516 17.137573 39.593536 0.065986
1650.000000 296.536438 162.867813 23.575928 58.025146 0.062966
1650.000000 306.360626 156.299591 16.723083 40.815491 0.062361
1650.000000 241.592941 163.273560 20.853806 50.857452 0.054576
1680.000000 152.646545 185.865906 10.376282 25.682190 0.459423
1680.000000 552.938721 178.297363 16.958374 42.880310 0.313242
1680.000000 213.402954 167.364182 20.510315 48.488190 0.287473
1680.000000 142.777130 186.939682 10.752930 26.066406 0.254324
1680.000000 289.005768 156.583755 26.548035 67.667542 0.224831
1680.000000 520.509949 195.100830 18.665405 46.469238 0.106975
1680.000000 139.330856 186.221375 11.305023 24.137726 0.086521
1680.000000 226.117691 153.278519 20.977081 51.435242 0.068599
1680.000000 419.827881 168.479980 15.301208 36.344574 0.067071
1680.000000 549.470520 177.617111 23.598267 62.370636 0.063043
1680.000000 563.493347 175.208679 26.279785 65.751099 0.057863
1710.000000 154.119247 192.992706 11.060333 25.383789 0.520426
1710.000000 566.848877 149.016586 23.587158 58.981232 0.374852
1710.000000 574.843018 146.898926 12.390015 33.278778 0.249315
1710.000000 84.748100 181.996902 17.719452 39.499268 0.221495
1710.000000 481.876373 143.250809 22.356934 58.233276 0.217655
1710.000000 568.338623 158.209442 11.333008 25.753876 0.186702
1710.000000 144.820984 193.155609 11.054718 26.048798 0.179993
1710.000000 566.236023 157.127899 15.887817 40.700867 0.099757
1710.000000 387.248322 170.968628 16.053589 36.429504 0.083954
1710.000000 412.388855 172.434998 15.026855 36.038818 0.077196
1710.000000 393.738464 177.647675 15.740479 36.955322 0.066824
1710.000000 23.010084 114.280571 19.924440 44.893318 0.062638
1740.000000 396.207489 101.959312 20.855713 46.614052 0.438897
1740.000000 150.471085 201.253403 10.514252 26.421814 0.417106
1740.000000 435.426514 180.691467 15.151306 36.476837 0.246918
1740.000000 128.308594 199.289566 11.205597 26.041870 0.156967
1740.000000 579.234924 163.074661 11.874878 26.904266 0.132960
1740.000000 10.246860 118.373909 24.316204 59.226433 0.129936
1740.000000 557.527466 211.139374 16.220947 39.995270 0.121395
1740.000000 147.233521 200.756058 9.735596 26.910675 0.119211
1740.000000 120.105293 201.498138 9.969872 24.732880 0.085965
1740.000000 496.983185 147.833344 17.257233 37.030457 0.081375
1740.000000 432.157379 177.798996 22.363220 53.198700 0.066196
1740.000000 529.058350 161.577560 19.166626 53.017700 0.064946
1740.000000 80.509140 190.761490 15.054764 36.367981 0.064558
1740.000000 132.794556 199.646637 12.337952 26.025909 0.056685
1770.000000 139.619507 201.761887 12.016083 29.617432 0.691805
1770.000000 594.200745 161.441162 12.686523 33.482819 0.649963
1770.000000 106.797394 200.492279 12.171127 27.851288 0.496485
1770.000000 115.551582 200.071213 11.891113 28.072083 0.436042
1770.000000 126.201401 206.231598 10.079132 26.421814 0.402763
1770.000000 441.729950 179.864822 17.776062 42.450043 0.374736
1770.000000 65.352959 193.178253 14.830032 37.372467 0.230105
1770.000000 590.550964 158.681320 13.169922 32.124359 0.172045
1770.000000 410.064026 183.961029 15.054077 33.904266 0.156240
1770.000000 370.646393 182.341278 13.321777 32.184967 0.134199
1770.000000 463.611359 191.292358 16.098145 38.293976 0.130404
1770.000000 546.616699 158.754913 23.500854 61.490845 0.123126
1770.000000 589.392822 158.834778 19.966553 53.969147 0.116143
1770.000000 122.354958 203.147964 10.770927 27.744507 0.089944
1770.000000 553.669617 161.926590 19.399292 48.244080 0.082726
1770.000000 307.013245 179.599686 15.192505 36.439148 0.071253
1770.000000 537.527161 162.926254 22.836548 59.542267 0.065955
1770.000000 458.575165 190.693344 15.749878 35.290558 0.059518
1770.000000 544.224915 159.540863 35.731445 85.971588 0.058301
1770.000000 366.774017 179.116669 19.464661 46.766205 0.053912
1800.000000 128.523331 204.942947 12.465851 30.243408 0.735393
1800.000000 103.533127 206.797211 11.463181 28.496429 0.716684
1800.000000 111.960747 207.506226 11.649628 27.008545 0.674447
1800.000000 455.516998 179.857452 18.017639 41.234283 0.522409
1800.000000 411.699280 94.295448 22.227600 51.793892 0.440021
1800.000000 99.093132 205.871552 11.031067 28.234497 0.368858
1800.000000 427.063263 175.060669 23.179871 54.236816 0.270538
1800.000000 374.121765 177.123596 13.686890 33.012573 0.242754
1800.000000 431.694580 177.160889 14.306580 34.917023 0.210140
1800.000000 121.308014 205.519943 10.553116 25.516876 0.175297
1800.000000 453.134827 178.708145 25.731628 59.576569 0.163031
1800.000000 303.599670 184.315460 16.514771 38.239014 0.118119
1800.000000 321.539124 168.363220 14.096985 35.347839 0.108854
1800.000000 426.892914 186.187439 12.761658 33.432404 0.091172
1800.000000 348.969452 169.186737 13.352539 33.613831 0.069929
1800.000000 417.498810 187.208908 14.075378 33.472717 0.064625
1800.000000 434.365845 179.503220 16.969604 40.332336 0.052862
1830.000000 71.341751 205.395508 13.964859 35.149017 0.920898
1830.000000 561.634521 185.423218 20.259888 50.281158 0.761581
1830.000000 106.815536 205.638992 12.977661 32.583710 0.748181
1830.000000 85.169380 203.996689 13.344757 34.939697 0.732768
1830.000000 420.785736 81.844543 23.038208 51.912766 0.645899
1830.000000 98.955276 204.652039 13.480682 33.545502 0.603284
1830.000000 80.415154 203.555603 14.135803 33.818359 0.593888
1830.000000 456.951263 180.417435 16.683105 38.687256 0.412604
1830.000000 588.438721 190.485840 15.985474 39.950378 0.386606
1830.000000 535.970642 195.025299 15.693970 36.871796 0.228180
1830.000000 405.431549 181.741653 14.126404 34.572144 0.223181
1830.000000 321.840515 165.728821 12.745972 31.362427 0.220628
1830.000000 375.159119 180.545563 17.646301 41.683075 0.219029
1830.000000 378.591278 181.745544 11.856567 30.907715 0.208294
1830.000000 424.355103 186.385529 14.417419 36.577332 0.205974
1830.000000 562.405029 186.226181 14.659180 34.521118 0.192541
1830.000000 598.356628 189.772430 19.171143 47.897430 0.189751
1830.000000 451.814606 178.750641 24.318848 54.880554 0.189273
1830.000000 581.981873 189.614929 25.039429 59.633118 0.185141
1830.000000 567.512207 187.427475 15.858276 36.174377 0.162511
1830.000000 365.900482 169.651657 22.360229 58.140778 0.154387
1830.000000 601.591125 193.232742 12.267944 29.979462 0.153716
1830.000000 383.399200 181.193329 14.075928 32.473297 0.153154
1830.000000 555.556335 185.140366 31.527344 74.939896 0.141168
1830.000000 390.801819 185.755234 11.759949 29.514648 0.126464
1830.000000 374.801971 177.013672 12.680847 30.342590 0.123827
1830.000000 409.115173 188.710236 13.317444 31.226013 0.122925
1830.000000 401.189758 185.352203 13.192749 31.509949 0.109241
1830.000000 612.605347 167.748779 27.231445 97.382385 0.105190
1830.000000 66.790138 208.144745 11.578384 29.037415 0.099891
1830.000000 574.793152 194.802277 17.765503 39.977844 0.098262
1830.000000 523.766418 187.982819 15.898560 37.871094 0.097611
1830.000000 626.900146 157.812531 13.049072 46.544006 0.093810
1830.000000 450.181885 182.243683 17.213684 39.674530 0.093489
1830.000000 369.987213 166.554077 13.351868 33.968719 0.089330
1830.000000 464.783661 179.858124 11.769348 28.914154 0.083954
1830.000000 445.405029 177.007477 13.878906 33.693481 0.078603
1830.000000 578.045105 195.574234 11.857422 29.263977 0.072876
1830.000000 298.771149 178.373566 14.397278 34.574463 0.068526
1830.000000 548.910706 194.452820 15.140869 35.572510 0.064328
1830.000000 624.894775 168.637436 14.901001 53.845123 0.058894
1830.000000 473.967010 170.818268 13.328613 33.569092 0.058508
1830.000000 618.697754 157.786194 21.302246 75.696106 0.058169
