30.000000 509.700165 176.891861 13.026581 30.430695 0.582328
30.000000 479.954773 171.367004 12.958435 33.325073 0.579964
30.000000 597.969849 186.773712 14.526367 38.429443 0.369625
30.000000 487.995392 175.007019 10.945862 27.214630 0.200147
30.000000 9.794634 193.983795 13.001083 31.574219 0.168751
30.000000 469.492584 181.369431 12.588989 32.122681 0.125056
30.000000 574.723755 183.771942 12.920898 30.595764 0.078210
30.000000 458.816223 174.467239 12.480591 30.137878 0.065573
30.000000 76.183662 168.487396 13.913467 33.481293 0.058839
60.000000 537.193542 169.046600 15.132202 36.689117 0.480322
60.000000 494.385742 173.882797 15.308777 36.401276 0.278084
60.000000 489.254059 174.872131 17.458435 44.277954 0.098517
60.000000 127.928116 182.720200 12.471466 28.655609 0.071160
60.000000 136.462280 186.965912 11.194519 25.355225 0.065180
60.000000 559.209656 178.678162 16.369019 40.118591 0.055753
60.000000 528.726562 175.917160 11.171021 28.761169 0.054472
90.000000 485.639008 164.454132 18.473267 44.654785 0.223820
90.000000 498.870667 161.701385 14.281799 34.559479 0.190144
90.000000 495.550812 161.818893 20.172333 49.722870 0.113446
90.000000 488.680695 163.061050 13.075623 32.578857 0.101134
90.000000 481.033539 162.398285 28.003296 64.972656 0.084926
90.000000 8.954840 179.497070 12.305498 29.370667 0.063149
90.000000 578.473999 169.654114 18.685913 45.205353 0.054747
120.000000 52.916054 178.573227 14.954933 38.417328 0.478846
120.000000 509.052612 171.606079 13.097534 33.206879 0.301577
120.000000 479.546722 178.155243 16.244324 37.807556 0.177037
120.000000 97.548882 184.081268 10.523117 24.252686 0.153854
120.000000 598.090576 164.605591 21.452637 48.950653 0.153378
120.000000 412.432404 175.825928 16.557922 39.867523 0.114948
120.000000 603.007385 167.494415 14.090576 33.457764 0.110505
120.000000 583.417664 151.625870 16.550781 40.354248 0.106376
120.000000 522.942383 171.453537 16.565674 42.321747 0.097321
120.000000 76.084061 186.417526 10.429016 27.725800 0.076431
120.000000 615.466614 159.058929 22.593506 65.094055 0.074796
120.000000 414.677673 175.782944 22.122803 53.861298 0.058103
150.000000 446.547760 169.400696 33.811523 83.749908 0.945624
150.000000 574.091370 166.641541 18.069336 41.036530 0.550130
150.000000 570.700867 166.822784 25.956055 59.605621 0.432139
150.000000 76.967796 180.062408 12.372742 30.434448 0.296479
150.000000 0.438653 192.080688 15.647418 31.701630 0.168604
150.000000 68.190628 183.777206 12.631256 27.784882 0.157389
150.000000 106.067123 180.562271 13.507721 30.962921 0.143222
150.000000 467.425629 185.985352 25.401733 64.912109 0.138286
150.000000 458.749756 168.316727 15.173950 36.358246 0.113274
150.000000 295.731598 176.284195 18.564453 44.155029 0.113158
150.000000 490.599670 167.943390 18.727783 48.598328 0.100032
150.000000 457.525360 168.711594 23.184692 58.877258 0.094123
150.000000 71.472702 181.077072 15.914871 34.221405 0.055236
150.000000 580.034058 167.557159 14.251587 32.124603 0.053369
150.000000 448.979279 172.314713 17.980347 45.382019 0.051766
180.000000 557.294434 156.231110 56.782227 152.451813 0.994492
180.000000 69.716675 184.130737 12.947754 30.601135 0.435697
180.000000 606.133057 175.326523 33.265015 120.995621 0.334547
180.000000 29.628378 180.732468 13.808241 34.426941 0.320094
180.000000 143.884460 174.391174 13.149811 31.352478 0.255439
180.000000 587.940186 181.139206 45.194092 117.928482 0.194142
180.000000 612.946289 171.643005 26.597900 75.077362 0.145541
180.000000 62.001446 183.277802 17.084003 32.682495 0.111214
180.000000 208.340622 175.574738 11.856140 30.188934 0.099437
180.000000 356.105042 177.240723 16.617981 41.161652 0.093720
180.000000 575.637817 150.466415 15.332153 34.854309 0.090505
180.000000 616.154907 177.232697 18.050659 53.217072 0.090101
180.000000 27.946312 180.187927 21.253006 46.085327 0.089725
180.000000 454.955322 183.565536 15.604614 36.690369 0.071156
180.000000 140.497925 181.562500 12.990875 30.325226 0.066065
180.000000 612.379089 135.464172 27.148804 283.653076 0.057366
180.000000 623.606873 191.332642 16.313477 81.623260 0.054021
180.000000 521.705688 179.135025 19.036499 46.833038 0.051048
180.000000 628.336853 22.026566 11.575928 457.973450 0.051032
210.000000 0.158903 201.286850 13.670739 36.036896 0.280044
210.000000 495.017548 169.957428 17.930084 43.590332 0.266027
210.000000 545.416199 166.480637 26.608887 61.901703 0.126928
210.000000 449.363525 176.873810 13.189331 35.267548 0.117712
210.000000 513.850098 163.522476 18.783813 46.056213 0.112203
210.000000 496.238770 167.827408 11.626709 27.677155 0.084677
210.000000 459.900085 170.992615 13.482117 34.202576 0.082286
210.000000 0.035835 188.803391 9.212380 42.347778 0.070216
210.000000 505.327606 163.891647 23.287140 56.522339 0.056606
210.000000 499.487030 166.804779 21.474945 49.417725 0.055588
210.000000 549.692261 170.991699 18.197632 44.594849 0.052874
240.000000 464.705200 183.778625 15.332336 36.111542 0.193130
240.000000 452.272308 183.177139 14.913452 35.796570 0.155791
240.000000 497.611023 170.771408 13.721802 34.114014 0.155698
240.000000 123.817528 186.143372 12.224159 29.888611 0.119254
240.000000 101.870163 184.541824 12.926651 32.145477 0.116615
240.000000 42.433491 186.096527 14.537689 34.512146 0.112968
240.000000 6.613232 197.883652 13.108770 32.538757 0.087976
240.000000 586.839539 168.957520 16.035767 37.657318 0.086366
240.000000 571.295166 163.214355 22.945679 54.277527 0.080235
240.000000 11.547090 186.726364 13.825259 33.152710 0.079437
240.000000 405.546051 180.893265 12.473633 30.475586 0.070480
240.000000 495.772827 171.470154 19.517090 51.509033 0.069853
240.000000 562.823975 164.933990 18.126587 40.690552 0.056671
240.000000 110.074066 191.144714 11.687790 31.329224 0.056498
240.000000 505.226410 164.465515 31.362640 74.118958 0.053104
240.000000 76.761192 187.141464 12.663696 30.635468 0.052710
270.000000 609.607971 177.665924 21.882080 48.109070 0.357338
270.000000 113.551003 186.609314 12.004379 30.326813 0.340899
270.000000 221.085709 191.841904 12.685974 29.648010 0.133242
270.000000 614.091064 167.507324 25.437744 83.728424 0.114473
270.000000 94.047371 181.737213 13.192902 34.024841 0.106888
270.000000 106.431145 186.379379 12.251648 30.041016 0.105555
270.000000 612.502930 178.412903 14.838257 32.589722 0.090950
270.000000 39.678291 199.703033 13.358002 29.877197 0.069971
270.000000 574.142761 184.938919 19.854614 45.151703 0.068201
270.000000 578.924255 184.272079 9.818359 29.148560 0.061164
270.000000 44.423271 197.444824 12.230370 29.193054 0.059685
270.000000 70.155319 198.595505 13.292252 33.335114 0.059225
300.000000 453.527771 178.633896 16.639832 39.356720 0.573146
300.000000 569.794678 182.325027 18.048706 41.424225 0.372318
300.000000 571.652222 173.105621 13.243652 32.785309 0.210821
300.000000 546.047729 186.862762 13.633057 30.586731 0.150230
300.000000 120.506241 194.174225 12.137527 30.469055 0.145424
300.000000 419.611847 190.879761 12.392822 30.969879 0.130071
300.000000 450.172424 175.593872 25.251160 53.854797 0.118561
300.000000 500.450745 165.394180 15.558411 36.660248 0.112531
300.000000 441.863190 185.133926 12.257935 30.143646 0.112431
300.000000 39.137238 187.208832 13.196480 32.368835 0.108218
300.000000 577.695435 170.644608 18.594116 39.872131 0.096026
300.000000 167.825699 191.974060 11.487762 28.752228 0.095261
300.000000 450.837189 181.177063 11.840027 31.538849 0.087766
300.000000 300.902924 187.832748 16.946228 37.473969 0.083250
300.000000 71.711967 195.437561 15.289780 37.280640 0.080999
300.000000 577.515808 173.086212 12.489868 29.908752 0.079347
300.000000 61.607296 181.261963 13.689083 32.710358 0.079341
300.000000 491.834167 158.088455 26.788879 66.275238 0.072140
300.000000 502.067566 168.260010 18.568054 46.731506 0.068892
300.000000 555.515808 198.780090 12.808228 29.219116 0.066941
300.000000 75.572838 188.270111 16.486938 41.102203 0.064573
300.000000 545.661438 188.593369 18.338745 45.643402 0.059542
300.000000 112.125519 199.070999 11.472504 29.691376 0.056410
300.000000 566.058289 175.447174 27.772461 65.153290 0.054479
300.000000 19.958755 193.785599 12.924652 32.326508 0.053894
300.000000 442.729431 183.792358 16.956970 39.264832 0.051181
300.000000 490.487854 167.687103 19.644348 45.794647 0.050984
330.000000 43.830090 162.214081 13.903778 33.427185 0.341485
330.000000 503.207520 174.533463 20.903809 49.766754 0.275093
330.000000 17.461864 199.906128 17.062466 42.711029 0.263281
330.000000 299.239746 191.268234 15.725769 37.604462 0.246608
330.000000 289.851379 200.303085 13.857300 34.782684 0.179825
330.000000 41.867916 182.310822 15.683418 35.965118 0.177143
330.000000 445.628510 187.583694 15.614136 33.776672 0.162302
330.000000 39.566238 162.378860 24.912552 64.751373 0.145272
330.000000 505.394165 161.581726 28.439575 69.642059 0.124058
330.000000 507.271393 174.653015 12.820770 31.453461 0.118629
330.000000 19.675600 198.494980 11.794407 28.035553 0.114778
330.000000 88.503235 195.585342 13.334747 31.469849 0.104466
330.000000 21.227917 165.776474 12.945210 30.920746 0.090943
330.000000 513.867249 164.535355 18.370239 43.868317 0.060131
330.000000 450.706635 185.712311 14.773926 34.504333 0.055803
330.000000 23.065010 202.836868 14.268177 35.775177 0.055646
330.000000 49.829514 180.321350 18.941460 45.642487 0.050506
360.000000 473.227325 192.032196 15.184265 34.676117 0.760461
360.000000 11.816040 179.053696 17.941299 43.080170 0.375735
360.000000 0.000000 179.939728 19.442308 52.794098 0.360993
360.000000 38.393303 186.965561 11.800362 30.501923 0.261371
360.000000 46.933861 193.796127 14.855804 34.187592 0.249526
360.000000 122.621758 197.438263 12.558571 32.037506 0.148300
360.000000 17.420990 177.159866 15.167549 37.038361 0.134557
360.000000 311.838531 190.340714 13.817505 29.273682 0.110678
360.000000 1.879049 162.337692 17.136538 43.381592 0.109340
360.000000 48.836548 190.275757 10.767624 27.100098 0.103608
360.000000 4.442708 181.801102 15.323183 31.642944 0.095212
360.000000 54.997353 184.540741 17.024704 40.337921 0.091149
360.000000 3.277369 177.015701 28.825489 55.755096 0.086806
360.000000 466.908112 192.555984 15.332581 33.871704 0.084934
360.000000 85.377823 115.436050 13.817978 32.916870 0.082298
360.000000 61.311981 185.414993 12.723038 33.009338 0.069388
360.000000 30.590015 187.408386 12.899376 26.975128 0.056715
360.000000 598.575195 190.007568 11.904907 29.009613 0.056177
360.000000 574.725098 179.534760 12.856812 28.196625 0.054925
360.000000 0.180417 170.094543 11.432796 55.294098 0.050870
390.000000 512.869568 192.069946 18.240234 44.535309 0.356397
390.000000 94.110825 204.983521 14.642151 33.475616 0.315388
390.000000 550.166016 187.391678 11.942871 30.230316 0.282409
390.000000 0.000000 188.180695 11.886545 48.961395 0.276169
390.000000 5.619614 186.000885 15.939838 33.501770 0.213532
390.000000 1.968713 180.558304 20.861961 61.562897 0.206872
390.000000 552.873291 184.312561 17.239014 39.593567 0.194575
390.000000 611.782227 183.482315 16.255249 36.887299 0.186380
390.000000 37.984524 198.043396 17.754181 39.570892 0.176286
390.000000 517.865356 205.641373 14.262939 30.231964 0.175448
390.000000 460.570740 176.142792 13.747131 32.533295 0.145800
390.000000 623.809082 142.293060 14.590454 42.199738 0.141640
390.000000 0.664028 207.169617 14.166645 43.192383 0.137110
390.000000 83.796425 201.531158 13.240158 33.092346 0.130139
390.000000 27.898823 197.069504 14.958321 36.324432 0.121431
390.000000 144.305054 200.594910 11.133179 29.604034 0.114820
390.000000 103.624435 203.391724 12.186386 31.356018 0.086440
390.000000 96.775589 203.325989 10.064758 25.157867 0.082668
390.000000 610.909119 183.670731 11.507935 28.933228 0.079679
390.000000 525.448547 189.041504 13.510254 31.528320 0.073423
390.000000 114.298615 208.357803 10.300140 25.239502 0.061605
390.000000 20.152546 186.620163 14.607811 35.354767 0.052949
390.000000 16.834526 180.878311 25.735081 59.496765 0.052535
390.000000 460.070984 176.155960 19.267090 51.238342 0.050630
420.000000 604.289551 182.303497 27.766357 70.076782 0.377479
420.000000 588.594604 179.118149 28.075439 73.015472 0.322318
420.000000 616.064819 179.624329 14.572632 35.901917 0.277905
420.000000 574.337891 183.567566 14.704956 34.745209 0.264876
420.000000 612.372681 182.639786 20.271484 46.227966 0.226912
420.000000 582.644531 180.858032 15.656616 37.633606 0.221746
420.000000 579.705444 182.440475 12.750977 31.538239 0.083583
420.000000 227.191635 185.009369 11.759674 29.009674 0.077519
420.000000 551.738586 185.341064 15.239380 35.928253 0.069342
420.000000 0.000000 181.151611 9.740746 50.878418 0.063729
420.000000 578.706299 177.947968 27.272583 72.099518 0.058709
420.000000 606.470398 206.335709 18.513550 45.506775 0.053583
450.000000 26.827785 182.674896 17.757027 41.532745 0.505707
450.000000 585.516724 180.297134 24.984741 67.891571 0.460633
450.000000 221.537033 185.212845 12.329315 30.898590 0.129329
450.000000 312.887695 189.188278 14.787781 35.606995 0.121209
450.000000 186.532410 181.523254 14.510895 34.431122 0.108101
450.000000 72.891312 182.648483 19.447052 48.257477 0.060774
450.000000 21.789108 183.107742 27.261108 56.115723 0.059351
450.000000 196.807983 172.478821 13.368195 34.160919 0.052521
480.000000 14.739978 184.387360 14.038625 36.683716 0.737518
480.000000 34.389481 183.985870 13.408241 33.595154 0.396577
480.000000 42.154793 190.311752 16.105957 31.900757 0.330748
480.000000 98.887001 169.140350 17.654541 43.605072 0.244890
480.000000 6.519638 190.669098 14.534708 33.822754 0.162618
480.000000 473.416718 150.806229 14.905640 35.114288 0.099923
480.000000 463.872223 153.658020 24.770630 55.929993 0.061309
480.000000 471.479614 147.392258 22.876892 57.997711 0.060023
480.000000 96.051102 167.997925 26.501770 62.438812 0.055039
480.000000 132.988708 167.808151 16.553223 41.519318 0.053362
480.000000 626.204102 160.035812 13.207275 35.780975 0.053204
510.000000 0.000000 145.513672 26.653824 101.928223 0.238659
510.000000 3.849979 166.675018 21.571114 48.432861 0.154617
510.000000 0.359410 138.354874 19.488701 73.882660 0.144495
510.000000 306.514832 181.751083 11.817017 27.250427 0.099766
510.000000 520.008850 132.979233 17.374878 42.119873 0.077807
510.000000 621.365356 143.397095 18.519043 64.900360 0.067957
510.000000 503.269318 153.977356 12.222687 32.323700 0.051568
540.000000 141.684891 183.415787 11.765472 27.895355 0.144955
540.000000 506.000336 141.897873 16.532379 40.429382 0.141151
540.000000 7.046657 186.770752 16.535667 40.354279 0.134379
540.000000 103.487442 176.840393 13.691696 35.183319 0.132253
540.000000 98.390778 178.188354 13.968369 37.569336 0.116900
540.000000 466.350372 173.375549 12.217834 30.030792 0.091625
540.000000 28.697674 185.443863 11.482063 28.581573 0.087411
540.000000 75.319519 189.833145 13.853989 33.458130 0.070225
540.000000 310.060760 178.257935 13.077637 30.566589 0.051728
570.000000 588.504150 126.796402 15.823975 39.401855 0.350144
570.000000 305.465729 154.464279 13.992371 32.831207 0.246204
570.000000 538.714050 113.935768 22.122803 52.947838 0.202811
570.000000 61.891262 169.022156 12.972027 31.886078 0.159754
570.000000 609.222839 145.342072 17.866455 40.809021 0.097513
570.000000 12.215681 172.513824 13.121029 34.252075 0.096375
570.000000 624.518127 135.407684 15.395874 67.619629 0.061651
570.000000 625.041748 136.395599 14.677246 34.247253 0.060583
570.000000 39.558109 151.161804 16.320427 41.298645 0.060531
570.000000 66.016212 172.438644 12.409424 31.924774 0.056013
570.000000 534.782227 115.376442 19.311035 42.815483 0.053382
570.000000 567.528198 112.648666 22.674805 56.337433 0.053224
600.000000 581.220276 108.493011 26.485962 74.282837 0.632481
600.000000 478.278320 171.879868 16.012329 36.872406 0.292279
600.000000 100.739319 179.889282 13.653717 34.064209 0.240004
600.000000 59.518631 178.942017 11.076813 26.791443 0.222368
600.000000 44.368168 183.314545 12.313965 31.540833 0.211453
600.000000 500.302246 163.123611 15.079041 35.325348 0.188792
600.000000 563.862305 86.733231 17.893799 39.259766 0.145505
600.000000 583.251831 157.822678 10.776367 25.047058 0.118111
600.000000 34.526875 184.496750 16.753639 36.526306 0.098773
600.000000 585.001526 111.286903 19.911499 48.029808 0.073038
600.000000 595.654846 154.263397 14.776855 30.102997 0.064913
600.000000 0.000000 141.225540 15.324453 82.530304 0.051145
630.000000 539.957947 168.901321 18.905151 46.604645 0.331910
630.000000 314.526245 179.166061 12.494995 31.145966 0.142438
630.000000 41.922424 202.893921 13.092117 33.619415 0.135577
630.000000 544.724854 169.733337 14.307739 31.137177 0.125638
630.000000 532.609253 170.450119 13.542236 35.924133 0.089274
630.000000 233.848633 152.860306 13.689087 34.978027 0.068016
630.000000 540.164246 170.168549 13.754517 31.870605 0.063946
660.000000 611.281555 167.679749 16.441650 38.107819 0.233763
660.000000 610.197754 165.206345 24.351318 62.374847 0.217879
660.000000 463.469360 178.940216 13.350525 32.548279 0.088691
660.000000 483.977875 176.892212 15.689453 37.213257 0.061978
690.000000 508.424042 176.729401 19.138824 47.701416 0.944635
690.000000 492.944794 178.149002 19.056976 46.014130 0.872353
690.000000 536.279846 173.859604 23.751587 57.211151 0.803915
690.000000 499.909088 176.058899 17.128571 42.632019 0.291655
690.000000 503.995056 176.254333 12.357544 29.450562 0.194938
690.000000 622.303223 190.388306 17.399414 42.600952 0.177073
690.000000 623.261108 187.397202 12.793335 31.207642 0.116972
690.000000 505.963837 179.228592 14.910126 37.549683 0.105308
690.000000 484.841888 187.648453 14.398254 36.212036 0.090996
690.000000 498.241302 176.063751 12.758301 30.517365 0.067769
690.000000 192.003586 166.617035 14.716614 34.140900 0.059122
690.000000 326.806488 189.743362 12.366943 28.710022 0.059030
690.000000 520.589417 174.475571 24.921143 57.916779 0.056268
690.000000 57.448822 192.336487 12.648643 31.028442 0.050012
720.000000 589.719116 174.028244 25.082153 67.193817 0.989299
720.000000 573.887085 185.189453 23.732544 56.277710 0.911669
720.000000 78.543961 192.747208 13.194366 33.320312 0.337341
720.000000 332.454926 193.264664 11.716370 27.279510 0.270115
720.000000 28.022095 192.663727 12.591072 30.468414 0.241176
720.000000 570.580078 185.956070 16.440186 41.324005 0.231972
720.000000 87.904770 192.150848 13.140594 32.830933 0.200312
720.000000 514.406799 202.443359 13.048828 31.503723 0.195278
720.000000 449.749969 206.492889 15.155701 37.045593 0.085770
720.000000 584.079163 178.917557 20.739258 53.330261 0.076887
720.000000 511.945648 184.287125 18.091644 45.913055 0.075762
720.000000 274.925934 194.824051 11.978577 28.715576 0.074460
720.000000 83.905495 191.724518 19.834045 46.084015 0.073690
720.000000 105.197746 194.690765 12.724823 30.057220 0.073604
720.000000 39.857655 192.522461 12.322487 31.385315 0.065046
720.000000 6.490586 199.801544 14.422531 35.273407 0.058937
720.000000 590.080444 175.395493 16.489258 40.630035 0.054849
720.000000 337.051422 193.994873 10.440796 26.675110 0.054027
720.000000 479.386841 193.320312 13.247681 31.725922 0.051593
750.000000 493.446442 176.364288 20.733734 49.457916 0.516086
750.000000 263.953064 198.519745 12.367676 29.356201 0.300488
750.000000 499.806641 178.379669 12.220459 32.048096 0.288610
750.000000 509.238434 174.187683 21.070709 50.630432 0.268962
750.000000 19.276890 176.398560 19.377464 45.879578 0.157758
750.000000 258.644806 199.230377 12.513489 29.659851 0.153338
750.000000 547.825439 178.200439 15.301147 36.361298 0.126472
750.000000 33.119728 165.267227 21.672180 52.967133 0.121341
750.000000 539.566223 174.297684 27.714478 57.620300 0.105239
750.000000 620.137939 208.625946 13.634155 35.752991 0.100297
750.000000 475.440613 151.815704 25.139709 62.854340 0.097768
750.000000 547.875061 195.068481 16.601929 42.579407 0.079582
750.000000 514.290161 174.182770 13.156982 34.510468 0.063135
750.000000 553.214783 190.319870 18.975952 44.677216 0.060475
750.000000 544.343445 187.237427 29.596313 60.064392 0.054238
750.000000 134.631729 194.328186 12.202240 31.377991 0.054106
780.000000 615.052063 173.195267 24.544312 68.805603 0.167915
780.000000 417.311920 168.836960 14.163574 37.412201 0.156306
780.000000 327.861694 192.286713 11.814636 27.642761 0.083778
780.000000 10.013037 190.182510 14.485069 37.126709 0.070023
780.000000 502.923950 165.296753 27.081543 59.004059 0.065597
780.000000 431.415710 176.516800 15.730530 38.178040 0.064397
780.000000 123.041519 196.902573 16.384247 39.212555 0.057642
810.000000 392.761627 173.960709 12.291870 32.901093 0.089793
810.000000 308.826263 193.616562 11.796509 27.376526 0.085777
810.000000 446.193390 169.993835 13.602173 33.041229 0.059139
810.000000 477.023682 171.422501 14.133240 33.168121 0.058138
810.000000 465.979675 178.508957 16.085754 38.827759 0.053776
810.000000 499.631165 134.547348 33.963013 90.031372 0.051321
840.000000 194.194702 184.282608 11.364502 27.206573 0.402208
840.000000 146.722290 190.122253 13.507202 33.480377 0.177818
840.000000 573.378662 164.658493 34.668579 76.026611 0.116467
840.000000 59.228523 204.393982 29.344696 62.923187 0.102111
840.000000 75.306374 199.553680 15.491287 37.732483 0.100929
840.000000 111.876396 192.439896 11.944077 30.628265 0.086058
840.000000 198.861664 184.355515 12.468872 30.981110 0.082931
840.000000 177.461212 181.281433 12.165253 31.236145 0.075659
840.000000 161.137527 181.969528 12.610748 32.116180 0.074314
840.000000 172.332016 180.698532 14.464874 35.160431 0.073585
840.000000 133.249084 195.782898 12.469666 29.704163 0.055136
840.000000 190.309769 184.723221 10.650604 25.552643 0.053084
840.000000 59.001469 207.214310 19.858845 43.713379 0.052792
870.000000 50.585720 151.897156 14.269947 34.866699 0.306418
870.000000 109.078346 155.323517 22.131065 55.196198 0.280915
870.000000 5.293620 192.746277 20.582054 50.442383 0.223917
870.000000 25.935284 198.415024 16.625694 42.694550 0.189122
870.000000 124.396561 174.478806 12.326569 28.671661 0.163457
870.000000 67.437706 177.732071 14.219498 35.739624 0.138594
870.000000 29.749866 141.272034 12.851028 32.906555 0.136613
870.000000 12.549510 195.956802 17.791584 43.844910 0.133230
870.000000 60.862286 175.276138 19.966160 48.272705 0.132259
870.000000 17.322086 193.351944 15.055149 36.384064 0.129955
870.000000 131.467987 159.075653 20.187164 51.544220 0.124274
870.000000 167.380127 168.388138 16.229919 40.156647 0.113929
870.000000 0.070265 195.437485 11.890299 41.423096 0.112020
870.000000 22.698090 194.696503 15.874790 36.485596 0.103909
870.000000 73.058090 175.179642 12.132584 29.418732 0.093697
870.000000 401.899933 188.946518 11.329651 27.256866 0.078629
870.000000 520.865540 162.613953 13.842041 35.407043 0.066629
870.000000 81.768967 174.831100 12.580399 31.784454 0.053822
870.000000 70.724854 176.597717 17.533295 42.403809 0.051684
900.000000 138.675842 162.383728 16.196289 39.221375 0.396316
900.000000 45.280098 191.496277 13.256577 32.675629 0.328969
900.000000 23.142939 197.349075 13.548204 32.312714 0.315534
900.000000 50.205448 192.879333 12.840248 30.946533 0.223952
900.000000 39.238716 192.683075 12.545570 31.135223 0.185362
900.000000 62.674969 182.382523 13.523952 33.462067 0.182004
900.000000 441.426361 124.257858 16.161133 40.169647 0.159130
900.000000 19.213266 196.030594 12.639370 31.369873 0.145766
900.000000 468.781525 151.875229 21.425598 49.681488 0.125776
900.000000 139.460724 158.474976 21.621307 54.853088 0.112435
900.000000 167.688507 175.048843 17.704468 42.411835 0.111589
900.000000 487.903595 168.301697 14.203064 33.666595 0.099495
900.000000 58.949432 189.681290 14.709061 36.831421 0.087964
900.000000 521.481567 133.833374 16.804077 40.423492 0.084921
900.000000 192.961365 178.072861 15.141663 37.090240 0.078875
900.000000 506.426208 177.873688 18.309326 43.850494 0.073585
900.000000 0.000000 187.258759 9.010252 39.238434 0.070372
900.000000 571.866394 125.403549 16.207886 40.565125 0.062611
900.000000 521.319092 157.971207 17.560059 44.209045 0.055977
900.000000 151.803146 160.834930 12.136078 28.788879 0.050728
930.000000 40.395889 193.411301 10.798492 28.194183 0.614103
930.000000 580.425964 165.092972 15.841919 37.398865 0.515869
930.000000 563.452576 167.402786 13.437988 32.209808 0.300763
930.000000 571.835571 175.759537 11.669556 25.896942 0.170415
930.000000 116.027184 189.857559 13.478600 33.443848 0.164983
930.000000 215.447754 192.240417 11.973969 28.612671 0.160857
930.000000 622.593384 167.384277 13.719360 29.218719 0.141468
930.000000 10.856771 183.281906 13.376831 27.318481 0.127152
930.000000 49.940994 193.913620 10.877640 27.460815 0.112167
930.000000 390.904846 171.156555 15.199402 34.496155 0.109691
930.000000 576.951843 165.031113 22.125488 56.101624 0.076357
930.000000 591.029053 170.431458 13.817505 32.345520 0.076164
930.000000 35.474545 192.445251 12.148018 27.719452 0.070692
930.000000 0.049481 176.726608 12.544518 38.885162 0.070259
930.000000 105.680305 199.114716 12.744980 30.018341 0.066969
930.000000 559.882568 169.424332 20.958130 53.653015 0.064572
930.000000 523.010864 186.106583 13.448608 32.289612 0.060977
930.000000 568.711243 177.438019 15.841675 40.980804 0.054262
930.000000 621.039368 166.990005 16.802002 54.520782 0.053277
960.000000 609.719788 183.609253 16.094116 37.019714 0.413391
960.000000 558.225464 179.952698 12.128418 30.467102 0.181588
960.000000 620.639343 177.456253 16.230347 44.248810 0.155403
960.000000 578.776917 186.304337 16.923828 37.906342 0.142950
960.000000 113.173759 165.953278 23.258766 57.515594 0.119358
960.000000 92.338333 156.192932 21.202744 54.468384 0.103450
960.000000 115.312714 170.727951 16.869003 38.154175 0.093332
990.000000 461.108063 5.585920 20.710754 48.958946 0.240173
990.000000 565.422791 151.793518 16.759888 38.394287 0.175138
990.000000 569.997070 188.604324 13.876465 30.810791 0.160599
990.000000 476.100769 183.466232 15.822266 37.528198 0.118296
990.000000 483.573975 195.310074 12.920593 28.281555 0.109329
990.000000 592.863831 152.901886 18.585815 46.361908 0.108569
990.000000 539.700439 178.032837 16.169678 40.866852 0.107786
990.000000 566.507629 190.303360 12.114014 31.412964 0.094738
990.000000 60.861992 186.408691 11.317841 28.810944 0.088642
990.000000 96.300781 183.655792 11.588211 27.878693 0.076971
990.000000 597.443604 153.916321 13.380493 31.226685 0.058791
990.000000 58.052082 195.847610 16.274548 39.525452 0.055114
990.000000 543.997253 159.696548 16.440674 38.842102 0.053060
1020.000000 1.363481 185.674957 13.511044 32.992462 0.609946
1020.000000 598.582520 171.990326 23.054443 53.078461 0.475705
1020.000000 24.707350 189.303192 10.958498 27.212982 0.257855
1020.000000 506.903473 173.235657 17.258636 38.636475 0.256323
1020.000000 20.103418 187.753708 12.351332 27.294373 0.213948
1020.000000 90.370560 186.163818 13.416260 30.027527 0.145484
1020.000000 592.841736 172.979706 20.497437 50.054840 0.135076
1020.000000 502.875763 171.025299 15.933502 37.565063 0.129409
1020.000000 44.868938 181.529434 13.669739 30.911682 0.104628
1020.000000 596.424194 174.528961 12.645630 32.303802 0.104626
1020.000000 0.052144 183.939407 7.823143 36.174377 0.094914
1020.000000 502.356079 171.000610 25.581177 59.583221 0.091609
1020.000000 524.849304 177.587128 10.491821 30.996155 0.075368
1020.000000 13.250019 188.889191 11.425915 30.381470 0.068623
1020.000000 625.011536 188.153976 14.761597 37.338959 0.060531
1020.000000 9.837406 188.846786 10.643612 27.817230 0.058951
1020.000000 617.020203 141.960587 22.979797 87.646088 0.052448
1020.000000 522.899170 176.589417 16.282227 40.800049 0.050841
1050.000000 466.394501 162.253448 15.076782 35.713867 0.447001
1050.000000 457.239410 163.275497 13.734802 33.541473 0.324988
1050.000000 461.408997 161.101074 22.187195 50.803406 0.311889
1050.000000 93.940262 167.686066 10.486496 26.497589 0.260995
1050.000000 601.441589 145.439896 19.833252 47.732391 0.210489
1050.000000 78.917824 165.727676 15.583054 40.332794 0.159196
1050.000000 453.944763 164.545334 19.917847 45.345673 0.148301
1050.000000 598.001404 144.525116 28.387573 71.561707 0.120663
1050.000000 1.628035 164.902832 14.219614 37.482880 0.100715
1050.000000 24.887482 176.852997 14.592232 33.490479 0.097580
1050.000000 129.702942 172.307022 12.057770 27.394623 0.091652
1050.000000 77.945084 165.119476 10.865555 28.259186 0.065320
1050.000000 462.518555 161.245010 14.244202 30.941071 0.060274
1050.000000 540.822571 145.351257 33.303223 68.817871 0.052537
1050.000000 603.357300 146.753616 14.340698 32.487457 0.052417
1080.000000 43.861092 174.256073 13.608757 33.056122 0.707376
1080.000000 31.848721 176.948700 12.666725 31.542755 0.441402
1080.000000 606.542786 129.402863 16.124634 39.698792 0.197290
1080.000000 498.049377 154.348618 14.199768 33.091705 0.174109
1080.000000 60.495270 181.367905 11.587250 28.923065 0.143857
1080.000000 7.888428 171.594849 19.906128 45.570007 0.131283
1080.000000 562.631165 159.639709 17.732666 40.560516 0.128296
1080.000000 534.042969 167.397552 11.051880 28.399933 0.125153
1080.000000 86.792778 179.797516 15.077988 34.025543 0.124892
1080.000000 509.400879 182.793579 13.366333 32.824341 0.123104
1080.000000 494.678162 156.298828 21.193787 55.496948 0.122421
1080.000000 569.845581 159.135208 11.289917 29.029541 0.088599
1080.000000 602.943542 146.510910 15.589111 37.529999 0.087536
1080.000000 586.565186 140.902603 26.762207 62.255707 0.067713
1080.000000 600.816711 126.636017 23.797363 58.665710 0.060087
1080.000000 46.895706 184.110046 13.544090 32.802155 0.056228
1080.000000 621.620972 137.741562 18.199463 75.937744 0.052360
1080.000000 515.373108 185.459961 13.135864 31.485443 0.051493
1080.000000 531.483215 168.061996 16.367065 41.429871 0.050496
1110.000000 477.179901 179.983902 16.815552 39.669708 0.354455
1110.000000 173.611908 170.882950 17.956482 41.831207 0.190222
1110.000000 427.524506 169.315918 14.422058 34.705322 0.187832
1110.000000 480.826935 178.707565 12.023315 29.567719 0.144379
1110.000000 26.494324 190.311050 14.970909 36.741425 0.116208
1110.000000 201.205658 172.999039 14.783997 33.465424 0.099125
1110.000000 475.185120 182.734283 12.694092 34.106323 0.080479
1110.000000 593.008545 153.832306 25.346069 59.767181 0.078495
1110.000000 455.737061 180.076233 12.820618 30.466736 0.076599
1110.000000 211.412109 172.940079 11.593353 29.699249 0.071396
1110.000000 309.519104 182.157898 10.292603 23.341949 0.059522
1110.000000 448.810455 180.185516 14.975403 33.174622 0.052586
1140.000000 14.935375 159.053177 22.109474 53.911194 0.326916
1140.000000 17.776438 155.607513 15.732843 37.102905 0.324132
1140.000000 562.331543 183.724091 18.916870 41.533478 0.262140
1140.000000 102.024315 199.391785 15.193512 37.266205 0.191396
1140.000000 510.011536 183.304001 14.994751 34.485077 0.191057
1140.000000 546.066162 186.994415 18.810547 47.297668 0.121241
1140.000000 490.063477 184.340210 12.924805 31.488861 0.111606
1140.000000 536.108215 186.660919 10.552002 27.889069 0.109512
1140.000000 136.324234 190.728958 11.352020 27.636749 0.106239
1140.000000 555.303101 184.349838 28.351196 58.129944 0.099858
1140.000000 119.056854 189.078964 12.825882 32.094482 0.081024
1140.000000 573.435913 181.053284 16.459351 39.758759 0.080594
1140.000000 525.626343 181.577255 16.371582 37.481689 0.080229
1140.000000 507.867249 180.037720 21.999756 52.616852 0.068330
1140.000000 531.704529 183.659012 13.011353 27.902100 0.054029
1140.000000 528.948853 181.409348 11.593384 24.665619 0.053114
1170.000000 65.121696 197.829727 13.202682 30.902863 0.344440
1170.000000 13.430214 201.853363 12.508434 27.821838 0.313307
1170.000000 569.135864 174.668884 13.874512 34.594879 0.307408
1170.000000 546.814087 184.726013 16.632324 40.382904 0.259206
1170.000000 562.773743 180.244568 14.927124 35.509735 0.219284
1170.000000 565.534790 177.161697 19.735718 46.097595 0.204212
1170.000000 541.890869 182.484955 25.215942 58.925903 0.187582
1170.000000 623.875610 183.705933 14.604248 34.736084 0.170952
1170.000000 383.049103 183.658081 12.620605 34.294678 0.156343
1170.000000 558.461487 178.895126 22.543945 52.053375 0.123881
1170.000000 432.145660 178.552979 15.366760 37.547546 0.113042
1170.000000 618.459290 184.710464 21.510254 59.259552 0.111396
1170.000000 521.375854 188.564850 17.100708 36.689636 0.101982
1170.000000 363.124512 184.747177 11.503235 26.693146 0.100492
1170.000000 30.443792 192.045883 13.088800 32.195404 0.082697
1170.000000 565.562439 176.492523 10.755371 29.230560 0.074150
1170.000000 490.097900 189.905563 13.265320 31.146698 0.073751
1170.000000 213.030777 171.167862 12.946198 30.025574 0.062267
1170.000000 62.209839 203.079987 13.823730 34.173889 0.055105
1170.000000 27.172375 195.002640 20.178596 37.548950 0.053499
1200.000000 590.845459 177.513306 19.231079 46.415985 0.437991
1200.000000 0.000000 170.601151 18.751396 61.520966 0.285229
1200.000000 502.203400 166.969650 13.086578 32.225067 0.270236
1200.000000 2.378518 201.389557 12.698378 31.339142 0.238777
1200.000000 364.196716 184.365280 11.172302 28.529388 0.158183
1200.000000 579.738647 179.125092 16.356201 42.896942 0.114245
1200.000000 499.244934 166.069229 18.610046 47.757965 0.106734
1200.000000 0.097214 196.367065 10.757679 39.605194 0.106026
1200.000000 391.679260 188.773941 14.277161 36.809753 0.103737
1200.000000 549.213135 187.843689 13.312012 33.875763 0.089063
1200.000000 594.473633 178.004929 12.746704 30.653076 0.081868
1200.000000 107.755226 187.722031 14.820374 36.775055 0.074108
1200.000000 507.346985 169.438751 13.977295 33.720520 0.068935
1200.000000 4.167702 175.690720 18.205503 45.053802 0.066325
1200.000000 586.916565 175.080292 26.704590 67.186218 0.065000
1200.000000 138.599335 184.043839 12.362976 30.719116 0.059932
1200.000000 510.315277 174.127869 16.489288 38.091888 0.055198
1200.000000 202.050079 169.255859 16.138611 36.102539 0.053491
1200.000000 73.625809 194.337341 13.208054 30.601318 0.052456
1230.000000 434.097992 186.156189 14.122070 35.686493 0.288654
1230.000000 368.617340 184.880295 12.529175 30.466736 0.247761
1230.000000 403.189606 188.281189 15.761536 43.162476 0.204914
1230.000000 399.524384 192.195175 10.969543 28.027466 0.157379
1230.000000 58.194824 204.473175 13.149399 33.099335 0.152888
1230.000000 450.362610 189.933960 13.016113 30.772980 0.142260
1230.000000 523.424255 183.878891 15.153687 35.171722 0.100871
1230.000000 110.979996 107.247192 12.853073 30.342514 0.094946
1230.000000 118.202377 111.934212 15.079590 33.966530 0.078806
1230.000000 126.861412 190.483948 12.778130 30.407959 0.077727
1230.000000 228.021011 177.318314 11.664307 29.432495 0.074615
1230.000000 553.603394 159.946121 16.886353 39.983948 0.069456
1230.000000 115.389671 103.243843 15.615135 32.525551 0.059324
1230.000000 2.103909 133.921783 13.004257 32.523926 0.057508
1230.000000 432.319489 185.101166 11.279541 28.987488 0.054909
1230.000000 86.821823 195.258484 11.097397 27.900665 0.050221
1260.000000 482.039703 184.736588 12.394165 31.251007 0.313194
1260.000000 457.725830 186.716827 15.236755 36.849091 0.281830
1260.000000 417.069611 174.181442 23.607178 63.863068 0.250862
1260.000000 118.023254 193.976212 14.117859 35.399384 0.239115
1260.000000 479.034027 189.006409 11.897766 28.107025 0.227296
1260.000000 379.962830 184.054810 15.495544 38.813354 0.206144
1260.000000 141.502975 195.970917 10.417419 26.116516 0.190026
1260.000000 84.517601 180.519562 16.333817 40.265594 0.134700
1260.000000 577.399597 180.042236 13.957642 34.109436 0.120303
1260.000000 463.621826 189.153900 12.455017 32.820465 0.114031
1260.000000 424.361908 178.686493 16.148132 37.289490 0.102306
1260.000000 77.841850 177.843231 13.307556 32.833893 0.069267
1260.000000 45.619183 187.509964 16.538094 40.780823 0.064684
1260.000000 468.490723 189.809296 11.752808 31.252441 0.062905
1260.000000 86.306068 175.833054 12.023956 29.379608 0.060620
1260.000000 364.117554 190.957932 10.979309 27.679901 0.056359
1260.000000 569.244263 179.736481 29.278687 70.450073 0.055506
1260.000000 72.518677 176.469116 14.108261 33.548981 0.054842
1260.000000 386.584534 177.103271 11.583374 26.588043 0.054013
1260.000000 547.008423 194.299011 20.615601 47.330505 0.051980
1260.000000 74.023933 175.470581 19.560989 47.060516 0.051441
1290.000000 446.308990 171.460037 23.439209 56.870697 0.523292
1290.000000 382.103485 181.673431 17.577576 44.238373 0.328598
1290.000000 452.784241 172.580811 15.471741 37.210693 0.279848
1290.000000 482.334656 185.315033 13.331726 32.866119 0.231214
1290.000000 174.868942 181.626007 11.785706 30.395691 0.207624
1290.000000 148.913498 153.788391 15.945465 30.770050 0.185240
1290.000000 142.997452 153.671417 24.799500 57.779083 0.179155
1290.000000 16.038399 96.292923 16.056038 37.158447 0.164393
1290.000000 226.191101 178.715973 11.604889 28.428833 0.139828
1290.000000 32.069824 177.458939 12.220612 31.213715 0.130415
1290.000000 472.800201 186.769531 13.081482 29.269440 0.111393
1290.000000 467.993561 185.085587 18.577209 42.621796 0.109577
1290.000000 196.237183 173.364227 11.571167 27.342529 0.108427
1290.000000 21.067364 177.566177 12.956902 31.592285 0.103539
1290.000000 486.667175 184.978867 17.327271 40.623474 0.100357
1290.000000 104.197678 195.882355 14.677109 33.958649 0.098380
1290.000000 206.032074 173.427475 12.439331 27.116974 0.094574
1290.000000 493.238159 186.216583 11.737488 31.191315 0.088645
1290.000000 402.534454 173.005966 13.160217 32.495056 0.081428
1290.000000 8.217605 177.225113 13.366822 31.742920 0.074846
1290.000000 22.349442 160.504211 12.623997 28.921753 0.074426
1290.000000 488.696655 185.589310 11.159119 29.667603 0.070453
1290.000000 184.671738 178.308670 12.468262 32.078247 0.069471
1290.000000 446.534576 170.929214 15.703125 37.811584 0.068267
1290.000000 3.044028 186.615356 17.545055 47.624695 0.065870
1290.000000 500.970764 180.365601 17.939819 43.001160 0.063244
1290.000000 206.427185 180.009125 13.361847 30.949768 0.058154
1290.000000 591.587585 167.679092 16.610474 39.758057 0.055777
1290.000000 439.850800 175.915268 19.415588 41.577423 0.055150
1290.000000 213.727890 175.210327 10.954010 26.380585 0.055098
1320.000000 549.977478 182.270309 20.868042 48.365753 0.790005
1320.000000 385.062256 183.932007 18.006592 47.463470 0.650621
1320.000000 479.465057 160.734756 33.828400 82.977386 0.487841
1320.000000 546.384949 181.239182 16.842773 42.463959 0.475561
1320.000000 224.685547 173.958481 12.088226 30.328064 0.318224
1320.000000 201.010010 172.390839 13.778961 34.164307 0.255556
1320.000000 220.366379 175.058777 13.020416 32.746033 0.191559
1320.000000 78.969666 153.630264 11.972122 28.608978 0.162544
1320.000000 556.832947 184.511032 15.567627 35.059174 0.144898
1320.000000 469.081879 179.042419 14.032593 35.449524 0.128947
1320.000000 524.775146 181.668488 22.486816 53.463562 0.111447
1320.000000 69.967003 154.361298 24.357513 60.164185 0.104393
1320.000000 112.048088 144.944580 13.064819 31.154022 0.097252
1320.000000 132.515808 185.585693 12.435486 30.026886 0.096143
1320.000000 74.934464 155.523987 16.595230 39.560394 0.093961
1320.000000 436.320190 148.731003 27.766357 64.867706 0.084018
1320.000000 157.173615 189.496170 12.145599 31.258148 0.081294
1320.000000 149.867172 184.573303 14.305634 36.167053 0.079389
1320.000000 471.646667 166.867416 27.421997 66.026093 0.076719
1320.000000 249.856750 176.559845 11.352112 29.660370 0.066196
1320.000000 17.504488 152.961090 27.529188 63.542786 0.065191
1320.000000 193.578217 177.832886 12.865662 30.746674 0.058925
1320.000000 505.790222 183.181671 19.916382 50.261230 0.055417
1350.000000 16.240557 193.951309 15.276588 39.050415 0.895178
1350.000000 6.141189 195.488892 15.456689 36.927948 0.832381
1350.000000 401.551544 180.946320 20.268555 54.341064 0.513599
1350.000000 95.803719 140.335938 13.870270 33.036377 0.293062
1350.000000 213.166931 173.213623 14.163513 37.603668 0.275105
1350.000000 548.533875 139.210571 55.574585 141.804077 0.232790
1350.000000 168.361740 174.877396 11.862122 27.606720 0.203578
1350.000000 173.253128 174.346603 12.488281 28.135895 0.197565
1350.000000 136.645767 184.202850 13.705200 33.090698 0.189016
1350.000000 396.246429 188.201813 14.095886 34.785278 0.180314
1350.000000 445.714966 192.634827 13.285034 33.892883 0.177827
1350.000000 85.061783 137.783035 13.257675 31.581970 0.158566
1350.000000 11.201426 198.456696 14.619476 34.403107 0.154479
1350.000000 163.871979 166.836533 13.412384 32.881470 0.134080
1350.000000 220.460724 172.432556 12.098877 28.818390 0.130817
1350.000000 0.000000 190.566833 9.666113 40.182220 0.128862
1350.000000 26.704449 190.361908 13.380981 34.140930 0.124931
1350.000000 100.860786 191.445160 11.801254 31.951935 0.111476
1350.000000 434.960144 192.498047 12.671204 30.515198 0.107013
1350.000000 38.638889 135.450439 13.189957 32.390442 0.091580
1350.000000 532.502625 186.412338 16.807739 40.348694 0.082895
1350.000000 231.706161 168.375580 13.281860 32.586639 0.079605
1350.000000 101.473763 144.376968 13.400116 33.464478 0.073638
1350.000000 443.490997 194.864075 10.899475 29.712769 0.066264
1350.000000 132.438507 145.974335 14.685547 34.181702 0.064324
1350.000000 462.525970 176.798096 14.265686 34.170380 0.063224
1350.000000 447.754974 193.304489 16.633179 40.401855 0.061631
1350.000000 123.000397 196.703751 11.048615 29.461487 0.061014
1350.000000 429.547394 193.648590 13.603699 31.529297 0.057147
1350.000000 143.601608 182.570679 11.804199 26.638550 0.055980
1350.000000 2.371330 195.538712 12.913786 37.003235 0.055804
1350.000000 182.197571 176.343597 14.677338 34.304352 0.054173
1380.000000 431.352081 176.762756 25.800659 65.156647 0.881111
1380.000000 440.375427 179.914047 14.373718 35.079010 0.275503
1380.000000 482.608978 186.019608 14.122437 30.998627 0.257708
1380.000000 423.510864 188.197571 15.871460 37.840515 0.217180
1380.000000 220.064667 170.008621 13.527252 34.401215 0.212644
1380.000000 502.107147 183.900314 11.735382 30.586731 0.167234
1380.000000 453.536591 187.506546 13.188843 31.564575 0.161399
1380.000000 158.568832 169.693481 16.951477 41.804565 0.124483
1380.000000 524.488708 185.423340 12.834351 31.404205 0.117387
1380.000000 571.011292 87.674126 15.203979 34.534927 0.112929
1380.000000 500.262970 187.022278 15.538727 39.559143 0.110057
1380.000000 214.864517 172.462875 15.400848 37.424042 0.108090
1380.000000 174.266022 177.425125 13.096222 32.255066 0.101771
1380.000000 433.664093 180.264023 13.995667 33.288971 0.083300
1380.000000 445.003143 182.297562 11.724426 27.684052 0.071699
1380.000000 431.182373 182.012756 11.117981 28.044830 0.069117
1380.000000 166.222595 168.325714 16.112854 40.967926 0.064343
1380.000000 102.462158 200.908295 10.164719 26.905273 0.061413
1380.000000 467.471100 183.690659 12.140564 29.690643 0.056650
1380.000000 480.720886 184.882904 19.418030 47.411072 0.053001
1380.000000 531.701782 180.708496 13.985962 33.998535 0.051976
1410.000000 444.660400 165.381271 31.145386 84.183411 0.669851
1410.000000 546.789612 181.773987 13.829590 34.056122 0.565932
1410.000000 138.337463 167.575836 19.712860 47.635437 0.429337
1410.000000 509.694244 189.366730 12.864471 31.658661 0.325194
1410.000000 551.701965 182.506241 11.684326 28.773315 0.248771
1410.000000 373.348785 190.772385 10.277893 26.533325 0.243944
1410.000000 141.400391 166.007233 13.704132 34.973663 0.212465
1410.000000 153.620422 168.197296 21.105469 52.912231 0.152659
1410.000000 544.983582 180.319901 20.704102 46.364288 0.147909
1410.000000 376.854156 190.262466 11.543640 28.041168 0.106163
1410.000000 608.013611 178.412231 19.495728 51.358765 0.080623
1410.000000 553.720459 187.452118 17.316650 41.122101 0.080241
1410.000000 107.684418 175.907028 16.894760 41.879333 0.076476
1410.000000 540.670227 183.346924 14.288086 32.597076 0.076076
1410.000000 60.425850 168.373703 16.386322 39.372925 0.075403
1410.000000 152.172867 165.765762 14.213470 34.923431 0.066628
1410.000000 122.118607 173.508972 17.263062 42.544281 0.063412
1410.000000 146.516327 168.669998 19.063873 44.612976 0.062871
1410.000000 558.040039 184.514374 11.367676 28.092621 0.062663
1410.000000 584.546021 188.052612 14.048950 32.558472 0.058792
1410.000000 130.990448 167.545029 31.372711 62.918579 0.057871
1410.000000 593.054626 187.723495 15.685669 34.783417 0.054519
1410.000000 612.992920 178.637726 13.724731 35.149963 0.051635
1410.000000 449.999084 169.556778 22.917664 55.659821 0.051559
1440.000000 428.171600 156.369781 38.966431 105.854248 0.752449
1440.000000 572.067993 199.483673 17.224487 41.259705 0.609908
1440.000000 73.536263 190.404663 12.420731 31.058716 0.576449
1440.000000 112.529228 191.063690 10.852310 25.929871 0.382123
1440.000000 352.016876 190.748993 12.683716 29.407898 0.282257
1440.000000 107.986206 191.110077 10.458374 26.582184 0.272714
1440.000000 121.728584 194.527145 10.005577 23.254181 0.231200
1440.000000 23.816704 194.034439 13.132717 32.106201 0.206454
1440.000000 448.454437 166.579300 27.666321 69.501343 0.179335
1440.000000 152.486954 189.251816 12.263000 29.975281 0.165872
1440.000000 625.007874 209.690094 12.377319 29.794373 0.161948
1440.000000 145.857391 190.612030 10.296600 24.121735 0.150374
1440.000000 475.067505 187.081573 14.396973 35.414886 0.141760
1440.000000 564.093567 184.098511 15.354614 38.441345 0.119707
1440.000000 586.134033 191.367050 16.942871 39.017883 0.117077
1440.000000 480.733337 174.731766 13.594971 32.135010 0.111092
1440.000000 615.988159 199.736298 12.873779 29.879425 0.094431
1440.000000 11.337004 147.126755 15.135902 35.389282 0.088400
1440.000000 540.909668 192.530289 14.910889 34.904968 0.080391
1440.000000 13.357115 195.120865 12.934593 31.906097 0.076676
1440.000000 619.543762 208.454086 16.534424 42.554779 0.073460
1440.000000 453.359131 168.605270 19.696838 48.101837 0.071116
1440.000000 561.084167 179.991409 23.424072 57.052399 0.067837
1440.000000 603.871399 200.844772 17.160522 38.023132 0.063566
1440.000000 66.540070 192.525284 12.434662 29.249634 0.061861
1440.000000 37.528229 190.810532 12.826118 30.679474 0.060460
1440.000000 5.605941 146.520935 21.583275 54.729156 0.055271
1440.000000 59.177998 193.993378 12.589748 31.997711 0.054688
1440.000000 612.627136 204.206512 16.881226 40.188049 0.054595
1440.000000 566.614502 205.197708 14.931763 35.649750 0.054146
1440.000000 103.674088 192.138199 10.941055 24.376007 0.051799
1470.000000 459.491180 137.620163 46.753723 125.979141 0.572994
1470.000000 18.629234 189.068726 12.594402 29.730774 0.492520
1470.000000 426.154053 184.668213 12.310608 28.624817 0.373666
1470.000000 476.358459 53.663200 18.685974 44.154114 0.340895
1470.000000 8.573053 191.964951 12.844400 32.595398 0.296567
1470.000000 56.825653 187.143707 13.685722 33.932373 0.188286
1470.000000 456.264130 136.691498 34.532593 78.333099 0.184418
1470.000000 542.968384 177.698441 14.287842 36.105164 0.147632
1470.000000 485.857269 157.424927 23.667603 62.088348 0.117976
1470.000000 592.095947 177.433929 24.452515 57.645966 0.097629
1470.000000 596.081665 169.381073 32.739990 78.748413 0.096574
1470.000000 594.814880 178.137955 17.205078 40.255341 0.090310
1470.000000 490.760925 56.378757 14.839905 36.347439 0.088738
1470.000000 338.061340 187.021698 11.761536 28.113312 0.086966
1470.000000 552.902100 173.316895 16.961548 44.976562 0.069111
1470.000000 105.307671 191.438354 11.531219 29.424530 0.067250
1470.000000 556.414795 187.174911 14.592041 36.001923 0.064351
1470.000000 30.797098 194.395355 13.412268 33.728851 0.064084
1470.000000 566.268982 184.168228 14.450439 36.544403 0.063005
1470.000000 539.654175 174.015945 11.597290 27.649170 0.059932
1470.000000 447.012878 140.011185 17.140686 39.970642 0.057683
1470.000000 64.301056 189.572510 16.548798 38.566803 0.051050
1500.000000 551.194824 122.460686 71.549561 174.805573 0.901655
1500.000000 25.289513 190.639343 13.993477 34.500092 0.665637
1500.000000 40.935463 190.361542 12.974640 31.255005 0.656986
1500.000000 4.632410 188.382080 13.095039 34.032257 0.645261
1500.000000 536.616638 178.184204 23.906860 57.809479 0.635772
1500.000000 12.719484 191.260315 13.771900 34.455872 0.581788
1500.000000 20.079493 191.125580 12.304121 31.110260 0.422763
1500.000000 543.001465 173.699783 27.272827 64.660828 0.409933
1500.000000 443.275574 180.093719 15.730896 37.770630 0.374715
1500.000000 102.742958 187.404114 11.420929 29.789886 0.359571
1500.000000 35.992065 192.101425 13.072060 33.406677 0.306298
1500.000000 546.365723 152.046295 33.437378 87.081238 0.282471
1500.000000 1.991817 186.381180 19.302353 47.451752 0.233667
1500.000000 84.767929 191.823456 12.225510 30.066223 0.164393
1500.000000 547.433899 166.226593 18.526123 44.489502 0.159566
1500.000000 338.479889 190.515396 12.980164 29.452362 0.150910
1500.000000 382.499817 192.525513 9.795288 25.425720 0.128288
1500.000000 450.262604 184.065918 12.636902 33.706573 0.112097
1500.000000 555.651367 133.082825 52.048096 110.692596 0.105352
1500.000000 544.516174 179.479736 16.658447 42.567993 0.087221
1500.000000 0.001258 196.668243 10.954906 51.985474 0.080869
1500.000000 46.772305 193.292496 13.045731 31.990601 0.080768
1500.000000 585.247803 148.699219 33.285522 80.416901 0.078315
1500.000000 619.290344 140.257599 20.528687 66.002563 0.054989
1500.000000 532.140991 190.670090 11.905884 27.102539 0.050081
1530.000000 340.232605 189.698761 11.903687 28.910065 0.224219
1530.000000 352.974884 192.026855 14.969910 35.475189 0.100628
1530.000000 479.222198 181.837204 17.802673 43.118927 0.086406
1530.000000 167.036926 165.964890 14.478180 34.250000 0.059112
1530.000000 571.581116 4.003555 14.655396 32.389290 0.058878
1530.000000 584.300293 0.071798 19.884521 42.359200 0.051130
1560.000000 524.489197 162.805008 26.765137 67.651947 0.874585
1560.000000 529.733215 163.805389 17.652954 43.749084 0.367594
1560.000000 62.707718 181.463470 13.788467 32.593201 0.337153
1560.000000 147.310181 154.937271 12.994415 30.998932 0.294711
1560.000000 80.138290 188.937775 13.774719 32.714478 0.212956
1560.000000 112.614594 182.057953 10.257187 26.772919 0.185583
1560.000000 616.929321 151.843521 22.074097 72.710907 0.168451
1560.000000 325.598145 176.510986 14.822083 34.424866 0.122067
1560.000000 70.770042 177.688232 11.367142 28.994507 0.107614
1560.000000 39.855026 171.070358 14.462631 34.764099 0.103594
1560.000000 454.643219 180.531006 16.167480 35.941650 0.100386
1560.000000 139.987274 181.043610 10.114258 24.965393 0.099404
1560.000000 460.225006 182.449921 10.700562 25.959503 0.098460
1560.000000 454.256531 176.138016 12.503296 30.395020 0.072577
1560.000000 162.536041 156.511261 12.875977 29.433228 0.072397
1560.000000 519.942200 168.410049 17.420410 43.443939 0.072070
1560.000000 44.548336 171.173691 12.260719 28.444794 0.069376
1560.000000 144.864868 180.988724 11.298035 27.063690 0.061373
1560.000000 448.574951 181.326233 15.766541 35.660217 0.058491
1560.000000 417.500427 181.557297 12.582764 30.692749 0.056150
1560.000000 59.171658 183.513763 18.402912 46.567780 0.054909
1560.000000 613.186829 162.896729 18.017822 45.872467 0.052234
1590.000000 13.408546 170.115433 15.973335 34.621735 0.460363
1590.000000 618.061829 142.615112 21.936890 83.183014 0.303531
1590.000000 1.914080 167.912064 14.548361 35.848511 0.153369
1590.000000 9.707376 169.912415 22.740957 50.135895 0.153260
1590.000000 74.299614 172.847626 12.403214 32.337799 0.133060
1590.000000 463.220093 180.633347 14.615906 36.244141 0.096423
1590.000000 494.994720 173.923615 12.980591 30.685211 0.094802
1590.000000 4.086821 184.561371 13.286102 35.474121 0.075920
1590.000000 0.168061 166.096161 11.465693 47.023987 0.054203
1590.000000 19.305614 175.151337 16.602734 39.995972 0.053785
1620.000000 94.349625 163.091599 12.526459 32.392181 0.283415
1620.000000 102.187607 158.166870 11.974640 31.473206 0.230443
1620.000000 480.106384 164.169296 17.766541 41.945099 0.120944
1620.000000 459.318542 165.358856 16.761597 39.749939 0.096798
1620.000000 1.514330 162.520111 16.656158 59.725403 0.062128
1620.000000 483.161743 163.082321 12.421753 28.244476 0.055326
1620.000000 504.343536 171.583801 13.824371 34.759186 0.055040
1650.000000 587.960999 177.350677 16.764526 39.248474 0.531015
1650.000000 511.498138 177.652481 15.177338 38.467285 0.414047
1650.000000 502.104980 176.064819 15.278320 36.617432 0.366708
1650.000000 584.316467 176.703644 22.973755 57.885406 0.312934
1650.000000 64.447327 175.030487 13.128403 33.059814 0.251659
1650.000000 554.189819 168.692993 19.777710 46.442841 0.196936
1650.000000 603.870972 175.861343 17.796387 44.504242 0.165212
1650.000000 551.441833 166.813660 16.546753 35.605804 0.117212
1650.000000 545.252991 167.879410 35.076416 63.985809 0.115087
1650.000000 560.769226 170.219482 12.141235 30.360046 0.108019
1650.000000 496.946320 174.948349 22.838531 55.178070 0.090270
1650.000000 60.818211 179.479340 17.091320 44.135925 0.072755
1650.000000 609.137878 174.240814 23.400513 53.765045 0.071749
1650.000000 598.227173 173.517151 24.130737 65.771301 0.060180
1650.000000 521.815796 175.961380 14.795410 36.439148 0.055906
1680.000000 529.544739 179.106842 14.198975 35.580353 0.602369
1680.000000 462.105194 177.408127 11.937927 28.877106 0.561645
1680.000000 444.944244 175.024979 12.601807 30.071716 0.433115
1680.000000 0.000000 176.488129 14.744471 44.595245 0.413738
1680.000000 454.883636 175.942154 10.462708 26.368256 0.244874
1680.000000 525.302551 179.446899 20.847900 49.931030 0.243253
1680.000000 549.585876 177.931610 16.191040 35.335114 0.234458
1680.000000 450.348846 176.017761 10.154419 26.957977 0.226872
1680.000000 54.913452 189.202454 13.012703 31.219971 0.224964
1680.000000 69.610695 183.482620 12.740250 32.252655 0.199522
1680.000000 546.060303 178.237259 22.368774 56.350952 0.169573
1680.000000 4.698984 182.513962 16.738575 41.123047 0.155094
1680.000000 376.383514 201.349930 11.220581 25.862823 0.097770
1680.000000 524.437195 182.231888 14.529663 32.504181 0.083592
1680.000000 27.105762 181.028137 13.492897 33.606415 0.074598
1680.000000 337.208923 191.057495 12.181519 31.294006 0.072810
1680.000000 518.784546 181.790863 16.000610 35.318939 0.053447
1680.000000 129.343292 182.597778 12.144562 27.886078 0.052214
1710.000000 459.451477 175.500488 14.662964 36.473816 0.764923
1710.000000 483.276703 180.309570 16.694946 41.886353 0.706566
1710.000000 423.631989 178.593384 13.716003 32.212006 0.666092
1710.000000 383.966919 184.879822 13.680847 31.268341 0.527852
1710.000000 18.252327 198.191086 14.394375 30.626709 0.416963
1710.000000 0.000000 185.858154 10.557678 45.219177 0.214223
1710.000000 7.432608 191.246002 12.633150 29.613770 0.169636
1710.000000 68.743713 193.596405 11.847717 28.910553 0.135947
1710.000000 510.084290 187.491989 12.005249 30.088837 0.133879
1710.000000 476.717438 179.649017 12.669678 30.178345 0.129520
1710.000000 482.906647 182.144379 12.186340 29.485291 0.113851
1710.000000 368.624969 181.876556 19.381714 45.171478 0.110708
1710.000000 530.519043 183.601852 16.207764 40.185944 0.103621
1710.000000 377.135773 183.056412 17.732788 40.621307 0.102442
1710.000000 251.537064 173.800842 12.320297 29.212402 0.079296
1710.000000 464.041290 173.363235 14.064697 32.981598 0.067675
1710.000000 2.908932 190.648621 12.762846 31.834442 0.066271
1740.000000 508.560791 181.187836 20.382080 49.733521 0.960869
1740.000000 476.822266 178.873581 16.029297 38.814331 0.931066
1740.000000 485.463440 177.051270 15.530945 36.649933 0.789716
1740.000000 535.376221 204.534546 14.034790 30.891571 0.443512
1740.000000 483.710602 179.076538 11.270142 31.350372 0.235801
1740.000000 112.823029 184.047943 13.520737 31.596252 0.213010
1740.000000 336.233582 197.075500 15.474915 37.309357 0.207379
1740.000000 357.673187 194.593231 14.164734 34.042725 0.132864
1740.000000 509.946716 182.646729 14.445679 33.280945 0.119882
1740.000000 493.643402 179.678986 13.531738 32.135193 0.059820
1740.000000 524.699463 191.880005 11.396851 25.427765 0.058266
1740.000000 139.615250 181.598602 11.843292 30.689789 0.055619
1740.000000 573.469604 34.582119 15.417114 37.671665 0.052934
1740.000000 371.647217 194.615601 12.647034 28.461090 0.052009
1770.000000 495.322906 181.892365 18.701569 44.993561 0.962745
1770.000000 593.265442 179.209824 21.334106 48.803864 0.951205
1770.000000 574.156799 207.949951 15.970947 38.609772 0.886464
1770.000000 539.451599 179.747314 24.308594 61.855255 0.838253
1770.000000 506.660645 182.001373 14.960815 35.653778 0.315679
1770.000000 571.712524 187.534409 24.126953 58.399200 0.263547
1770.000000 543.974915 205.661209 16.364014 35.437988 0.225224
1770.000000 503.181427 183.999817 13.149567 33.326691 0.201591
1770.000000 492.132751 184.744492 15.262146 36.069672 0.199168
1770.000000 36.335037 195.686386 11.966835 29.901123 0.179808
1770.000000 543.332214 176.583939 12.334839 30.754242 0.141128
1770.000000 547.056946 187.559769 17.835815 41.109467 0.106885
1770.000000 322.157654 157.863464 14.485291 33.036591 0.103555
1770.000000 541.782471 179.635666 16.022705 41.276947 0.099988
1770.000000 547.400330 169.942108 15.930664 38.096466 0.083479
1770.000000 94.755402 191.757660 12.699905 29.602844 0.066457
1770.000000 625.192932 183.007568 14.807068 63.607269 0.063937
1770.000000 58.584568 196.222488 11.942127 29.454773 0.059534
1770.000000 551.218445 190.145142 12.542236 28.215912 0.058864
1800.000000 577.677734 181.638123 29.580078 74.096191 0.990581
1800.000000 521.574951 181.567520 22.440552 55.324524 0.986829
1800.000000 621.734619 206.985153 17.726196 54.572250 0.485214
1800.000000 508.750275 176.512207 14.647186 36.106934 0.309521
1800.000000 615.801392 180.225891 24.198608 77.285461 0.304697
1800.000000 457.212830 197.994797 12.239014 28.736725 0.231375
1800.000000 516.347229 183.138092 15.857178 37.341034 0.223202
1800.000000 583.170654 177.307617 15.835693 38.732727 0.129482
1800.000000 596.489502 189.849091 15.333008 35.920074 0.128963
1800.000000 2.705708 202.771591 11.078766 27.889557 0.095716
1800.000000 587.053772 187.153320 23.320557 56.468079 0.093040
1800.000000 617.781616 182.789337 18.744873 47.577209 0.089672
1800.000000 0.000000 199.581177 8.457037 37.694092 0.082479
1800.000000 60.914043 189.791168 11.542042 27.264557 0.079002
1800.000000 148.541275 183.905441 12.737335 30.748657 0.072579
1800.000000 9.305002 207.247208 11.334803 30.256470 0.072083
1800.000000 497.538147 182.242722 13.882935 33.576599 0.065500
1800.000000 29.008171 200.392242 12.256943 31.298737 0.061363
1830.000000 564.617493 176.228607 26.824463 67.488434 0.985922
1830.000000 623.272339 181.150360 16.325562 56.404266 0.467988
1830.000000 615.426392 194.526199 15.762817 31.852448 0.265626
1830.000000 618.576782 174.173645 21.404541 93.061096 0.256917
1830.000000 462.734161 181.120972 12.811035 32.232422 0.254422
1830.000000 625.411316 186.440170 10.571899 33.634094 0.184792
1830.000000 626.223999 167.155441 13.674683 50.349213 0.142122
1830.000000 91.758537 175.971207 15.592896 38.017731 0.110946
1830.000000 70.253403 180.794067 12.713089 31.822845 0.058606
