30.000000 585.207886 126.663963 54.213013 190.429230 0.727366
30.000000 436.517365 185.681946 24.474548 69.398193 0.597157
30.000000 391.953827 208.030334 13.661499 33.609619 0.376953
30.000000 419.626465 199.118637 14.848877 35.719269 0.274490
30.000000 364.874542 201.992661 9.326111 24.031250 0.250526
30.000000 604.668396 110.421188 35.331604 302.088867 0.201159
30.000000 423.193024 199.470688 23.375916 55.365814 0.179256
30.000000 439.603760 180.964508 18.590515 49.119904 0.158096
30.000000 75.980400 198.921509 14.853333 34.439575 0.064222
30.000000 385.496521 209.967972 11.163208 27.112518 0.059029
30.000000 599.809021 145.035583 39.827026 115.760742 0.058195
30.000000 68.433167 193.777908 14.528488 34.519348 0.051726
60.000000 350.808075 196.503204 28.629578 71.048737 0.891805
60.000000 339.346375 202.185898 27.267517 64.986465 0.632777
60.000000 306.627533 215.590652 14.978760 37.150299 0.534612
60.000000 357.008118 199.189545 20.266907 48.585083 0.352322
60.000000 333.413208 206.225174 22.938416 55.966293 0.304680
60.000000 548.925903 201.727646 14.977783 32.825653 0.237579
60.000000 49.387260 204.461334 12.459732 28.540161 0.174664
60.000000 388.036285 156.304718 71.049011 178.214050 0.170971
60.000000 360.446869 206.745163 23.234741 61.884750 0.121016
60.000000 109.457458 209.903488 10.576462 23.422241 0.093098
60.000000 355.125488 201.470520 13.673462 33.276459 0.079180
60.000000 312.937286 213.957520 17.602295 41.977966 0.065744
60.000000 363.215668 202.422699 13.501770 34.899933 0.058112
60.000000 23.785887 205.113663 11.927286 29.906921 0.054781
60.000000 160.274414 216.546982 14.100189 30.739532 0.054779
90.000000 594.882141 198.705475 32.253906 74.929962 0.986494
90.000000 122.965958 178.758118 56.402924 133.064178 0.916511
90.000000 167.715988 195.534348 34.955078 80.916946 0.866421
90.000000 155.265411 187.284119 36.878540 87.968536 0.562711
90.000000 174.565277 199.487350 24.119354 53.987823 0.389226
90.000000 557.902283 80.204834 13.057007 32.052658 0.293439
90.000000 185.125610 205.976440 26.152863 72.293579 0.263449
90.000000 539.731323 77.901245 13.243896 31.819168 0.249343
120.000000 260.638214 177.044586 81.831726 194.153687 0.997343
120.000000 334.742371 201.819839 32.526367 79.181747 0.955826
120.000000 319.800537 202.717560 31.760437 82.613312 0.304391
120.000000 579.057556 228.952255 17.342041 41.453659 0.254669
120.000000 577.549927 228.500336 23.963013 60.759644 0.177332
120.000000 504.771912 234.514359 38.690186 85.246414 0.147305
120.000000 13.969871 101.326675 18.418991 41.140442 0.114252
120.000000 337.451965 203.269119 21.804138 51.785034 0.050520
120.000000 326.367554 203.949051 19.409912 47.113007 0.050140
150.000000 511.689758 203.074036 18.241943 42.748047 0.505141
150.000000 17.417959 220.535324 55.164734 111.814011 0.202434
150.000000 429.106964 185.127228 26.721375 66.236389 0.077605
150.000000 505.611847 200.949936 26.603912 62.931839 0.051056
180.000000 514.288147 177.736069 15.476196 37.398438 0.587608
180.000000 67.633057 190.925232 20.727997 47.551575 0.170968
180.000000 465.062103 177.000870 17.025146 40.562653 0.157568
180.000000 440.606171 174.881226 17.964539 41.536407 0.155278
180.000000 112.025261 130.106705 15.242691 35.615265 0.144716
180.000000 486.003143 176.692886 16.903137 38.383575 0.143636
180.000000 505.989044 173.871292 19.016144 43.949615 0.098101
180.000000 524.039246 178.457596 15.672852 38.715393 0.084100
180.000000 534.811707 177.905899 16.047729 37.977539 0.080281
180.000000 54.961781 193.995651 15.730602 35.641724 0.077819
180.000000 571.730286 149.298355 30.178467 64.803101 0.073507
180.000000 81.205284 172.009155 18.669861 45.197571 0.066170
180.000000 513.393921 141.366409 31.555298 71.969696 0.061565
180.000000 449.258942 178.966568 14.405273 34.591583 0.059947
180.000000 435.407867 172.999359 29.334412 56.487000 0.052024
210.000000 568.985535 209.866577 19.652832 42.392273 0.466425
210.000000 298.073059 181.935822 13.589417 32.720612 0.460488
210.000000 516.632751 203.542770 13.525146 34.127472 0.388565
210.000000 556.710449 218.048965 10.750488 27.013428 0.280864
210.000000 572.017151 210.113190 12.881470 32.010712 0.260399
210.000000 218.752121 181.272598 14.676666 37.019440 0.259765
210.000000 309.350098 186.638565 12.839233 32.655304 0.176532
210.000000 534.481628 197.680389 14.130371 37.276031 0.170042
210.000000 189.778320 196.253540 13.451324 32.434723 0.162308
210.000000 247.008514 182.064316 15.924347 37.869141 0.137348
210.000000 237.978622 184.402649 15.509216 38.564819 0.113509
210.000000 502.239105 193.915741 11.373993 27.692047 0.085694
210.000000 589.301758 201.169769 16.104858 35.460541 0.084279
210.000000 493.870850 204.344177 14.389038 33.859772 0.084056
210.000000 0.000000 195.750870 10.818448 45.588043 0.079555
210.000000 252.505386 178.469955 17.317703 40.943939 0.068518
210.000000 109.022552 167.778259 19.380981 49.963165 0.064343
210.000000 510.356964 196.555893 10.957977 26.162262 0.062599
210.000000 208.217361 199.840134 12.153320 29.019165 0.057746
240.000000 126.880257 177.544022 16.910789 42.749237 0.557314
240.000000 455.808472 203.917313 15.362000 36.164368 0.457967
240.000000 152.483459 182.195953 18.245239 44.346985 0.418849
240.000000 137.882324 181.363159 18.851074 44.728638 0.387215
240.000000 474.575623 208.061356 15.826538 39.555573 0.314042
240.000000 560.601562 211.605011 16.973511 41.084015 0.296956
240.000000 564.025208 211.046875 11.414917 30.743774 0.203428
240.000000 144.523438 180.248230 13.859467 33.482300 0.195443
240.000000 119.947990 177.545532 18.317299 42.042328 0.165014
240.000000 89.990242 185.616196 15.439926 38.063477 0.163352
240.000000 570.982300 206.452576 19.736084 45.569214 0.140382
240.000000 195.811890 205.399109 11.036041 28.831024 0.130651
240.000000 566.471497 209.366119 14.511841 36.418976 0.123928
240.000000 119.632164 138.387375 13.325722 31.377441 0.094288
240.000000 559.473572 207.114883 25.107910 56.159409 0.089103
240.000000 460.416016 207.508987 15.193542 37.916748 0.085913
240.000000 451.349182 205.771988 11.577271 28.876953 0.083136
240.000000 143.160889 178.620575 20.694885 49.045410 0.082772
240.000000 133.301285 178.445328 15.379669 35.936737 0.080588
240.000000 573.696899 207.800461 12.785400 32.668579 0.075810
240.000000 205.778503 186.759491 14.951782 33.016846 0.070167
240.000000 150.679947 182.249985 14.081390 31.978546 0.068620
240.000000 590.019348 208.217728 15.094116 35.029663 0.066900
240.000000 0.000000 140.960709 25.077965 96.011017 0.063331
240.000000 84.468246 198.822113 13.866501 33.488495 0.054385
240.000000 469.316803 207.753418 15.143188 36.492828 0.053665
240.000000 0.271980 169.268814 15.368128 66.356934 0.051422
270.000000 474.275360 199.317764 22.402893 53.545563 0.385146
270.000000 504.524902 194.920776 16.495483 40.928772 0.295291
270.000000 522.161072 197.033356 12.773071 31.159058 0.286153
270.000000 483.267151 204.213715 20.232605 49.627441 0.262682
270.000000 86.401840 178.735947 16.283142 39.389709 0.202380
270.000000 493.106812 205.658493 20.958984 49.134735 0.190551
270.000000 603.814697 199.642502 19.064087 45.337372 0.187033
270.000000 76.759766 130.544098 16.496613 37.698608 0.175547
270.000000 167.661194 202.462921 9.522278 25.383820 0.143117
270.000000 463.832764 207.506363 18.145996 45.805756 0.142250
270.000000 610.229858 199.181122 18.802734 45.267059 0.141431
270.000000 111.898170 193.099457 15.172363 36.759888 0.115418
270.000000 28.389641 194.197937 14.571098 35.412201 0.110825
270.000000 54.954494 202.056320 14.233852 33.149536 0.093049
270.000000 498.420715 199.163361 23.651611 56.288940 0.085349
270.000000 413.395447 180.896698 13.410522 31.782227 0.076845
270.000000 88.914566 126.221634 13.627502 32.928925 0.069337
270.000000 459.901581 185.561951 16.363098 38.021118 0.066915
270.000000 466.736694 200.970322 12.340332 31.598480 0.066461
270.000000 506.197754 171.390717 16.374390 38.285522 0.065716
270.000000 39.645111 182.417740 13.474548 33.994110 0.064941
270.000000 453.917480 195.910553 10.337463 25.225372 0.064806
270.000000 515.865112 195.152054 18.815918 47.172821 0.061066
270.000000 611.535706 216.648849 12.399414 29.807892 0.056313
300.000000 521.538452 182.215302 30.881348 75.479584 0.606024
300.000000 582.525391 190.282043 19.254395 47.731140 0.303970
300.000000 548.422363 193.021545 16.646362 41.069946 0.232378
300.000000 559.770325 193.663025 20.251343 49.129913 0.178782
300.000000 551.195740 187.358002 31.195435 82.214905 0.172414
300.000000 0.218102 202.380295 15.531687 38.079773 0.146856
300.000000 544.146545 190.774918 23.550049 60.493469 0.134841
300.000000 58.742100 175.657547 21.880642 53.125763 0.107336
300.000000 138.940491 196.537903 11.862518 29.352295 0.097820
300.000000 65.293968 177.474792 15.400726 35.397278 0.088816
300.000000 459.905731 204.140717 18.723694 49.203918 0.071029
300.000000 568.955994 176.087219 27.761719 67.356110 0.057753
300.000000 1.410563 214.228943 13.535118 50.817261 0.055364
300.000000 562.303040 197.676147 13.093262 30.338379 0.052411
330.000000 0.000000 201.835144 12.759755 40.162903 0.300779
330.000000 16.659546 207.543976 15.982174 40.855225 0.148993
330.000000 420.002991 166.990067 15.270020 39.117645 0.124961
330.000000 487.514587 49.832603 17.976685 42.933563 0.122975
330.000000 427.788055 177.870956 15.028625 33.185303 0.086792
360.000000 77.394157 183.667648 16.582382 39.217255 0.132844
360.000000 507.711517 199.676971 14.976471 35.573486 0.089849
360.000000 601.352417 188.034119 37.123291 141.898560 0.076768
360.000000 353.956604 174.673370 12.600586 31.142212 0.070552
390.000000 7.423497 196.212341 12.609782 30.777649 0.506593
390.000000 75.453941 192.675171 16.844360 38.671692 0.090936
390.000000 11.471357 196.990540 15.175770 30.917786 0.076903
390.000000 0.000000 193.656891 8.501188 35.894440 0.051375
390.000000 538.400818 191.962250 14.151001 33.266571 0.050475
420.000000 8.232930 211.072647 17.002884 43.018402 0.405141
420.000000 613.293701 157.071320 25.689819 65.993317 0.278924
420.000000 609.135498 160.968903 21.735474 52.263794 0.231786
420.000000 388.040863 182.418274 9.177979 21.595795 0.146051
420.000000 0.000000 215.014709 10.904949 42.136261 0.124906
420.000000 402.151093 178.536835 11.764465 29.865997 0.093765
420.000000 138.537750 189.173447 14.640167 36.224274 0.059418
450.000000 0.000000 181.597382 14.368393 52.386963 0.262403
450.000000 28.814714 191.064438 15.133944 35.670593 0.121610
450.000000 94.446823 170.973389 12.929062 32.029358 0.108889
450.000000 515.406494 103.194832 26.197632 79.366600 0.083208
480.000000 521.708923 157.186554 12.843018 29.945068 0.370149
480.000000 88.450974 152.055893 16.344040 37.852844 0.304175
480.000000 93.681839 149.055573 15.371674 35.805237 0.077298
480.000000 63.024982 162.538651 15.832211 36.661346 0.075576
480.000000 83.217400 148.801193 24.881241 51.434113 0.053307
510.000000 585.861206 153.207596 15.048096 36.885681 0.506431
510.000000 174.205292 153.389130 12.529999 32.718140 0.450509
510.000000 168.654175 155.793671 13.288544 32.807587 0.296185
510.000000 200.922272 154.677078 11.458710 28.797821 0.231729
510.000000 29.667221 152.659058 18.940346 42.940643 0.220305
510.000000 419.137238 144.813614 11.220703 26.749084 0.206247
510.000000 427.832550 145.195068 13.838318 32.223969 0.179856
510.000000 620.423218 151.209930 19.100342 49.235229 0.123593
510.000000 195.878693 155.193436 10.634644 27.506134 0.115498
510.000000 110.322090 153.074814 13.502365 31.566254 0.108296
510.000000 460.967010 141.087952 15.096802 36.754486 0.106812
510.000000 442.375854 144.865723 12.325928 28.665100 0.106199
510.000000 581.995422 154.409821 24.182495 62.825775 0.090974
510.000000 474.820099 139.582672 16.338501 39.532349 0.087661
510.000000 529.452637 154.005402 11.740112 29.568787 0.082099
510.000000 14.319345 148.594910 13.345374 33.466003 0.070900
510.000000 616.153809 152.414963 17.608398 41.528687 0.069265
510.000000 178.087418 152.977859 10.205566 25.852570 0.063420
510.000000 396.954346 145.806564 10.137512 25.950470 0.063287
510.000000 33.450504 151.824463 12.662781 28.480865 0.055331
540.000000 385.011414 152.186386 13.683655 34.146271 0.322177
540.000000 403.826202 159.033051 12.405579 30.786346 0.274280
540.000000 52.447865 163.395279 18.703648 44.484406 0.177127
540.000000 576.192932 166.990189 14.999390 34.512726 0.174282
540.000000 134.313614 159.941711 12.791046 33.518372 0.151145
540.000000 60.585541 167.161957 14.974670 35.687866 0.131717
540.000000 593.466492 127.599014 14.858398 33.047485 0.115283
540.000000 395.637421 152.155380 12.439331 34.559967 0.086492
540.000000 477.409943 174.882660 10.178101 26.930450 0.082072
540.000000 381.292786 157.331680 11.205261 29.430542 0.078633
540.000000 399.164917 157.455627 12.232788 30.394257 0.074099
540.000000 8.729271 154.651611 17.949844 44.167664 0.067188
540.000000 100.781349 166.033447 12.582916 31.959869 0.061959
570.000000 466.865479 164.565063 17.236145 40.180481 0.734380
570.000000 61.486370 180.911423 12.164051 29.820435 0.515178
570.000000 73.982391 177.547699 11.905624 30.498138 0.419892
570.000000 459.869141 164.723846 17.417725 40.190704 0.339527
570.000000 416.847595 171.139603 13.518738 32.284973 0.266088
570.000000 481.544525 171.264633 13.995178 31.883423 0.247784
570.000000 428.451904 169.417770 12.891663 32.562042 0.218165
570.000000 448.657898 167.866013 18.360657 44.359894 0.175807
570.000000 522.137939 152.072281 23.008301 56.671875 0.142677
570.000000 450.760498 173.361664 11.268127 29.142761 0.110927
570.000000 436.367188 176.164673 10.496704 25.267242 0.106512
570.000000 474.226746 170.671600 13.362000 32.056244 0.104731
570.000000 463.757629 178.410828 11.904175 26.594421 0.096318
570.000000 460.222473 164.629791 11.923035 27.744293 0.095925
570.000000 478.966125 170.925491 10.744568 27.612122 0.083945
570.000000 480.154541 170.332001 20.378052 49.142578 0.064452
570.000000 570.153198 198.813095 17.467773 43.682678 0.061590
570.000000 491.621307 184.522171 12.340637 27.262756 0.060097
570.000000 410.416870 170.990402 11.646301 28.439667 0.052276
570.000000 440.126495 174.487000 11.452393 27.786896 0.052054
570.000000 516.721252 162.885284 18.594360 47.049744 0.052002
600.000000 455.772186 171.670578 15.448730 37.103760 0.700799
600.000000 419.399750 170.132797 16.296814 39.539276 0.689731
600.000000 7.168785 187.092789 13.365801 35.353546 0.686933
600.000000 497.509979 179.719467 14.520844 34.506317 0.607396
600.000000 531.949341 174.512238 14.374512 33.395294 0.564715
600.000000 476.072144 162.102692 21.284119 50.367249 0.398502
600.000000 443.662170 171.310822 14.704956 35.486298 0.360964
600.000000 516.223206 15.336084 14.835205 39.498161 0.324675
600.000000 590.865479 189.452545 15.700806 38.431305 0.283419
600.000000 384.899078 173.851425 9.605408 27.192932 0.259745
600.000000 437.243195 179.270615 13.255005 34.213257 0.243903
600.000000 0.000000 187.590851 11.288319 38.812836 0.222343
600.000000 528.017822 172.628418 21.683716 46.411652 0.217613
600.000000 457.070312 168.348282 20.635071 51.599030 0.207012
600.000000 3.112487 183.900909 13.257852 34.922821 0.201243
600.000000 110.106613 182.999039 13.924728 34.189972 0.200117
600.000000 112.795319 159.106964 13.833206 34.467346 0.159663
600.000000 470.654083 176.368362 11.779480 27.739288 0.158863
600.000000 109.614944 156.571899 20.436859 53.491943 0.147322
600.000000 574.390991 184.634521 13.855591 33.519043 0.143303
600.000000 386.737213 172.840576 12.184875 30.630585 0.121371
600.000000 433.402527 175.799011 12.237061 30.322510 0.114018
600.000000 501.647400 26.103989 10.931458 25.285248 0.112773
600.000000 400.804138 176.969284 12.295410 28.271393 0.107868
600.000000 23.940956 184.447098 11.634075 28.482819 0.098072
600.000000 592.875732 188.666840 11.404053 27.244049 0.097405
600.000000 409.858246 174.639099 11.260864 28.694763 0.090071
600.000000 464.952423 173.023911 19.532959 46.674561 0.084379
600.000000 459.692230 168.239746 13.210327 31.931122 0.080668
600.000000 477.863342 176.852188 13.735779 33.970306 0.078381
600.000000 144.275864 153.245377 11.953461 29.523499 0.074194
600.000000 415.917175 173.896194 14.314392 32.693787 0.058627
600.000000 85.361870 181.977951 12.730194 28.917816 0.057030
600.000000 572.527161 155.753357 25.807495 62.687988 0.055151
600.000000 64.623032 188.702866 13.601151 32.932983 0.050303
630.000000 528.908752 176.593872 21.093994 50.001343 0.610006
630.000000 61.247917 183.233536 17.400085 40.360474 0.378502
630.000000 59.216957 114.428955 13.675385 31.071075 0.356711
630.000000 120.072121 183.963364 12.410561 30.439789 0.329343
630.000000 13.398927 192.775909 12.954543 31.459076 0.322824
630.000000 466.412933 173.276962 14.713379 37.130951 0.289901
630.000000 111.446014 185.235168 12.169098 30.888275 0.204568
630.000000 0.023132 192.326538 9.590173 41.779144 0.145375
630.000000 498.223450 188.021713 12.640991 28.394501 0.144230
630.000000 42.116768 187.246994 13.204109 34.994568 0.138250
630.000000 67.282127 182.059814 13.746216 33.194153 0.119611
630.000000 607.384521 190.841705 15.135620 36.359100 0.109233
630.000000 387.569702 191.463120 9.769592 23.380615 0.103402
630.000000 102.700813 186.811066 12.280869 31.780487 0.096891
630.000000 121.841095 186.719727 14.797485 37.067749 0.088362
630.000000 447.239227 190.501053 10.868713 28.511993 0.085056
630.000000 94.135147 186.413223 12.792923 32.008392 0.080595
630.000000 102.085289 110.397057 12.240173 30.317024 0.062804
630.000000 74.777756 67.473145 26.790482 67.769608 0.059950
630.000000 150.825836 183.380264 12.981903 31.415558 0.052553
630.000000 11.385218 119.454872 13.003048 30.460045 0.051022
660.000000 488.401001 165.974655 21.123474 48.208405 0.523886
660.000000 87.264343 191.415771 15.839050 38.214966 0.485393
660.000000 480.718781 174.551422 16.346375 39.837616 0.311882
660.000000 69.248199 71.576271 13.778503 32.873154 0.248130
660.000000 583.764832 163.457047 27.625732 67.507629 0.214868
660.000000 498.100037 162.752090 22.897400 53.549896 0.179794
660.000000 84.686333 65.847542 20.257309 50.765884 0.136874
660.000000 92.409729 191.745544 13.746689 32.960510 0.117134
660.000000 451.321381 176.793716 12.894653 30.007202 0.109587
660.000000 80.089737 70.785233 13.265381 33.499008 0.104633
660.000000 46.359154 200.292404 14.183548 33.990784 0.102982
660.000000 38.734962 185.250519 14.528191 33.288177 0.100321
660.000000 34.757969 183.892273 12.376938 28.707428 0.096500
660.000000 581.437439 175.074310 18.301392 43.664886 0.086192
660.000000 87.929794 67.062035 14.504868 34.667450 0.075882
660.000000 531.408875 165.356964 20.723267 50.237457 0.071389
660.000000 590.761414 165.926224 18.558472 44.794067 0.068534
660.000000 20.260830 178.219482 13.711811 34.171997 0.056394
660.000000 60.676201 72.174606 14.084137 32.131195 0.055037
660.000000 33.376404 72.656181 11.750198 27.507263 0.054171
660.000000 24.950392 185.484268 14.459307 34.459534 0.053319
690.000000 583.861816 174.459717 14.941284 36.003113 0.317245
690.000000 26.867401 196.221497 15.609070 36.447113 0.281098
690.000000 474.090393 168.958527 19.142578 47.023071 0.239069
690.000000 523.471191 170.893784 20.894653 53.049835 0.228287
690.000000 579.605835 176.665329 23.976929 53.390533 0.206460
690.000000 508.673035 162.410217 23.165527 52.904480 0.141808
690.000000 478.043274 171.636856 12.556213 29.513306 0.111953
690.000000 77.105972 212.306732 12.448624 29.041077 0.079386
690.000000 465.913177 164.641006 18.368408 44.986725 0.064519
720.000000 609.400330 192.691345 12.798828 27.953979 0.250449
720.000000 503.492004 152.556198 27.085449 72.449493 0.165074
720.000000 508.771576 160.228943 17.311066 40.597778 0.058159
720.000000 424.265991 189.916214 12.135803 29.748322 0.057711
720.000000 454.837372 192.049438 11.222290 27.132050 0.054527
750.000000 571.084167 145.978134 38.885986 99.125244 0.161696
750.000000 579.253967 155.333878 26.893433 67.278900 0.140669
750.000000 33.059441 28.831442 17.781822 42.736404 0.100218
750.000000 55.156780 193.714920 13.505482 32.166229 0.092801
750.000000 114.384628 189.761002 11.532806 25.149506 0.092468
750.000000 565.783875 150.300674 29.761597 74.621857 0.086566
750.000000 108.398300 183.353012 14.348862 32.002991 0.066749
750.000000 588.533752 153.082977 27.280396 73.002655 0.058137
750.000000 90.223114 193.100113 12.497543 27.781250 0.057039
780.000000 77.447418 173.949493 25.303116 59.307251 0.137322
780.000000 425.978027 163.879242 12.234558 29.790741 0.111128
780.000000 83.326096 177.406403 16.518799 39.319061 0.103943
780.000000 458.576050 188.511017 10.337952 27.645752 0.076708
810.000000 110.224434 187.941391 11.251358 28.243408 0.342602
810.000000 70.078568 180.861023 15.076691 36.302124 0.338889
810.000000 60.983688 174.017014 17.974442 41.128754 0.239769
810.000000 508.434875 182.802811 13.286499 30.754150 0.092385
810.000000 159.814377 174.931351 12.596558 29.088562 0.069260
810.000000 472.388336 185.648743 12.489197 29.094421 0.054785
840.000000 56.992172 177.863129 13.405891 33.852875 0.119967
840.000000 63.053917 181.663498 12.430817 32.499573 0.097382
840.000000 33.404831 183.513824 11.700127 28.860413 0.090613
840.000000 88.040436 178.909119 11.520264 28.112274 0.078526
840.000000 528.035461 177.762985 13.496826 34.361481 0.059309
840.000000 428.413483 170.056915 10.104736 23.179138 0.051217
840.000000 535.131042 181.463242 12.058105 30.522797 0.051121
840.000000 490.565063 177.838348 14.817017 33.088806 0.050438
870.000000 46.733932 174.584183 12.453163 30.672302 0.240777
870.000000 520.141052 171.227219 16.410767 42.649261 0.235231
870.000000 541.437683 178.918839 10.334106 27.963165 0.207856
870.000000 79.144707 176.860199 10.913742 26.703705 0.132563
870.000000 441.486572 147.042389 18.098938 47.405396 0.089334
870.000000 103.484970 176.372925 13.401489 33.472931 0.084970
870.000000 84.311768 181.341095 13.501358 32.869537 0.082086
870.000000 36.850975 169.913055 14.960464 37.338867 0.077014
870.000000 88.158142 176.871063 12.604736 31.357574 0.074059
900.000000 527.835510 174.057755 20.153931 46.959991 0.815791
900.000000 507.225983 181.754974 17.250153 40.341309 0.530676
900.000000 548.650574 180.565796 11.079468 26.257050 0.201059
900.000000 480.151825 180.632278 11.435364 28.478119 0.197645
900.000000 75.530022 182.891693 12.689621 31.352631 0.157583
900.000000 39.274422 184.801834 15.127007 36.562653 0.144317
900.000000 541.462769 180.205231 9.851562 22.646423 0.114575
900.000000 243.336273 175.058090 9.852173 23.454163 0.084769
900.000000 85.889046 180.249359 13.037796 31.905304 0.083613
900.000000 545.142273 179.680191 9.869019 23.346558 0.080265
900.000000 47.534302 179.904892 12.534447 32.191650 0.065041
900.000000 551.980225 171.558899 19.783691 48.838348 0.061946
900.000000 99.554054 173.940842 15.701477 40.697662 0.058368
900.000000 42.375668 182.118668 12.685234 27.753418 0.056237
900.000000 28.536734 176.926178 15.334333 36.303711 0.051459
930.000000 127.946388 179.896805 13.047081 32.444946 0.353148
930.000000 19.837086 174.182098 22.486023 53.289551 0.323234
930.000000 546.550659 180.747849 13.524536 30.602112 0.321659
930.000000 7.761096 185.321426 12.215904 30.545258 0.286782
930.000000 544.103088 178.152618 18.677856 48.568604 0.277148
930.000000 511.724426 189.645172 13.615479 28.643311 0.196962
930.000000 29.572350 179.616104 15.551552 38.389404 0.130574
930.000000 536.367676 188.445190 14.784180 37.525391 0.114747
930.000000 554.755188 182.622696 11.092041 26.605469 0.105036
930.000000 542.286865 180.899689 13.234375 30.133057 0.104264
930.000000 40.450642 184.955719 17.513351 34.409119 0.093282
930.000000 86.747383 186.977676 13.960526 35.067505 0.054279
960.000000 570.666687 179.762115 22.965576 55.525665 0.778586
960.000000 563.676819 193.730270 11.557861 29.361847 0.293455
960.000000 583.845032 184.040665 13.654785 33.683350 0.276752
960.000000 9.099579 182.823456 17.712780 42.105835 0.192561
960.000000 574.278198 180.990463 16.361816 36.409088 0.183870
960.000000 530.528015 195.167191 11.912109 28.112305 0.154509
960.000000 521.196899 187.273499 14.770996 37.492188 0.141710
960.000000 22.339678 187.518799 16.518194 40.037933 0.115097
960.000000 562.775818 189.789246 16.615723 44.843292 0.087294
960.000000 61.080109 185.458176 13.748611 33.156708 0.080495
960.000000 0.501094 173.547104 18.915348 62.807709 0.072374
960.000000 526.657288 197.736816 11.913086 27.332672 0.070598
960.000000 450.319763 186.222794 9.645264 23.415253 0.070545
960.000000 569.159424 186.145309 12.695923 30.964691 0.066141
960.000000 522.279358 199.461792 10.558350 26.194275 0.064747
960.000000 592.523071 183.562836 20.091187 53.921570 0.056533
960.000000 482.215057 187.256744 12.323120 29.663574 0.055122
960.000000 0.000000 180.686447 12.004742 51.222443 0.053259
990.000000 547.392944 208.228287 8.837280 23.988586 0.340038
990.000000 605.988953 203.537018 14.248779 34.981964 0.308976
990.000000 99.680450 208.841187 19.781723 47.229095 0.292768
990.000000 594.395996 201.351089 13.412720 31.353455 0.260929
990.000000 610.812866 202.971130 14.752319 33.778015 0.172895
990.000000 549.233826 195.559479 12.602783 31.783661 0.160010
990.000000 625.641235 193.042038 13.571167 35.260895 0.130532
990.000000 557.882751 200.185272 11.633789 30.002502 0.073272
990.000000 543.694763 196.601151 13.190796 33.429932 0.069078
990.000000 96.883987 205.885330 28.030960 67.040634 0.068325
990.000000 590.362366 202.859329 14.511475 35.758514 0.051490
1020.000000 581.656372 184.924347 17.033081 42.416656 0.459445
1020.000000 593.466919 187.618210 10.757324 27.721985 0.353850
1020.000000 155.582443 181.374237 11.363678 29.289917 0.106700
1020.000000 131.852036 184.900238 10.667267 26.866760 0.099750
1020.000000 626.937134 179.563736 13.062866 39.560822 0.094290
1020.000000 587.593750 185.643356 16.073853 37.330597 0.092837
1020.000000 470.468414 183.476685 12.796021 29.588928 0.077472
1020.000000 183.088211 178.762299 9.586578 26.242676 0.074121
1020.000000 491.904785 178.602631 13.132446 31.126282 0.055283
1050.000000 597.200623 187.497452 18.577759 43.807343 0.776092
1050.000000 533.655579 3.879284 14.207642 32.021656 0.516426
1050.000000 191.531876 179.369019 10.953094 28.091614 0.267538
1050.000000 130.191879 128.820648 12.203583 29.640686 0.142597
1050.000000 112.403221 190.076035 10.638184 26.200989 0.125066
1050.000000 569.268127 190.111969 15.409912 36.021729 0.108745
1050.000000 540.316223 5.635474 11.868408 27.948128 0.098733
1050.000000 597.577759 196.281860 11.473999 30.878784 0.098117
1050.000000 530.844788 3.128181 19.747803 46.595604 0.088258
1050.000000 530.215393 177.396271 16.984985 41.877106 0.081183
1050.000000 116.441895 193.771179 9.763779 23.360809 0.078087
1050.000000 88.267723 129.154312 12.895859 30.338196 0.066866
1050.000000 481.210632 186.611725 12.381042 28.956268 0.063595
1050.000000 194.756058 176.885330 11.122467 29.055817 0.057025
1050.000000 87.013474 190.546143 12.550018 29.944336 0.051249
1080.000000 149.753372 183.762344 13.298126 32.040833 0.426702
1080.000000 160.643646 187.980469 9.934967 26.442993 0.219685
1080.000000 55.293495 193.154602 11.613907 27.533295 0.159475
1080.000000 458.666779 180.806686 13.103821 30.555725 0.121308
1080.000000 208.938248 176.456268 11.281433 26.964966 0.112099
1080.000000 466.222961 169.651443 14.240051 35.794861 0.093058
1080.000000 587.021118 87.538475 13.428223 30.944641 0.089256
1080.000000 66.252403 199.673019 11.528137 25.772430 0.070135
1080.000000 0.000000 199.882477 7.694704 38.415802 0.067223
1080.000000 181.377838 189.233185 11.008148 26.651215 0.062371
1080.000000 450.504852 183.259491 12.119812 29.912506 0.058311
1080.000000 485.003113 189.054092 13.024780 33.510803 0.056577
1080.000000 15.670734 193.286316 17.288269 33.927155 0.053878
1110.000000 452.096191 190.834747 13.326782 30.445221 0.446527
1110.000000 560.179565 212.193832 13.635254 31.764069 0.181801
1110.000000 566.887024 213.491226 13.008423 28.726074 0.116956
1110.000000 484.081360 180.948044 14.235840 31.674316 0.094642
1110.000000 87.432373 183.441299 13.613480 35.276062 0.090983
1110.000000 83.304085 182.911499 12.822144 30.993195 0.086455
1110.000000 459.467865 178.881744 15.497620 38.839905 0.065358
1110.000000 594.049500 186.254974 27.623779 62.150238 0.062899
1110.000000 505.216095 173.610580 14.102142 33.735626 0.061992
1110.000000 553.320129 194.526352 13.896606 29.981323 0.055346
1110.000000 514.950073 182.272430 13.066406 32.209656 0.055192
1110.000000 78.634827 185.372253 17.044510 39.920959 0.051239
1110.000000 164.430145 190.064117 9.689392 23.608704 0.050645
1140.000000 22.141020 192.011230 13.880800 34.831512 0.525607
1140.000000 28.106239 182.151779 20.174324 46.452820 0.517873
1140.000000 538.350342 168.326920 15.200195 37.015808 0.301160
1140.000000 599.205811 168.725449 17.816895 42.788971 0.210838
1140.000000 572.046082 164.973740 14.536865 35.784576 0.195027
1140.000000 602.036560 169.015671 12.311890 30.053467 0.162512
1140.000000 578.656555 152.681641 13.428711 33.979523 0.128170
1140.000000 512.341553 183.316589 10.987305 27.223419 0.124660
1140.000000 589.208862 162.245865 13.177368 31.038849 0.124293
1140.000000 48.521835 183.174744 17.726105 35.414398 0.095600
1140.000000 578.640259 180.562729 13.717651 28.981201 0.079230
1140.000000 584.247986 180.551880 14.026001 29.544373 0.077641
1140.000000 550.807678 159.124557 13.833008 30.238953 0.075931
1140.000000 584.829651 163.594147 14.378906 35.052551 0.072312
1140.000000 533.317383 166.105453 22.568726 57.868958 0.066163
1140.000000 581.343933 160.174698 23.153687 54.216034 0.064611
1140.000000 542.800171 167.139404 10.080933 23.469788 0.059089
1140.000000 493.445679 189.568558 12.285522 29.504883 0.054468
1140.000000 535.792053 167.478867 11.886841 27.981018 0.052005
1140.000000 572.654297 154.717316 23.575317 58.255249 0.050010
1170.000000 102.394051 187.849411 13.913925 35.901367 0.686108
1170.000000 566.979614 167.822388 17.712280 43.054657 0.298946
1170.000000 498.444122 192.461807 14.841705 36.292603 0.290821
1170.000000 483.579620 199.039139 13.465820 32.300934 0.129643
1170.000000 549.099976 181.002258 14.994995 34.947968 0.105481
1170.000000 561.735596 178.518143 16.863525 38.617188 0.068442
1200.000000 47.973358 186.858292 15.947166 39.004456 0.949642
1200.000000 127.224228 190.412872 11.077637 26.774109 0.253519
1200.000000 600.500488 170.802582 13.772461 30.015289 0.087826
1230.000000 105.368172 188.743301 11.676666 30.876923 0.305495
1230.000000 108.016853 190.461121 14.034225 32.520233 0.219428
1230.000000 100.999596 186.785782 11.220062 30.536377 0.217745
1230.000000 474.827026 208.615021 14.554810 33.518158 0.134529
1230.000000 97.403938 188.466644 10.861526 27.651276 0.088031
1230.000000 133.585724 189.840668 11.968689 29.703278 0.084712
1230.000000 127.480515 187.066833 12.645569 31.017670 0.065644
1260.000000 42.684502 183.062210 16.645958 41.432404 0.552835
1260.000000 51.331131 186.199402 13.996231 34.919983 0.436190
1260.000000 61.340836 190.799408 13.415253 34.135681 0.346916
1260.000000 47.068340 184.259384 10.819168 29.855072 0.228709
1260.000000 70.697731 192.996384 11.348633 27.303497 0.207800
1260.000000 101.681381 183.231064 14.537170 32.482574 0.178986
1260.000000 56.288528 191.678040 14.567177 35.825775 0.107213
1260.000000 92.130173 189.433594 12.860977 30.157227 0.098412
1260.000000 231.253250 167.519730 11.122925 28.426483 0.057786
1290.000000 46.364826 175.113892 12.643394 32.160980 0.090061
1290.000000 73.509712 173.182419 12.031784 30.427490 0.088264
1290.000000 68.517303 173.902771 12.704788 29.754700 0.056188
1290.000000 404.493866 163.946381 12.486633 29.735260 0.051295
1320.000000 27.827438 168.916962 12.483238 30.545105 0.315436
1320.000000 1.576293 178.859192 12.460544 39.991302 0.116898
1320.000000 453.381439 158.177185 13.644409 34.668549 0.098400
1320.000000 29.899321 172.321518 13.960234 33.922729 0.094978
1320.000000 572.466248 166.445068 15.614258 38.422333 0.078554
1320.000000 491.012573 171.276871 14.026306 35.362457 0.050129
1350.000000 0.000000 169.041290 16.327461 47.511353 0.241858
1350.000000 50.534279 172.203369 12.017029 29.111755 0.122685
1350.000000 509.131287 177.909576 10.627686 28.176483 0.120480
1350.000000 496.157318 182.986252 16.110077 38.420349 0.105992
1350.000000 11.053017 174.390289 14.957333 36.607117 0.079408
1350.000000 5.010290 172.903931 16.122749 45.205109 0.067523
1350.000000 32.940674 169.516815 13.794754 33.316864 0.066381
1380.000000 2.176738 192.789825 12.895744 38.933319 0.323403
1380.000000 33.290279 184.439804 17.335640 38.349640 0.192171
1380.000000 323.977356 171.136047 11.200134 28.958008 0.140618
1380.000000 5.792379 190.412903 14.276472 37.683990 0.118156
1380.000000 0.045479 189.729675 9.725035 40.636688 0.103392
1380.000000 555.961731 191.239426 10.525391 25.940948 0.073080
1380.000000 551.520264 168.665024 20.289307 50.035126 0.061358
1410.000000 459.733154 158.701874 15.833862 38.421204 0.483939
1410.000000 469.882599 157.253036 18.319641 44.015808 0.343593
1410.000000 455.640625 157.834641 23.390320 53.921570 0.266063
1410.000000 441.083832 155.347076 16.834595 44.058289 0.161787
1410.000000 475.643799 160.302399 12.662598 32.212708 0.154247
1410.000000 55.668591 163.284851 21.811161 56.906158 0.140779
1410.000000 58.294041 163.276276 15.736324 37.772644 0.098687
1410.000000 475.565399 168.961884 18.706543 44.514679 0.097792
1410.000000 430.224640 181.114105 14.586365 34.854340 0.088972
1410.000000 553.483154 179.049850 17.633179 41.148071 0.085042
1410.000000 479.784332 172.596603 20.482178 49.498596 0.081481
1410.000000 531.499756 185.190384 14.391479 33.774323 0.067860
1410.000000 105.284233 174.603348 13.595383 35.284760 0.067801
1410.000000 453.159515 160.702927 11.097656 29.383759 0.065380
1410.000000 52.778149 160.619751 17.137424 37.181274 0.056815
1440.000000 450.669891 179.760269 16.876160 39.335144 0.572588
1440.000000 66.028030 197.296417 12.030289 31.623993 0.323354
1440.000000 456.258789 181.597443 11.774414 29.072144 0.174624
1440.000000 0.000000 203.174210 11.192526 36.720306 0.141631
1440.000000 478.666779 181.200867 19.062683 44.711792 0.104339
1440.000000 452.241089 181.166428 11.813538 27.984802 0.087662
1440.000000 139.054184 193.172821 12.696228 28.307831 0.080636
1440.000000 447.760834 183.060455 13.289062 29.932892 0.062597
1440.000000 523.784607 143.319290 30.277588 74.947357 0.061366
1440.000000 62.344162 200.758911 13.281998 33.407776 0.059299
1440.000000 53.270363 199.590240 12.049980 31.082703 0.053303
1440.000000 488.766052 169.319763 21.486694 49.535431 0.053073
1440.000000 508.605652 155.490021 26.039429 67.488495 0.052222
1440.000000 9.365366 207.468628 11.833979 29.791260 0.052064
1440.000000 508.917145 144.019333 47.347931 94.995575 0.050636
1470.000000 105.304199 194.271347 10.889984 26.085510 0.391044
1470.000000 137.486694 194.377823 12.706207 27.865082 0.229016
1470.000000 475.175842 181.550537 15.164124 33.210175 0.165798
1470.000000 111.857193 194.026901 10.604294 23.255341 0.164926
1470.000000 88.291916 199.834961 11.960922 31.326324 0.162337
1470.000000 480.151794 183.249329 14.969788 32.306702 0.120435
1470.000000 473.671021 179.644669 20.562744 49.003235 0.115831
1470.000000 491.574280 185.377563 15.046570 34.699738 0.110180
1470.000000 87.378204 197.206375 9.376678 23.179108 0.105275
1470.000000 436.111572 190.156708 11.451172 29.137695 0.085025
1470.000000 0.000000 198.472168 9.485306 43.247345 0.081069
1470.000000 106.320656 195.140320 13.548447 35.016296 0.079353
1470.000000 601.903381 163.277527 34.219482 93.595764 0.074236
1470.000000 6.740183 206.175797 13.036324 34.758789 0.072157
1470.000000 139.382935 159.707260 16.737000 42.329163 0.067702
1470.000000 617.864197 160.297150 21.936035 82.500061 0.063322
1470.000000 464.903992 186.349365 13.604858 31.915344 0.062936
1500.000000 87.012314 192.161285 15.482574 38.141998 0.743141
1500.000000 559.284607 186.477371 17.872070 43.266144 0.624729
1500.000000 46.651043 192.469116 12.302841 31.653687 0.560048
1500.000000 586.621399 191.873642 22.530884 53.923279 0.536915
1500.000000 506.132721 179.110794 17.009918 40.777466 0.495082
1500.000000 591.560669 193.151031 16.147949 37.327209 0.250225
1500.000000 55.386909 199.435059 13.838661 34.165710 0.230987
1500.000000 461.818237 179.826065 13.561157 30.353424 0.227453
1500.000000 60.408463 199.182648 9.760986 23.952576 0.196361
1500.000000 551.810364 183.611099 26.392700 67.306976 0.152470
1500.000000 506.317200 175.830368 23.993286 58.472748 0.151404
1500.000000 0.000000 194.500427 10.826681 38.872559 0.146329
1500.000000 561.327454 183.089645 12.324219 31.964996 0.134697
1500.000000 52.604637 197.699570 11.557961 28.235962 0.129519
1500.000000 514.826660 180.610489 14.912598 36.273071 0.111676
1500.000000 540.793030 187.761093 16.487183 38.365326 0.099765
1500.000000 95.882576 198.223022 11.918808 25.857574 0.094013
1500.000000 526.477600 185.687729 16.559570 40.049835 0.093927
1500.000000 565.312805 190.508865 13.286011 32.002380 0.090569
1500.000000 241.781631 177.227631 13.770966 33.716034 0.081202
1500.000000 488.338409 179.058609 15.711914 37.380554 0.080725
1500.000000 159.024994 173.293457 13.390167 32.590698 0.069493
1500.000000 495.623840 176.133286 13.533630 34.106201 0.063820
1500.000000 214.504059 178.905411 11.406311 29.802673 0.062742
1500.000000 586.822998 194.053238 15.355957 33.850494 0.057764
1500.000000 166.000397 164.913300 22.918518 54.244476 0.057313
1500.000000 554.146912 182.912292 15.918579 35.949554 0.053958
1500.000000 604.574585 192.646454 15.831177 36.382355 0.052368
1500.000000 558.393188 179.531479 12.868774 28.903625 0.050878
1530.000000 2.734242 190.914352 18.737988 45.747314 0.839049
1530.000000 0.591216 197.749969 13.516127 37.988129 0.192354
1530.000000 553.299072 183.491669 16.150391 37.616516 0.164141
1530.000000 41.720100 195.843765 12.316643 31.280090 0.162654
1530.000000 84.051765 202.596649 12.450989 28.506256 0.160377
1530.000000 10.272732 190.343079 14.159832 33.324066 0.152170
1530.000000 68.899933 207.507462 11.958420 28.030212 0.100900
1530.000000 37.933250 199.733749 11.035698 28.739990 0.090420
1530.000000 55.851028 203.439331 9.838898 25.966766 0.085324
1530.000000 414.773285 183.230484 11.951416 29.846680 0.080100
1530.000000 559.382019 195.391953 18.186279 41.323761 0.065686
1530.000000 123.919708 134.543243 12.936188 28.311707 0.058509
1530.000000 118.104881 190.120209 12.081947 30.282501 0.051276
1560.000000 418.927124 181.501205 15.570557 36.861145 0.686267
1560.000000 142.000870 162.805176 13.738159 33.328217 0.457112
1560.000000 491.339630 180.127075 12.923035 30.281433 0.317829
1560.000000 575.564270 176.823700 13.703125 31.761414 0.151095
1560.000000 15.287385 204.386993 13.540122 33.466888 0.122834
1560.000000 36.343433 193.875031 11.873016 32.041901 0.122609
1560.000000 133.120117 170.985016 14.527832 36.979645 0.122371
1560.000000 206.534943 165.741486 11.894897 28.649933 0.118810
1560.000000 423.865387 180.139420 15.357727 37.254456 0.106079
1560.000000 591.432861 177.394623 15.308350 32.393219 0.069781
1560.000000 165.543549 178.764832 11.426178 28.906982 0.061443
1560.000000 83.879234 192.262543 14.732010 36.168396 0.061010
1560.000000 580.640198 176.337997 13.657837 32.661316 0.056462
1560.000000 115.870514 164.410049 16.966995 42.657776 0.051802
1560.000000 481.617859 187.550003 10.899231 29.086517 0.051269
1590.000000 529.482483 158.450943 15.448608 37.843628 0.467023
1590.000000 453.458923 166.128647 10.393555 29.348541 0.226217
1590.000000 504.623199 170.088455 14.441010 35.631744 0.195614
1590.000000 606.312866 160.171417 11.526489 26.964539 0.110527
1590.000000 0.140106 134.313461 12.691421 49.028320 0.094838
1590.000000 85.620270 167.258682 14.158783 34.003662 0.085002
1590.000000 117.696159 161.303391 12.129066 31.948242 0.077256
1590.000000 627.740417 160.154007 12.232300 41.405365 0.069148
1590.000000 335.925720 154.794754 12.309875 28.321472 0.061469
1590.000000 23.684008 146.028671 17.815100 39.036102 0.057299
1620.000000 584.289734 145.234695 24.226807 55.736816 0.785758
1620.000000 578.004333 153.260315 17.783081 43.678741 0.537892
1620.000000 584.008118 136.181793 18.803955 41.953308 0.080698
1620.000000 500.938690 157.822891 15.639435 37.250763 0.080597
1620.000000 609.278870 148.872894 22.215088 53.846375 0.077950
1620.000000 439.487976 71.185303 12.398132 30.076782 0.072662
1620.000000 563.654175 152.785980 13.894165 36.518677 0.062363
1620.000000 450.506348 70.331345 13.355835 31.333160 0.054216
1620.000000 593.158936 147.351974 18.965698 47.972778 0.053851
1650.000000 512.022888 169.764053 14.580933 34.374023 0.293336
1650.000000 571.707214 161.873596 15.154053 37.670715 0.238855
1650.000000 177.912781 138.615814 10.747253 25.341125 0.219027
1650.000000 565.228271 166.558121 14.214844 36.416443 0.201978
1650.000000 421.692413 147.654388 15.294006 39.206970 0.105256
1650.000000 609.613953 173.762848 18.411499 42.713379 0.099553
1650.000000 508.456238 153.746780 22.388428 50.859589 0.093427
1650.000000 622.301331 178.203827 16.862061 49.829254 0.088098
1650.000000 582.333130 166.391159 14.680176 36.215363 0.082620
1650.000000 169.214264 140.742828 13.910339 33.822723 0.073975
1650.000000 565.414856 179.159119 11.136963 26.605133 0.068256
1650.000000 82.220886 151.571533 13.905594 33.503815 0.067364
1650.000000 482.415894 140.863785 23.159851 56.402832 0.062963
1650.000000 508.984070 168.858002 12.421021 31.290405 0.057577
1650.000000 567.198364 156.905472 15.723633 40.227203 0.056013
1680.000000 594.283447 178.126556 17.233154 42.038757 0.269731
1680.000000 76.949661 183.072571 16.082336 31.510345 0.252135
1680.000000 96.198715 180.472992 11.862457 29.144958 0.245863
1680.000000 49.841328 174.669525 11.494919 27.820801 0.155823
1680.000000 64.802399 180.879105 12.989182 30.046112 0.151487
1680.000000 483.665039 145.817474 28.210266 70.765167 0.103424
1680.000000 75.151833 182.392807 11.853027 27.439758 0.064217
1680.000000 491.482849 147.625748 16.778076 38.900970 0.062004
1680.000000 627.127075 140.421005 12.809814 50.418182 0.058503
1680.000000 87.194237 172.817032 12.659073 29.024902 0.058171
1680.000000 575.382568 169.160767 24.003906 54.829987 0.052644
1710.000000 143.286804 161.102478 16.090424 39.323792 0.379473
1710.000000 17.311584 191.998352 14.349796 34.279938 0.245071
1710.000000 21.595699 198.056976 13.440933 33.528473 0.221371
1710.000000 72.274857 198.356735 12.226120 28.034027 0.128267
1710.000000 133.846176 159.452301 16.705109 40.905487 0.123743
1710.000000 148.876877 161.878876 12.905701 29.880310 0.123057
1710.000000 20.898891 189.884964 10.752090 24.624664 0.088509
1710.000000 2.717400 193.969864 15.006184 39.550842 0.080361
1710.000000 126.059669 158.499191 17.522301 42.056091 0.069772
1710.000000 10.490946 192.938354 16.621464 30.939301 0.065432
1740.000000 341.900146 181.894180 14.090088 35.808624 0.507725
1740.000000 476.282562 183.393051 11.463684 27.519440 0.396762
1740.000000 489.978455 164.921204 17.240417 44.880310 0.380387
1740.000000 211.333755 176.022934 9.769287 26.809601 0.357450
1740.000000 215.029160 175.002106 11.392181 28.581268 0.326797
1740.000000 0.059291 208.881638 13.152031 33.562897 0.283060
1740.000000 493.199615 166.051193 11.909058 30.304077 0.280182
1740.000000 5.908674 208.857727 12.708054 31.966309 0.279906
1740.000000 13.962057 208.764526 12.588715 31.304993 0.198106
1740.000000 481.681091 177.816299 10.944763 25.847931 0.193416
1740.000000 487.079559 175.752350 12.691101 32.776550 0.182301
1740.000000 331.492645 186.830170 9.903870 23.201874 0.142186
1740.000000 437.284973 168.923370 16.181458 39.800385 0.141209
1740.000000 202.997284 174.510452 11.272491 28.833649 0.141002
1740.000000 0.117092 203.805984 8.333736 32.449890 0.110931
1740.000000 28.395912 210.576736 12.861191 31.002930 0.098426
1740.000000 7.007483 196.332825 13.582125 33.534546 0.066438
1740.000000 445.146698 163.035004 13.623108 32.138519 0.065123
1740.000000 195.748688 177.619278 10.383667 26.188385 0.061667
1740.000000 17.093786 210.436722 14.210442 32.445923 0.055411
1740.000000 399.051056 151.051285 12.284424 29.000488 0.051599
1740.000000 388.338318 150.706253 14.563782 34.224548 0.051509
1770.000000 112.126465 159.420547 21.119507 53.181061 0.785148
1770.000000 209.552002 175.299652 12.977631 33.080109 0.362296
1770.000000 230.519562 178.783386 12.465027 27.445007 0.281209
1770.000000 162.866669 195.139923 11.243256 27.143158 0.221589
1770.000000 248.261200 176.445160 11.773224 30.165985 0.194590
1770.000000 213.774979 174.414200 13.739136 33.777496 0.184700
1770.000000 367.433167 185.309540 12.118896 29.538574 0.135175
1770.000000 348.039703 180.692261 13.611267 34.049744 0.131110
1770.000000 44.545486 207.745941 10.734520 26.114471 0.123866
1770.000000 395.469421 190.841217 9.582947 26.110535 0.114843
1770.000000 253.330139 176.567062 12.880432 31.236084 0.099255
1770.000000 317.472168 184.751572 11.030762 28.433716 0.083681
1770.000000 350.607971 185.051590 14.374268 36.318878 0.055416
1770.000000 364.220398 187.989731 12.205566 31.395264 0.053032
1770.000000 371.861603 183.438171 11.085022 30.053986 0.052593
1800.000000 537.897034 179.146576 17.592529 41.550781 0.368136
1800.000000 421.735168 180.935043 14.011902 34.154541 0.342287
1800.000000 391.501190 180.858551 16.634460 38.922394 0.226171
1800.000000 447.085907 196.422043 11.596436 29.158478 0.220448
1800.000000 435.985931 195.738831 11.241760 28.593781 0.194790
1800.000000 419.477478 180.886444 20.924988 48.211456 0.144112
1800.000000 28.406860 198.312073 11.132767 26.195618 0.142222
1800.000000 394.751282 186.081589 17.928101 42.024139 0.138135
1800.000000 623.954407 181.711426 15.486450 38.639343 0.123672
1800.000000 440.453278 198.550308 10.262207 26.581085 0.104261
1800.000000 403.851166 190.050369 16.889282 38.562958 0.101800
1800.000000 554.113770 190.867538 13.045166 28.764526 0.093366
1800.000000 409.359222 180.951050 19.462280 48.298737 0.086118
1800.000000 54.013294 207.142822 11.368206 29.131836 0.085454
1800.000000 425.957703 183.699875 14.298584 34.332397 0.084264
1800.000000 478.597961 189.311234 11.590576 29.583832 0.081002
1800.000000 402.316010 191.017929 11.479065 28.474701 0.069179
1800.000000 90.150696 206.221527 12.111298 29.496216 0.054341
1800.000000 397.407196 186.519379 12.434631 30.238403 0.051728
1830.000000 27.262487 192.543823 11.937372 27.380310 0.529523
1830.000000 601.911926 216.503479 15.257935 34.520966 0.257503
1830.000000 329.912476 177.604050 13.292114 31.933624 0.216656
1830.000000 514.263306 204.750946 18.185303 43.925385 0.214920
1830.000000 536.370300 206.579987 13.871094 33.136108 0.193460
1830.000000 547.991577 211.205032 12.272583 30.659576 0.132573
1830.000000 499.875000 207.666824 16.247864 37.493317 0.110267
1830.000000 112.376572 205.781036 13.694244 31.596008 0.097226
1830.000000 507.392487 209.465729 13.435333 33.825531 0.076914
1830.000000 97.898682 200.196991 10.089844 26.639557 0.061963
1830.000000 598.159729 192.522934 24.101807 58.517731 0.054864
1830.000000 20.902969 186.899490 13.165455 31.536469 0.054513
1860.000000 6.156062 181.733856 15.964780 37.908569 0.920606
1860.000000 569.325012 187.618103 21.208618 50.065460 0.449566
1860.000000 575.837585 190.460281 16.279541 37.709900 0.220360
1860.000000 506.514832 190.587402 14.822754 35.531281 0.195910
1860.000000 11.831126 176.880722 14.834268 36.376160 0.114450
1860.000000 312.963745 167.582733 10.357727 27.487244 0.101865
1860.000000 564.603333 193.898590 17.455444 44.417999 0.086520
1860.000000 0.000000 178.682861 9.906705 44.381195 0.084251
1860.000000 335.242310 190.823212 12.124207 28.893707 0.068624
1860.000000 324.896973 169.313400 13.200745 31.489777 0.067985
1860.000000 620.113953 216.016647 19.705078 52.219559 0.059154
1860.000000 393.036163 182.331955 12.531982 30.467499 0.056086
1890.000000 617.685791 138.576920 21.931396 68.363739 0.482221
1890.000000 525.410339 164.741745 13.794189 35.362274 0.370310
1890.000000 480.868042 162.843994 16.742676 38.329193 0.261762
1890.000000 450.769226 162.905991 14.556885 34.319794 0.210252
1890.000000 607.975586 144.102875 17.923340 47.471802 0.142774
1890.000000 619.971252 144.694397 17.813232 41.189240 0.133237
1890.000000 432.147461 171.294983 13.464294 31.708710 0.078522
1890.000000 598.907104 165.036285 22.304565 51.556122 0.076432
1890.000000 487.198425 168.116119 15.285522 36.651337 0.062101
1890.000000 474.859131 156.906906 24.465332 61.006836 0.058396
1890.000000 532.223450 168.702942 10.992920 24.841736 0.057741
1890.000000 526.584534 163.240433 10.566040 23.495544 0.054093
1890.000000 493.200958 173.795334 11.763000 29.490540 0.052339
1920.000000 263.958405 162.529434 12.606567 32.145660 0.280032
1920.000000 559.700134 177.792328 16.002686 37.678467 0.151850
1920.000000 98.433006 174.158203 12.090607 27.661926 0.126102
1920.000000 515.281799 150.459549 14.062866 33.339569 0.055008
1920.000000 500.850586 146.735291 13.320190 32.084381 0.052564
1920.000000 584.846802 151.463684 21.512207 53.194916 0.050041
1950.000000 94.255409 180.535873 11.713608 27.470581 0.421846
1950.000000 203.990341 170.419617 14.237457 35.470673 0.188736
1950.000000 584.347229 168.358154 14.143311 34.614075 0.138117
1950.000000 587.298828 185.354294 14.624023 35.477234 0.123453
1950.000000 617.966125 159.464783 21.609619 75.515564 0.118143
1950.000000 163.381790 175.851990 12.479858 29.425964 0.108283
1950.000000 192.745880 177.960968 13.002563 32.373108 0.104848
1950.000000 619.813477 166.227814 17.190063 46.174164 0.101367
1950.000000 609.838806 172.594772 14.145752 34.482941 0.100286
1950.000000 586.350159 200.537384 15.992188 31.860535 0.087193
1950.000000 592.692688 197.894135 19.857178 36.999603 0.082641
1950.000000 129.107224 177.418320 12.036499 29.430481 0.067815
1950.000000 521.281982 162.694031 15.966309 40.655579 0.063835
1950.000000 625.591125 161.486649 14.270752 43.321899 0.051611
1950.000000 605.544006 173.162476 11.065918 29.672455 0.050093
