30.000000 613.745300 174.944778 26.254700 79.295166 0.935397
30.000000 475.194519 187.100357 16.885925 43.228699 0.883321
30.000000 439.581512 185.541565 15.303650 36.078491 0.671883
30.000000 549.428223 184.074738 19.329102 45.437958 0.648108
30.000000 436.965454 187.918915 12.215088 32.006287 0.387550
30.000000 555.850891 183.903412 18.215088 43.119019 0.383321
30.000000 491.320709 184.491165 18.430603 44.620300 0.347288
30.000000 468.599670 200.277206 9.967041 26.056976 0.250126
30.000000 0.000000 151.514267 17.670906 62.583771 0.213876
30.000000 448.476532 192.590897 11.989258 31.021332 0.202267
30.000000 546.343811 188.058472 15.410400 38.745361 0.139235
30.000000 55.963127 191.787552 15.403305 35.054718 0.130165
30.000000 481.594757 188.771820 15.906982 39.349030 0.121128
30.000000 538.543335 184.825546 15.688965 38.442413 0.109167
30.000000 451.564728 190.082687 13.633789 32.905853 0.104517
30.000000 486.956482 192.030869 15.702087 38.606140 0.093814
30.000000 432.269470 189.937531 12.367920 30.035400 0.069798
30.000000 384.532715 187.038177 13.515991 34.341492 0.068520
30.000000 34.836727 184.761475 14.384079 33.473633 0.056043
30.000000 617.913513 176.479797 20.049805 49.921570 0.053132
60.000000 504.860046 181.571503 22.500854 54.830383 0.970349
60.000000 605.177612 176.678772 23.690063 61.370819 0.943697
60.000000 457.708923 188.372437 12.772644 34.016052 0.726907
60.000000 448.731598 186.366425 14.422119 35.955475 0.633579
60.000000 516.695679 189.695740 18.667969 46.265625 0.601464
60.000000 465.320862 189.434784 14.479004 35.303314 0.539837
60.000000 443.912720 187.190140 12.699707 33.378571 0.343166
60.000000 494.712067 197.141220 14.656799 34.246582 0.319684
60.000000 59.665325 192.562286 14.328152 35.184448 0.307471
60.000000 27.840086 197.454483 11.997370 30.928345 0.257726
60.000000 427.097595 184.045471 18.517517 44.223877 0.131732
60.000000 39.827393 199.555176 11.996231 31.135468 0.130579
60.000000 101.463005 189.349731 13.527817 33.579498 0.112136
60.000000 388.078003 184.604202 11.421570 29.063690 0.109635
60.000000 418.422607 178.149612 18.122314 44.514465 0.093134
60.000000 402.334198 178.496765 13.151550 33.643280 0.088016
60.000000 76.067436 188.307541 14.094101 33.623596 0.084303
60.000000 470.054932 192.387085 14.281128 31.626404 0.080439
60.000000 474.029572 193.170944 14.986145 33.731964 0.077101
60.000000 119.943977 193.174484 9.895531 24.291901 0.068478
60.000000 624.126770 176.309647 15.588135 61.501007 0.063849
60.000000 578.337280 196.041565 14.367432 33.086090 0.051796
90.000000 551.795105 173.593460 26.866333 69.300629 0.972462
90.000000 533.702026 191.520081 15.244019 39.047485 0.648763
90.000000 492.182404 188.485931 15.534546 37.430786 0.604827
90.000000 546.339539 182.429962 19.268921 49.659454 0.356357
90.000000 566.310913 175.184265 24.906982 65.770233 0.339686
90.000000 516.435242 184.315994 17.879272 42.832886 0.255299
90.000000 459.843445 177.597961 15.956787 38.591278 0.196978
90.000000 498.785767 184.659409 12.555969 29.137146 0.171148
90.000000 477.376678 192.978531 10.595398 25.951447 0.150836
90.000000 547.852539 184.589569 13.168335 33.728729 0.139406
90.000000 51.098022 187.691040 11.737259 28.327942 0.133456
90.000000 88.307243 187.923004 11.357620 28.140106 0.110714
90.000000 467.908081 186.046997 14.207214 35.054901 0.101065
90.000000 488.320160 188.882431 14.229248 34.107910 0.095624
90.000000 96.381020 185.604797 12.610565 32.455719 0.091114
90.000000 541.778809 182.315674 15.126099 36.443176 0.079821
90.000000 22.002331 190.454956 11.681946 28.750366 0.072682
90.000000 481.328247 184.884949 13.957764 33.913696 0.067652
90.000000 55.016640 185.448654 12.429359 29.541626 0.066634
90.000000 111.890472 187.705185 11.738113 27.793671 0.057399
90.000000 111.400978 110.582802 13.581223 33.513557 0.052878
90.000000 507.382599 173.966766 22.271820 53.069519 0.051294
120.000000 603.271118 194.439255 22.732178 56.331665 0.843113
120.000000 502.375610 177.594101 21.553101 51.041504 0.659471
120.000000 437.268799 164.895981 23.948853 56.210663 0.456120
120.000000 33.407227 181.606049 16.932549 41.331604 0.435989
120.000000 523.146973 174.728241 22.701904 58.600128 0.337889
120.000000 502.345520 180.987396 12.827820 35.869171 0.250472
120.000000 595.353577 196.599091 12.018066 28.376862 0.211679
120.000000 623.817383 199.855789 16.018677 41.214478 0.204961
120.000000 524.578491 176.415695 15.501831 37.904633 0.190198
120.000000 426.279785 171.710037 19.308899 46.551758 0.177594
120.000000 507.042267 176.675247 14.645844 37.019287 0.114744
120.000000 509.388428 176.747757 10.196411 25.531738 0.110198
120.000000 497.648743 194.578171 14.222778 34.411652 0.106087
120.000000 619.070007 195.607086 20.869263 67.929352 0.076570
120.000000 597.009460 189.124283 13.461914 32.347412 0.075692
120.000000 484.862671 183.513046 15.767761 37.602112 0.067941
120.000000 516.603882 181.362396 19.073853 46.385101 0.061853
120.000000 610.188416 193.893204 14.472656 31.691925 0.052472
150.000000 541.985229 183.377289 22.620972 56.885986 0.630586
150.000000 590.450623 211.454803 16.217896 39.471344 0.589127
150.000000 556.166138 191.628922 21.201416 49.054443 0.585159
150.000000 530.540039 174.997513 27.496460 64.785339 0.425734
150.000000 36.573284 198.911041 20.011726 50.724518 0.405279
150.000000 523.271545 184.584869 17.530518 46.032410 0.364584
150.000000 599.647827 202.978195 20.523682 50.273590 0.361584
150.000000 598.689026 214.431427 14.411255 36.817749 0.334055
150.000000 591.402405 192.428345 22.238647 58.644287 0.299959
150.000000 546.314514 183.752930 16.276733 37.894012 0.182932
150.000000 536.463135 197.058243 17.778442 43.733551 0.173291
150.000000 604.044922 194.622910 24.022949 59.742889 0.168793
150.000000 27.620676 196.203522 21.547430 57.055054 0.140125
150.000000 612.391235 198.516602 17.310669 41.130005 0.124259
150.000000 590.058105 171.427704 33.315308 80.837372 0.117484
150.000000 542.780457 135.571579 12.773560 32.197601 0.108220
150.000000 75.994255 195.259323 11.711273 30.877197 0.106919
150.000000 567.256836 129.372559 12.745728 29.816833 0.097341
150.000000 603.285400 219.627502 14.915894 33.509949 0.095413
150.000000 595.806030 192.594360 16.203979 39.483246 0.087971
150.000000 579.765442 169.525238 14.188354 30.078003 0.076333
150.000000 516.301453 181.873993 26.015259 64.254669 0.071676
150.000000 478.296875 159.394348 17.131226 41.383545 0.057051
180.000000 55.024460 187.289780 11.694061 27.153290 0.209625
180.000000 36.761757 189.411743 12.077843 29.661377 0.091654
180.000000 90.533768 185.969208 14.343048 31.967773 0.066291
180.000000 622.961792 185.171051 16.910767 66.654419 0.060546
180.000000 111.151527 182.967712 11.660309 28.635284 0.051197
210.000000 606.775269 125.569092 18.689941 42.998230 0.387664
210.000000 581.002075 134.146133 13.168213 31.651428 0.320375
210.000000 613.739990 126.635452 13.816284 32.389221 0.208082
210.000000 7.765611 188.087189 14.462558 35.562347 0.202410
210.000000 123.391136 183.805237 12.912849 30.648682 0.164344
210.000000 589.422485 184.448456 10.880615 25.625244 0.107591
210.000000 1.417500 186.608337 22.643173 53.482697 0.084509
210.000000 34.660679 194.876770 12.318779 32.087097 0.071543
210.000000 3.121487 187.149139 14.311769 38.342316 0.065049
210.000000 605.186829 127.316063 13.182983 31.308891 0.056633
210.000000 621.679565 134.919571 17.807129 58.309143 0.056155
210.000000 624.616211 128.942886 14.721680 38.512817 0.051834
240.000000 380.992737 178.639053 10.711182 27.563538 0.086975
240.000000 110.263840 183.994980 11.162170 26.914337 0.066538
240.000000 573.704407 203.760162 12.581543 25.749908 0.064571
240.000000 13.009135 196.887817 12.851075 30.387848 0.059702
240.000000 6.436765 205.148682 14.071162 34.015594 0.059661
240.000000 386.840485 174.712051 12.658630 29.909729 0.055571
240.000000 587.730896 181.567947 14.825073 32.308044 0.053948
240.000000 401.152496 182.847626 13.616211 30.407166 0.050485
270.000000 468.249878 190.641129 16.372681 38.814240 0.136830
270.000000 29.152353 194.074005 12.943499 33.017212 0.051248
300.000000 404.826355 182.905685 12.916931 30.159821 0.211562
300.000000 446.991089 175.272110 17.062561 40.760254 0.167641
300.000000 478.112427 190.344727 16.684692 39.837891 0.089105
300.000000 408.968445 183.912476 12.682068 30.140625 0.087480
300.000000 624.016418 214.991760 15.405151 40.964783 0.085626
300.000000 376.337677 180.292496 14.193604 35.039154 0.056726
300.000000 450.658783 173.549088 13.239136 27.950470 0.056139
300.000000 527.656250 191.507965 15.632080 37.971527 0.052844
300.000000 591.495850 224.618439 18.508911 41.534882 0.050895
330.000000 386.011780 187.620575 12.658142 31.109558 0.401355
330.000000 560.164307 181.854675 20.111572 50.133148 0.109438
330.000000 552.604126 180.000366 30.560425 67.509674 0.081661
330.000000 562.621216 182.947968 14.229248 34.200989 0.057172
330.000000 523.394592 171.646820 15.919800 40.914429 0.056269
330.000000 84.021233 195.471176 13.906006 29.639038 0.055732
360.000000 545.943542 179.370819 14.469360 35.064606 0.453015
360.000000 392.113434 186.853729 14.616150 34.574646 0.360668
360.000000 18.982454 197.605865 15.166048 33.644287 0.236996
360.000000 488.543365 160.371490 30.075653 71.686554 0.233566
360.000000 434.368103 207.646774 12.581360 27.984100 0.202864
360.000000 542.537170 179.759521 20.450439 52.089752 0.151728
360.000000 450.662781 185.240082 14.532043 34.535645 0.130234
360.000000 23.615423 200.251083 11.554338 25.249695 0.071099
360.000000 117.370293 192.336166 12.986519 31.876556 0.061285
360.000000 506.085449 191.856628 13.391846 28.465973 0.056892
360.000000 315.115936 167.240906 14.354675 37.775330 0.054316
360.000000 32.610733 205.135162 10.939941 27.312897 0.050749
390.000000 41.987888 198.398331 14.746048 37.282257 0.327014
390.000000 588.964111 171.800583 17.975464 43.676086 0.201995
390.000000 389.419495 184.670837 13.571411 36.931915 0.158117
390.000000 47.653992 208.948700 16.738510 43.875488 0.153442
390.000000 597.350769 136.532272 40.644165 119.149139 0.127255
390.000000 102.916283 195.586456 12.272614 30.428680 0.122188
390.000000 38.517822 197.567871 22.193695 56.460419 0.089389
390.000000 473.039886 205.422012 12.739380 29.162048 0.074032
390.000000 78.327354 196.637405 14.278976 35.800232 0.065583
390.000000 604.562866 145.742905 31.631836 71.835510 0.065139
390.000000 98.694351 194.747665 12.113434 30.311371 0.057934
420.000000 383.205048 184.811508 18.687134 45.038635 0.781025
420.000000 561.210144 177.340424 20.468018 50.866302 0.412138
420.000000 564.861267 177.027390 14.346313 34.717560 0.279772
420.000000 36.812481 185.778000 13.048576 33.450714 0.217730
420.000000 559.263794 179.632172 15.558228 36.902710 0.190779
420.000000 53.348480 194.870850 11.985306 28.622681 0.082404
420.000000 21.047749 198.380798 12.202156 28.826324 0.079619
420.000000 552.701172 176.888397 33.355347 66.616882 0.073244
420.000000 314.937866 181.008514 12.907043 32.251190 0.063834
420.000000 4.433382 198.708221 15.454807 40.926117 0.063527
420.000000 569.477356 178.138275 13.105957 30.942108 0.061180
420.000000 83.928696 196.628937 12.436279 30.192352 0.057669
420.000000 58.439312 192.637024 11.882885 29.404114 0.053246
450.000000 386.524170 181.446625 19.216431 48.570587 0.526020
450.000000 9.999355 199.034866 15.436188 38.021271 0.214191
450.000000 103.536491 194.811478 11.831604 30.167480 0.169874
450.000000 0.000000 195.188293 13.773863 36.890289 0.123449
450.000000 55.174534 191.869888 12.551319 30.860596 0.107294
450.000000 30.344204 198.199875 11.079292 25.388916 0.102572
450.000000 507.665405 187.290924 11.580444 27.737030 0.095811
450.000000 38.065536 102.330322 12.617096 28.949814 0.077286
450.000000 545.084717 213.918488 17.785645 40.272644 0.074616
450.000000 392.365814 185.495087 14.665955 35.240326 0.067431
450.000000 446.118500 188.847809 13.385071 31.757965 0.065178
450.000000 15.171200 199.515228 13.573174 30.756653 0.063573
450.000000 32.607258 200.655594 11.737701 28.466125 0.051933
450.000000 450.744904 175.591660 11.559814 30.125763 0.050827
450.000000 484.945282 188.418945 13.589966 31.520538 0.050166
480.000000 393.322632 184.522583 20.570007 48.636871 0.448991
480.000000 71.599884 197.461121 13.578278 33.025513 0.229351
480.000000 4.636913 199.090851 12.994249 33.218475 0.217810
480.000000 20.533041 195.967270 15.611383 30.103241 0.215599
480.000000 36.590691 199.380478 13.741287 35.501648 0.172749
480.000000 483.341400 175.993546 14.076477 34.997162 0.154892
480.000000 445.049072 186.319153 10.673340 26.102875 0.122947
480.000000 555.027649 186.400696 13.008423 30.794830 0.117355
480.000000 377.432404 181.747116 12.538940 32.570679 0.092760
480.000000 312.979279 179.444443 15.582825 36.834961 0.087639
480.000000 619.965698 217.731674 14.666992 34.815918 0.085248
480.000000 532.874084 191.805420 15.808716 38.028229 0.079130
480.000000 402.352448 188.356247 12.543030 28.502197 0.069659
480.000000 328.198181 185.565765 14.768555 33.927704 0.064892
480.000000 550.548523 186.708694 20.143555 54.067108 0.056409
480.000000 336.906738 183.176178 11.888977 28.558563 0.055118
510.000000 524.296570 173.301544 17.924438 46.282257 0.401675
510.000000 400.071564 185.539597 17.411499 44.821167 0.286625
510.000000 72.674530 192.669281 13.714874 30.203064 0.259550
510.000000 542.795410 178.882294 12.992188 33.174652 0.207172
510.000000 624.087830 185.667572 15.155884 31.419342 0.186548
510.000000 619.230957 185.848236 20.519653 62.503387 0.138256
510.000000 315.064301 175.663895 15.437744 36.124390 0.132321
510.000000 13.436386 195.442551 12.396580 28.623108 0.118783
510.000000 33.885994 198.244659 11.619431 29.410461 0.103091
510.000000 539.697937 178.874634 20.354492 45.619690 0.095514
510.000000 266.943054 172.784042 15.380615 37.105804 0.079076
510.000000 579.046875 182.965103 19.047607 44.858948 0.078984
510.000000 456.820129 184.195602 14.081055 33.123230 0.076006
510.000000 524.510803 191.400452 19.344727 46.443817 0.073633
510.000000 396.957611 187.457993 13.632019 33.758942 0.064307
510.000000 28.814974 198.156418 13.870657 35.680817 0.061806
510.000000 116.534103 195.937958 10.549179 25.750153 0.059286
510.000000 467.617249 173.356140 15.797974 37.392578 0.057623
540.000000 567.258057 172.875885 23.251343 59.451416 0.970471
540.000000 497.246796 165.672729 18.295135 43.817078 0.776917
540.000000 485.929169 178.390320 12.482849 27.805908 0.416075
540.000000 401.409180 178.245087 15.029602 35.925720 0.254922
540.000000 6.663978 194.267609 16.219276 37.102814 0.244950
540.000000 504.530853 170.096680 15.605499 37.430542 0.207902
540.000000 86.292496 188.233047 12.082108 26.793213 0.207072
540.000000 510.849945 170.071671 12.046295 29.886261 0.180797
540.000000 21.453648 197.279602 13.257404 31.923309 0.165556
540.000000 581.678406 176.558487 11.675903 29.361450 0.154369
540.000000 420.055084 186.140320 13.438049 29.941925 0.144889
540.000000 412.846008 179.043701 13.639526 33.633850 0.143921
540.000000 55.353207 191.152130 12.633022 32.393707 0.118937
540.000000 323.891388 169.088928 16.957703 38.824097 0.113522
540.000000 583.761353 177.307281 16.515259 44.144104 0.091326
540.000000 452.601501 158.567230 13.151062 30.003510 0.080076
540.000000 259.357910 169.320236 14.809692 35.383636 0.077139
540.000000 238.043091 175.156937 11.579956 28.462158 0.075574
540.000000 494.414062 169.220840 14.979858 35.692993 0.073961
540.000000 483.000336 178.332520 18.093567 42.006561 0.073691
540.000000 576.645569 177.172073 12.994995 31.569458 0.060856
540.000000 0.000000 195.364456 11.675999 41.935852 0.060009
540.000000 418.958954 190.473022 17.515808 45.092957 0.057371
570.000000 426.460785 184.355148 17.683167 40.783813 0.348607
570.000000 410.048767 184.085739 12.874573 28.942108 0.228858
570.000000 384.475983 181.672989 12.215271 29.196014 0.210454
570.000000 37.327847 188.773788 12.387001 31.419769 0.161216
570.000000 624.372070 176.967529 15.627930 50.046692 0.160346
570.000000 423.275085 185.465912 13.900513 32.586700 0.150259
570.000000 17.891624 188.904816 11.801796 31.839172 0.123270
570.000000 620.768311 195.097000 13.233154 31.046967 0.111062
570.000000 610.985352 184.080383 15.129150 37.573059 0.092692
570.000000 31.919701 188.711105 13.035965 32.098450 0.084150
600.000000 233.076202 151.835434 27.091553 61.312408 0.307024
600.000000 321.860443 148.299698 31.019043 71.651001 0.300021
600.000000 547.005676 192.832764 15.241455 36.643951 0.181927
600.000000 71.349327 186.244476 11.477386 28.699707 0.180805
600.000000 62.714802 187.178101 14.037296 30.947906 0.155082
600.000000 524.693115 166.235626 16.072144 39.750946 0.130343
600.000000 8.615864 189.179535 13.159323 31.557251 0.089693
600.000000 541.001099 187.160095 11.157104 26.387787 0.085892
600.000000 466.074371 148.451416 15.528259 40.646942 0.075740
600.000000 326.624481 150.022293 21.169373 48.365051 0.074877
600.000000 412.549316 179.156387 14.883057 35.295715 0.059933
600.000000 36.427776 189.529343 12.404518 31.230804 0.057896
600.000000 483.504517 182.987564 14.167419 34.035797 0.054949
630.000000 414.725677 177.819473 15.994263 42.126526 0.281195
630.000000 518.750793 180.529907 12.407837 30.113037 0.237816
630.000000 213.779556 147.673340 31.578766 74.826813 0.231567
630.000000 404.079895 178.056534 17.618652 42.288116 0.227110
630.000000 402.889435 189.759415 11.985535 28.721313 0.146398
630.000000 555.708679 180.556427 14.192627 35.267517 0.106841
630.000000 198.109024 168.980179 16.405731 39.692566 0.097585
630.000000 22.142044 192.516037 11.099728 29.485382 0.087479
630.000000 90.024551 182.729340 13.942856 32.547485 0.078516
630.000000 553.995056 191.188538 17.758789 44.531799 0.073825
630.000000 421.376801 175.440964 18.234619 46.883972 0.071778
630.000000 2.611519 197.796875 13.188522 41.800201 0.070713
630.000000 84.651909 187.145325 11.900406 29.345703 0.064912
630.000000 17.268988 193.128937 11.943726 31.700623 0.064668
630.000000 0.000000 190.739914 10.740417 50.497650 0.063695
630.000000 541.805969 186.682938 11.431519 28.119812 0.062997
630.000000 520.828003 182.080124 16.342041 40.718506 0.057667
630.000000 454.218506 180.062943 17.659302 39.163208 0.055808
660.000000 525.335754 177.337769 12.701416 32.516693 0.297173
660.000000 530.579041 170.239059 21.574341 55.260742 0.235130
660.000000 199.938217 135.735657 17.823303 44.356903 0.147760
660.000000 545.792603 188.522766 12.172974 31.297333 0.128643
660.000000 104.357208 185.283813 13.207596 31.466461 0.089602
660.000000 478.428131 188.831482 12.736145 30.213074 0.084988
660.000000 536.099548 173.860626 15.346558 36.659668 0.084984
660.000000 396.268555 185.403503 12.840088 32.361816 0.083825
660.000000 324.955444 142.155243 26.969604 69.077026 0.081260
660.000000 519.065979 177.325592 23.116089 53.876282 0.080029
660.000000 192.281372 137.915848 34.063995 85.187103 0.074302
660.000000 531.589722 178.478027 14.476929 35.062103 0.071342
660.000000 171.281876 145.117310 15.844696 37.302643 0.064586
660.000000 312.667511 137.275299 40.046387 96.337799 0.056239
660.000000 368.384857 180.843811 20.309387 48.131348 0.050361
690.000000 523.373962 178.577774 18.151123 45.968140 0.573548
690.000000 289.760712 114.791946 26.036316 66.325256 0.449776
690.000000 158.302643 127.045731 21.655518 59.527466 0.442997
690.000000 170.310211 130.841705 43.794342 105.365784 0.405688
690.000000 163.818176 131.728134 15.057068 37.976196 0.287136
690.000000 387.783203 181.833069 13.849487 34.538483 0.266319
690.000000 553.985901 183.340012 14.406982 37.435455 0.261766
690.000000 153.565170 128.253403 30.175629 85.087585 0.175514
690.000000 545.131470 186.540741 16.568726 40.681274 0.174545
690.000000 97.145386 184.555069 13.045441 31.098694 0.173350
690.000000 571.290344 180.762222 15.025391 35.388367 0.166036
690.000000 178.454803 130.523560 27.149811 67.678711 0.135964
690.000000 371.817230 181.702637 17.181824 41.553558 0.127452
690.000000 550.132019 185.319611 13.010254 30.428955 0.091910
690.000000 160.577316 130.713898 62.792664 147.105438 0.072245
690.000000 494.780304 184.565826 16.717041 41.616943 0.067064
690.000000 516.582397 178.820343 31.807251 59.125427 0.064006
690.000000 113.031479 185.352783 13.186295 31.656067 0.062285
690.000000 310.982513 133.812180 26.190430 67.902588 0.056560
690.000000 333.413940 141.110565 19.033447 47.881042 0.054116
690.000000 568.383850 181.909286 22.121948 55.776184 0.050359
720.000000 526.190735 175.488892 20.131348 46.554596 0.741122
720.000000 493.188232 186.039352 14.367981 35.656891 0.447529
720.000000 157.428986 125.991409 47.335968 110.580719 0.404831
720.000000 549.888855 185.288101 16.536011 38.910522 0.335346
720.000000 368.998871 178.990005 19.949829 47.189667 0.318071
720.000000 383.218964 180.873962 16.942810 46.953278 0.176166
720.000000 576.823059 180.926239 13.423828 32.763794 0.174963
720.000000 142.459869 125.578957 73.427826 167.244232 0.171739
720.000000 290.300568 115.833145 25.473938 63.475800 0.154949
720.000000 541.937134 175.701965 14.808105 35.130859 0.147975
720.000000 529.883911 173.461578 14.029785 33.765076 0.115400
720.000000 552.562134 183.932007 11.793335 28.750000 0.112528
720.000000 107.403038 185.318909 16.078995 36.474792 0.111857
720.000000 386.383514 179.686279 12.333008 32.431732 0.109936
720.000000 499.909821 186.377182 11.483215 30.415863 0.099255
720.000000 542.111267 182.739578 27.622559 55.613403 0.098163
720.000000 567.497192 183.311768 11.477905 28.788666 0.078205
720.000000 556.099609 188.544189 12.293457 34.274170 0.077239
720.000000 12.566341 191.437378 13.549343 32.777496 0.075814
720.000000 366.623627 177.729889 16.102722 36.819122 0.054454
720.000000 0.000000 189.390259 8.695677 43.205505 0.051039
750.000000 527.188354 175.780380 18.317871 43.869751 0.619187
750.000000 154.958008 122.517601 42.277466 101.633644 0.540721
750.000000 579.247498 182.771973 13.653076 35.579376 0.431279
750.000000 575.154846 182.655319 19.606812 50.105469 0.230566
750.000000 164.432220 121.109581 27.019562 72.705177 0.217691
750.000000 140.634567 122.429810 69.941101 164.753174 0.201695
750.000000 476.546356 183.282562 11.926941 30.164551 0.197845
750.000000 480.453400 185.089478 14.460999 34.189087 0.193909
750.000000 530.601440 173.545441 13.006470 32.120941 0.192806
750.000000 557.810181 188.904816 11.065430 29.258362 0.131353
750.000000 495.147858 185.914001 14.799072 34.765686 0.115867
750.000000 551.719849 185.641205 17.241211 42.902924 0.101027
750.000000 542.925354 178.195572 16.749634 40.569977 0.075960
750.000000 575.470825 196.366409 11.719238 30.662170 0.070739
750.000000 109.750923 179.329102 13.708496 33.550964 0.069799
750.000000 94.162025 184.274017 12.835556 31.368256 0.068192
750.000000 474.557037 182.566711 19.047607 45.541931 0.063981
750.000000 520.847961 176.422607 29.663940 59.184631 0.063249
780.000000 154.245789 128.337280 49.957245 113.779327 0.407063
780.000000 141.492294 128.281845 71.513794 168.234451 0.233192
780.000000 64.097366 182.888565 16.852295 42.344727 0.199743
780.000000 544.143921 175.348831 13.319702 33.006042 0.189177
780.000000 526.441833 174.753189 21.328247 51.952515 0.179533
780.000000 529.973572 173.251068 14.312622 36.204132 0.161779
780.000000 386.316132 182.298218 11.635925 31.637604 0.158767
780.000000 558.402527 189.126816 11.137573 28.696472 0.112757
780.000000 0.075531 189.234619 10.295790 40.155121 0.100377
780.000000 552.268799 187.283829 17.057617 41.390533 0.082371
780.000000 578.389832 184.356781 17.300903 40.864227 0.080149
780.000000 364.827576 180.030411 12.828552 29.608459 0.073135
780.000000 6.893995 192.670181 12.756559 30.794220 0.069808
780.000000 361.809357 180.303986 18.672363 44.750031 0.063158
780.000000 457.730469 175.516220 15.432800 39.143372 0.059712
780.000000 576.587280 197.884766 16.022705 37.247314 0.056379
780.000000 494.474365 188.163956 14.689758 36.175018 0.050657
810.000000 389.347626 187.070129 11.346252 28.997314 0.364566
810.000000 6.236199 197.274261 17.466412 42.301453 0.264105
810.000000 0.000000 196.142548 14.354811 36.850708 0.232928
810.000000 532.306152 177.154510 13.931519 33.662018 0.174210
810.000000 528.104065 177.987946 20.593018 53.862305 0.148234
810.000000 318.537872 144.567322 19.461487 46.907257 0.117134
810.000000 313.831757 144.487473 30.333801 73.121307 0.113598
810.000000 92.512344 189.881683 15.146774 37.412048 0.110093
810.000000 579.012268 197.862396 11.333374 27.848816 0.108196
810.000000 475.943176 187.706818 13.221375 31.688873 0.107071
810.000000 42.180824 191.542999 13.338531 31.026276 0.079010
810.000000 518.361084 184.607910 14.774536 35.165009 0.075622
810.000000 551.557495 187.541046 15.407715 35.405731 0.072293
810.000000 554.355286 189.227753 17.591675 42.817505 0.056028
840.000000 224.839569 144.868896 19.051178 47.001251 0.357437
840.000000 535.113831 175.851837 14.837036 34.580383 0.278676
840.000000 548.096008 179.107849 13.983398 32.042664 0.250733
840.000000 0.210748 199.197235 14.951773 39.514862 0.218170
840.000000 219.712662 148.822083 27.131104 67.060638 0.160873
840.000000 17.355869 199.886871 13.490768 31.708099 0.117223
840.000000 170.220413 100.144905 12.621246 29.419151 0.113609
840.000000 415.149414 181.444260 13.614868 31.646088 0.085365
840.000000 300.712402 144.222641 21.143799 50.683685 0.084901
840.000000 530.496582 174.958908 23.113159 59.562042 0.083706
840.000000 6.976565 203.715912 14.174664 35.916626 0.081505
840.000000 87.025055 185.687988 12.282211 31.715668 0.080627
840.000000 567.208374 193.031464 16.553711 38.508728 0.080401
840.000000 36.949715 199.137482 12.295113 31.749359 0.079150
840.000000 582.337036 186.720535 10.792725 27.667877 0.056351
870.000000 322.102142 163.795288 19.665894 48.544067 0.306419
870.000000 0.040282 184.706436 13.754279 47.511139 0.277779
870.000000 504.425690 193.014114 14.039581 35.525360 0.188248
870.000000 20.354031 186.719955 12.796940 29.934662 0.185960
870.000000 3.886566 186.606308 16.327255 41.662018 0.151127
870.000000 232.228867 159.015976 26.489334 63.818085 0.150465
870.000000 315.693970 162.123169 28.179260 69.554932 0.149086
870.000000 242.120514 157.693512 13.883118 34.826813 0.128407
870.000000 27.697412 193.654572 14.885435 35.500580 0.114308
870.000000 415.937439 181.531494 11.935974 30.138062 0.111560
870.000000 557.373291 177.861801 12.067505 32.575378 0.108392
870.000000 588.202271 187.864059 10.798340 29.365662 0.093268
870.000000 558.959167 165.673981 16.148315 39.500610 0.085750
870.000000 500.732117 194.812195 12.099976 30.661438 0.084400
870.000000 335.606018 166.210953 24.293030 60.472565 0.079921
870.000000 388.898621 188.593384 10.532166 25.563232 0.079618
870.000000 343.215179 175.634659 15.996826 38.576508 0.073132
870.000000 91.010544 189.832794 13.836670 33.268097 0.069997
870.000000 555.175842 164.511322 23.793335 58.465881 0.064271
870.000000 412.419922 179.456131 17.694763 41.247284 0.061137
870.000000 43.734230 187.639832 13.687721 33.811371 0.058939
870.000000 331.515442 167.807037 18.911682 48.230072 0.057776
900.000000 324.583679 173.670349 18.194214 42.056488 0.481351
900.000000 386.544525 192.188400 10.970642 25.380402 0.252802
900.000000 556.859436 171.121872 26.157104 56.100433 0.226691
900.000000 536.972778 193.699127 20.003784 50.032745 0.211697
900.000000 575.321838 192.550186 17.500732 39.631714 0.190118
900.000000 330.812744 175.392792 21.220764 51.320435 0.174268
900.000000 27.745756 190.970383 12.660967 31.269043 0.146295
900.000000 46.386990 191.064453 11.646049 29.794617 0.134683
900.000000 541.681091 192.543900 13.925293 35.370453 0.115665
900.000000 339.281128 180.716324 17.246887 39.819519 0.115069
900.000000 7.051102 190.174393 13.670031 33.094452 0.093723
900.000000 111.065178 97.653534 23.791023 56.553146 0.088927
900.000000 320.924957 172.225250 30.402283 75.389648 0.086013
900.000000 114.617737 98.154495 16.905289 38.518768 0.077309
900.000000 8.528994 200.173553 15.591312 36.985199 0.072981
900.000000 134.970001 184.215515 13.010345 32.485443 0.072763
900.000000 435.755554 180.117828 15.610168 38.952454 0.070123
900.000000 152.133102 185.693405 13.543091 32.599152 0.070022
900.000000 419.597198 184.933395 13.981934 33.362549 0.064201
900.000000 172.817703 183.508224 13.918793 33.383423 0.059896
900.000000 164.053482 182.193558 15.642639 36.528290 0.055796
900.000000 578.268188 189.901611 21.065552 49.683014 0.055553
900.000000 248.532852 166.881516 25.089645 63.252563 0.051829
900.000000 541.900085 186.833893 26.114136 58.395752 0.050935
930.000000 6.841390 190.711670 14.542911 33.670807 0.394507
930.000000 590.472595 154.152161 32.839478 82.009491 0.216768
930.000000 34.896938 192.097214 15.659607 37.799377 0.175298
930.000000 331.302002 174.597382 18.154297 46.151642 0.171478
930.000000 146.702347 96.084999 15.232910 34.349312 0.165632
930.000000 29.278173 190.236542 13.072062 33.553040 0.149430
930.000000 546.759094 205.827484 15.718018 37.681183 0.140238
930.000000 536.445618 199.701645 27.446411 56.640640 0.136211
930.000000 3.103409 190.313049 22.019810 47.721710 0.133415
930.000000 107.568298 94.092873 14.978638 34.898903 0.115951
930.000000 344.247498 183.305893 14.134216 33.271027 0.106818
930.000000 136.530899 95.107071 14.037384 32.418777 0.097308
930.000000 620.783569 165.788696 19.090332 63.517395 0.074187
930.000000 542.225769 200.820541 14.808594 34.394287 0.069437
930.000000 20.743473 192.234726 14.586845 35.671387 0.068685
930.000000 103.095139 93.776642 22.156830 51.080627 0.059608
930.000000 594.968384 158.611847 23.635254 55.561493 0.057291
930.000000 552.245911 212.556610 11.385498 28.959991 0.054981
930.000000 574.715271 208.509186 19.474121 45.215607 0.053790
960.000000 457.130981 176.258133 17.274231 43.737823 0.299794
960.000000 86.996590 89.855888 24.282379 61.133049 0.210152
960.000000 255.828384 189.514038 13.393936 32.327545 0.151858
960.000000 613.523560 145.494629 26.476440 113.743835 0.103370
960.000000 55.067406 195.471252 11.324203 28.566742 0.101462
960.000000 130.402527 87.088852 14.179993 33.689331 0.097527
960.000000 466.065033 174.835419 19.622375 49.060089 0.068233
960.000000 574.925964 192.856659 23.300903 53.365875 0.066967
960.000000 91.176163 89.885551 17.826660 41.203957 0.063912
960.000000 126.508583 87.338676 22.251549 53.007591 0.058207
960.000000 580.356689 193.565674 15.065674 34.981110 0.050156
990.000000 421.767242 136.937790 27.129395 74.080750 0.385399
990.000000 433.749634 154.063522 21.668152 53.396881 0.282844
990.000000 601.805359 113.440018 30.910767 69.229309 0.275350
990.000000 269.195648 184.149750 14.358704 31.729553 0.183532
990.000000 497.861755 176.255249 15.035583 37.632751 0.150702
990.000000 537.549622 136.052994 16.297607 35.467957 0.133923
990.000000 487.037354 171.635513 14.851501 34.716980 0.123526
990.000000 12.635662 186.245911 11.867413 28.878693 0.113683
990.000000 74.347763 196.692566 12.700226 30.099762 0.092204
990.000000 37.843086 188.399216 12.336205 29.697540 0.085897
990.000000 449.858459 173.788742 14.042908 29.372467 0.076026
990.000000 612.109985 109.953171 27.128296 85.593597 0.076007
990.000000 10.207367 194.112473 13.832600 33.981995 0.074103
990.000000 327.193665 180.776474 16.578979 38.348877 0.073660
990.000000 64.735596 194.507324 12.126251 29.846588 0.073198
990.000000 143.319443 168.895935 14.247253 32.882324 0.072627
990.000000 0.000000 182.184540 10.297174 40.671997 0.071636
990.000000 467.448517 175.613617 17.149841 39.311523 0.058957
990.000000 59.384949 195.287079 13.551224 33.636566 0.057395
990.000000 531.784241 133.116699 24.519287 60.936005 0.050577
1020.000000 571.642273 105.271187 32.276367 77.985130 0.533108
1020.000000 327.374969 176.878098 16.148376 37.703125 0.400268
1020.000000 42.222916 198.148911 14.071236 33.840759 0.269910
1020.000000 52.933815 196.004135 12.955658 33.030792 0.245997
1020.000000 534.499573 174.460968 14.417236 36.281494 0.237158
1020.000000 576.597107 106.997795 22.011108 50.214348 0.155004
1020.000000 567.394287 151.066025 24.948608 57.918884 0.147339
1020.000000 125.857422 165.775513 15.458893 36.450012 0.143027
1020.000000 324.033203 174.605148 21.999329 55.382050 0.131185
1020.000000 304.935333 163.027161 14.370544 34.628174 0.129062
1020.000000 548.644226 177.514801 11.933838 29.312012 0.116342
1020.000000 572.571838 152.129379 15.388428 32.274139 0.105827
1020.000000 530.576599 172.416946 22.260498 58.808502 0.078692
1020.000000 564.934204 100.028122 48.708984 136.939392 0.077037
1020.000000 20.513802 183.326065 12.764359 33.822449 0.075272
1020.000000 539.843018 174.182037 14.424438 33.764709 0.071443
1020.000000 21.614677 197.207077 12.524082 31.959229 0.059628
1020.000000 62.957150 194.172821 11.105053 28.577881 0.059259
1020.000000 126.487915 199.838638 12.553131 29.819611 0.056044
1020.000000 481.119995 174.478546 16.330017 39.947449 0.055519
1020.000000 44.422432 195.187759 10.562859 25.095917 0.055062
1020.000000 38.087540 198.010834 21.170425 48.208191 0.053070
1050.000000 6.814342 165.715012 14.924665 33.389740 0.401508
1050.000000 466.370941 192.296219 10.194397 25.772675 0.275223
1050.000000 474.204285 193.484512 10.280579 23.259125 0.234552
1050.000000 37.512280 167.256622 13.471901 30.937622 0.190749
1050.000000 469.920990 193.680542 10.401062 24.654785 0.126847
1050.000000 328.587006 179.104309 14.842590 35.230743 0.123038
1050.000000 271.713226 179.722504 12.738464 29.580566 0.122742
1050.000000 539.419434 173.332230 16.490112 41.421631 0.105237
1050.000000 70.777512 188.231506 13.098236 33.236023 0.097794
1050.000000 611.475952 141.065216 15.699097 36.684174 0.097551
1050.000000 12.039892 163.958588 14.667812 35.791046 0.093788
1050.000000 306.699097 164.607513 15.356873 37.937134 0.085999
1050.000000 35.851562 196.937622 17.578239 41.260010 0.067131
1050.000000 283.363495 176.107391 13.853760 34.517395 0.065735
1050.000000 620.426575 131.625854 18.590820 64.019745 0.062609
1050.000000 135.817841 191.599915 11.501556 29.651489 0.052509
1050.000000 23.729065 196.050110 13.403698 32.824066 0.050110
1080.000000 74.878021 151.625824 21.615448 51.377472 0.706516
1080.000000 603.259521 174.687820 23.338623 51.757935 0.648952
1080.000000 491.381104 186.115219 13.096497 32.876038 0.569477
1080.000000 53.847481 192.843658 14.339516 34.106537 0.280827
1080.000000 591.095093 187.000824 11.502563 26.311646 0.234592
1080.000000 329.008636 175.330338 16.216980 38.237915 0.190406
1080.000000 36.528690 191.903992 16.638466 38.390320 0.174428
1080.000000 601.192444 186.586868 11.319458 27.345062 0.174373
1080.000000 307.199249 163.008331 13.161438 32.678223 0.171739
1080.000000 609.170105 180.995697 14.264038 34.030457 0.170726
1080.000000 51.575981 177.049042 13.365379 32.810944 0.136997
1080.000000 142.035599 191.350616 10.120148 27.283203 0.136077
1080.000000 174.526855 193.382492 14.030304 33.096802 0.133946
1080.000000 479.515198 191.899948 9.434082 24.259552 0.117726
1080.000000 525.146973 195.860794 11.712769 28.357361 0.095905
1080.000000 335.546814 176.752823 12.706848 31.235443 0.088776
1080.000000 38.160835 190.234604 12.410416 26.458862 0.087080
1080.000000 244.624893 174.887283 11.470596 29.345306 0.085236
1080.000000 603.128357 182.357773 15.133057 32.968689 0.081143
1080.000000 58.030502 190.674454 11.319473 24.924713 0.080186
1080.000000 497.711853 187.061646 11.619995 29.961151 0.067600
1080.000000 568.098816 194.775589 14.587158 33.458435 0.064258
1080.000000 29.953308 191.040909 17.237152 38.942078 0.059958
1080.000000 46.781067 180.459030 12.923607 28.731659 0.057317
1080.000000 612.725952 150.144348 27.152222 88.257660 0.056031
1080.000000 78.438957 153.800674 13.390106 32.431274 0.052773
1080.000000 19.379669 192.349182 14.779991 36.157684 0.050453
1110.000000 523.710571 180.928192 17.301392 41.551605 0.787987
1110.000000 16.043674 174.463715 12.858776 29.881836 0.599135
1110.000000 511.742340 191.494171 10.606415 26.212006 0.392949
1110.000000 288.609131 177.782959 13.682373 32.570648 0.389296
1110.000000 499.478577 189.848206 11.036133 27.075714 0.385604
1110.000000 36.402298 145.704239 23.146713 57.662109 0.376440
1110.000000 517.380493 184.882492 12.760132 31.220703 0.340969
1110.000000 12.211199 175.532883 12.183098 26.877197 0.277920
1110.000000 54.891056 157.353378 14.234760 30.425415 0.270000
1110.000000 620.697449 186.332733 13.129028 29.530029 0.238189
1110.000000 42.532520 147.374374 14.048203 34.784210 0.173848
1110.000000 268.968903 177.138474 12.284973 30.140503 0.172852
1110.000000 152.400497 185.424728 12.785828 31.439056 0.138847
1110.000000 265.452576 175.602036 12.110901 29.807800 0.106291
1110.000000 146.346786 185.373184 11.979401 28.012970 0.104415
1110.000000 508.457794 190.923340 10.497345 25.413147 0.095348
1110.000000 605.124084 214.230103 16.525269 37.088409 0.085269
1110.000000 603.742737 189.924881 24.429810 60.988495 0.082628
1110.000000 42.229652 159.364685 15.388260 32.824402 0.081615
1110.000000 19.648533 153.071762 16.824997 40.110779 0.071811
1110.000000 183.021637 184.428848 9.756714 26.171356 0.064182
1110.000000 102.802338 203.983658 13.899948 33.550476 0.060611
1110.000000 249.060150 182.994400 10.884491 26.557922 0.055119
1110.000000 569.609680 33.666794 16.401489 36.581543 0.052171
1110.000000 381.574249 182.964615 10.172913 26.803253 0.051537
1110.000000 156.075073 183.770844 12.386108 28.834595 0.050107
1140.000000 570.013184 179.603775 21.493652 52.548859 0.960576
1140.000000 560.486633 179.219666 17.310059 43.275879 0.593512
1140.000000 67.298706 185.842407 16.081421 38.866669 0.371037
1140.000000 543.464600 194.863007 10.815430 28.788971 0.280045
1140.000000 546.789307 183.641541 15.012207 37.652802 0.272070
1140.000000 288.157043 175.698166 13.775391 32.957794 0.226662
1140.000000 578.621948 181.130600 19.840210 48.573639 0.186319
1140.000000 529.153748 192.595306 10.554443 27.338562 0.172599
1140.000000 234.998779 176.913467 12.912445 30.647339 0.155817
1140.000000 191.639267 190.150146 13.508118 33.301971 0.150993
1140.000000 126.870316 185.883041 12.514435 31.087067 0.147762
1140.000000 553.122864 183.195389 12.427612 32.598206 0.117518
1140.000000 239.514999 180.237167 12.262543 29.466980 0.109351
1140.000000 563.149597 178.290848 12.253418 30.643890 0.107816
1140.000000 471.753845 191.756027 12.122559 30.812866 0.091480
1140.000000 521.954834 194.606094 10.796753 27.381866 0.081429
1140.000000 526.170654 194.386063 10.388794 27.695129 0.080791
1140.000000 566.426331 184.065704 13.731567 35.097015 0.075927
1140.000000 517.815735 190.118683 11.513672 29.683289 0.057414
1140.000000 559.798279 182.421692 11.349365 26.836365 0.052880
1140.000000 64.523911 184.671524 26.660233 52.676544 0.050668
1140.000000 263.133423 177.681641 12.494568 31.406158 0.050652
1170.000000 585.685730 185.676620 16.236694 36.948334 0.768116
1170.000000 610.789734 170.962372 19.694458 50.553070 0.566695
1170.000000 562.975708 186.516663 13.873657 33.670746 0.504024
1170.000000 600.422180 185.181107 15.470947 36.736053 0.465486
1170.000000 592.659973 187.528442 14.151001 34.339355 0.441290
1170.000000 557.212830 186.958252 14.712158 32.857147 0.348000
1170.000000 107.989334 173.558792 15.570801 40.811584 0.317792
1170.000000 613.435974 172.679779 13.529053 34.127350 0.271414
1170.000000 568.151428 186.328079 14.199707 30.542053 0.233471
1170.000000 518.767639 183.547241 17.670288 43.667175 0.225358
1170.000000 419.984436 183.948349 12.752563 31.461334 0.184208
1170.000000 75.525169 184.348892 13.389618 33.231384 0.167298
1170.000000 622.346069 173.933197 17.640991 50.307587 0.138676
1170.000000 370.793610 182.988861 10.080383 24.336365 0.128064
1170.000000 554.171753 185.981781 12.447876 30.362061 0.099361
1170.000000 611.411011 186.354965 13.584839 34.682526 0.079653
1170.000000 67.626083 192.495590 13.940933 33.156952 0.072439
1170.000000 119.404671 175.621338 12.257179 28.196503 0.070494
1170.000000 538.579834 187.756592 12.380493 28.784302 0.060830
1170.000000 492.294830 186.140274 13.801880 32.852203 0.057524
1170.000000 606.448303 181.944183 12.158936 28.094940 0.053644
1170.000000 591.589722 184.687134 11.262085 25.152435 0.053607
1170.000000 241.386597 175.131866 11.534210 28.096832 0.052121
1170.000000 617.180908 178.213837 14.021729 36.106262 0.051477
1200.000000 621.332214 178.547791 15.667114 42.108887 0.738930
1200.000000 36.171547 173.356003 15.709564 40.787415 0.598812
1200.000000 579.292480 179.332596 21.787109 51.371094 0.383103
1200.000000 610.502686 185.907791 14.550537 31.585144 0.302698
1200.000000 569.746948 193.920135 12.433716 29.936249 0.241216
1200.000000 615.555359 179.831665 15.985840 36.569336 0.236163
1200.000000 563.729004 192.990051 14.192261 33.004059 0.163047
1200.000000 600.210327 186.529282 10.844971 29.470276 0.151629
1200.000000 414.514252 165.401321 13.228210 33.371521 0.149415
1200.000000 478.625183 174.573441 12.779907 31.436737 0.132452
1200.000000 588.957886 181.201599 14.595825 39.417267 0.093380
1200.000000 224.042618 158.992004 12.732483 30.175598 0.088854
1200.000000 432.769623 172.592682 12.950745 30.738983 0.070807
1200.000000 404.906799 169.635834 12.616333 30.946777 0.058154
1200.000000 290.028076 161.661789 13.075623 31.126617 0.053954
1230.000000 532.890686 177.284988 13.839600 32.943207 0.229177
1230.000000 60.892170 175.892502 12.811123 31.191711 0.175081
1230.000000 376.745422 174.276276 11.361938 28.583405 0.174246
1230.000000 70.188187 175.531418 11.302658 27.525146 0.143656
1230.000000 104.037498 184.142181 9.995331 26.963043 0.137414
1230.000000 14.893828 173.748978 12.870248 31.195923 0.127389
1230.000000 552.743469 174.112534 15.217529 36.657349 0.123575
1230.000000 429.275940 166.065872 12.915222 31.551025 0.115774
1230.000000 549.680664 173.552185 22.901855 52.215149 0.097384
1230.000000 478.392212 177.669891 17.525879 42.021057 0.094858
1230.000000 386.935822 171.836731 11.828735 30.963043 0.085278
1230.000000 423.777740 164.664520 15.462463 37.660034 0.082918
1230.000000 396.735321 176.946869 13.171692 31.044189 0.081914
1230.000000 438.251587 168.211060 14.594727 34.114594 0.076370
1230.000000 243.319565 164.235626 12.352356 31.167328 0.071168
1230.000000 528.911560 176.143158 20.649902 51.772247 0.065448
1230.000000 453.906799 168.849106 14.074036 32.442780 0.064198
1230.000000 570.641235 178.660461 14.752930 32.864166 0.057169
1230.000000 461.063751 173.949326 10.321106 27.985901 0.050453
1260.000000 382.052582 180.066681 13.600525 33.647400 0.449279
1260.000000 69.313263 174.557587 13.168686 33.390076 0.112437
1260.000000 0.844564 175.953308 20.665398 51.328949 0.090085
1260.000000 37.835960 184.474548 16.256340 37.319275 0.071747
1260.000000 426.948944 166.142151 13.992432 35.477356 0.062060
1260.000000 452.524963 173.922363 17.280762 41.430145 0.060068
1260.000000 191.623947 182.869766 12.250610 30.166565 0.059907
1260.000000 72.230560 174.502411 17.459259 41.001831 0.056039
1260.000000 37.679577 177.776398 13.600136 31.661133 0.055839
1260.000000 116.898758 167.694153 16.116928 41.640411 0.052574
1260.000000 0.000000 170.650864 8.760212 43.756104 0.051954
1290.000000 386.108398 184.407318 15.071960 38.026245 0.799244
1290.000000 574.277893 173.008804 23.125610 51.429565 0.439431
1290.000000 580.024475 178.284439 14.274292 32.483490 0.288568
1290.000000 38.531555 185.959717 12.096870 30.602417 0.234345
1290.000000 572.887939 180.161804 12.912598 31.707397 0.122128
1290.000000 16.463570 193.213287 10.489372 26.825378 0.096793
1290.000000 456.573181 166.907303 15.434265 35.185516 0.083311
1290.000000 439.320007 177.335968 14.876587 38.100586 0.065145
1290.000000 568.840637 177.838120 19.078491 45.790100 0.063663
1290.000000 435.209747 186.879639 15.406982 37.534088 0.058755
1290.000000 588.949280 166.824844 16.438843 40.186615 0.058266
1290.000000 432.481689 166.883987 24.310791 58.917206 0.056047
1290.000000 494.583496 166.130859 15.339783 37.000732 0.055722
1290.000000 109.420265 186.271637 11.672287 28.733063 0.054563
1320.000000 583.729675 149.703339 22.173950 52.568420 0.243370
1320.000000 393.452545 184.530304 13.667053 31.991119 0.213047
1320.000000 533.531921 152.404480 18.429688 44.291046 0.201844
1320.000000 587.093567 151.925507 15.655029 35.095764 0.121779
1320.000000 17.554623 186.923828 13.242279 31.923401 0.094222
1320.000000 546.008789 146.106308 28.149048 58.825226 0.088624
1320.000000 104.301559 186.277802 13.374847 31.191345 0.088238
1320.000000 550.089172 149.060760 18.782471 43.557495 0.084781
1320.000000 576.778625 147.294174 32.816895 72.175873 0.073243
1320.000000 545.275574 185.646912 20.050659 47.187653 0.069020
1320.000000 387.110443 187.671204 11.074890 26.570465 0.065561
1320.000000 497.396149 185.086288 18.169403 45.512115 0.061317
1320.000000 553.412720 149.364639 12.674316 31.961121 0.053659
1320.000000 614.594116 114.869476 25.402344 91.471344 0.053127
1350.000000 409.686096 184.211685 18.557617 45.111816 0.818658
1350.000000 463.077728 181.109222 16.742249 39.956268 0.567224
1350.000000 423.638763 187.350998 14.608582 37.443451 0.396110
1350.000000 188.969879 180.773376 11.743347 29.767944 0.380724
1350.000000 548.595154 180.321472 18.339844 41.151123 0.302249
1350.000000 139.243088 161.021179 14.930328 36.963959 0.262468
1350.000000 411.538818 183.809265 12.579834 33.685547 0.137733
1350.000000 514.835632 171.190811 24.110962 60.236969 0.133298
1350.000000 117.530022 175.246841 15.199837 37.906219 0.101837
1350.000000 127.150658 176.494675 13.126518 28.342377 0.098347
1350.000000 60.706032 187.717804 14.061295 35.152130 0.085558
1350.000000 467.988861 182.717163 14.059509 30.306671 0.076822
1350.000000 517.654480 173.953445 16.862061 40.282104 0.073717
1350.000000 135.223068 166.388687 17.146271 42.183777 0.065146
1350.000000 93.356613 176.291687 12.265823 29.736755 0.063909
1350.000000 445.277252 184.938736 13.755249 34.861633 0.062906
1350.000000 543.966064 176.554611 24.999023 64.114288 0.054309
1380.000000 487.767578 179.563599 14.216248 34.503235 0.428524
1380.000000 419.530579 181.127029 19.037964 45.481171 0.268986
1380.000000 484.441223 180.011169 20.221558 49.635315 0.214526
1380.000000 118.913948 160.534271 13.679207 33.326813 0.166196
1380.000000 555.373718 163.925873 16.285156 37.905762 0.153487
1380.000000 549.241333 163.226334 25.331665 59.257416 0.152134
1380.000000 490.534698 185.369980 15.617188 35.871765 0.135592
1380.000000 538.872864 177.150757 17.563599 44.495178 0.135071
1380.000000 539.032471 169.641266 15.114868 35.107971 0.130305
1380.000000 539.053772 168.622513 26.707642 62.057648 0.086192
1380.000000 99.923393 178.125015 12.349411 31.062286 0.083615
1380.000000 454.587860 189.126175 15.132690 36.964325 0.073281
1380.000000 424.721008 174.036102 14.674866 33.797699 0.059813
1380.000000 110.506905 178.609741 15.380981 39.035248 0.059486
1380.000000 321.121796 166.300293 11.874268 29.105530 0.057199
1380.000000 103.073906 178.150391 15.097763 35.818085 0.056901
1380.000000 0.000000 197.194168 9.619556 42.309326 0.051161
1380.000000 113.971443 160.047272 20.966194 53.937469 0.050540
1410.000000 17.450701 191.211945 18.019194 47.312042 0.428814
1410.000000 587.441772 203.192978 16.337646 38.689545 0.348507
1410.000000 1.315781 190.807343 13.113663 37.643707 0.285965
1410.000000 108.223289 191.299835 12.871841 31.992432 0.154252
1410.000000 495.536652 192.709946 16.823883 40.983490 0.146077
1410.000000 87.054970 163.115814 12.239822 26.346527 0.120540
1410.000000 51.106071 199.678207 12.574684 30.853149 0.118980
1410.000000 426.578094 181.649750 20.373352 47.694244 0.093919
1410.000000 501.287933 191.470673 17.705841 44.525299 0.089232
1410.000000 37.509766 191.707245 13.703018 32.208282 0.076294
1410.000000 5.720497 187.701447 24.482246 50.169525 0.072641
1410.000000 540.793091 187.558960 14.476318 34.184906 0.072344
1410.000000 148.510986 189.471939 11.537994 28.698822 0.065637
1410.000000 424.972748 201.077515 13.732666 30.855133 0.063608
1410.000000 9.162975 188.393051 15.968647 36.664185 0.063324
1410.000000 582.030334 185.168503 24.476074 56.914917 0.054861
1410.000000 435.065948 189.284302 14.665894 33.527649 0.054680
1410.000000 551.493347 189.303772 17.791504 42.835541 0.052529
1410.000000 23.884235 191.202179 12.293678 26.746887 0.050787
1440.000000 429.873657 177.957428 32.709534 78.985168 0.805451
1440.000000 541.506592 180.588165 16.111206 37.271790 0.532575
1440.000000 536.987000 179.456146 23.318481 52.781281 0.324110
1440.000000 515.950623 193.484512 13.355713 31.530426 0.314500
1440.000000 491.635040 183.132553 17.890076 42.455780 0.191229
1440.000000 534.935425 186.936890 12.502563 28.920441 0.185684
1440.000000 417.339539 169.667892 12.485291 32.143219 0.174556
1440.000000 531.466431 193.363815 16.830933 43.809235 0.107438
1440.000000 28.551558 189.190689 12.784693 32.319336 0.101139
1440.000000 225.858246 171.775131 13.772247 32.907074 0.096239
1440.000000 43.636692 190.365860 15.151253 36.246948 0.092917
1440.000000 495.501862 183.903625 12.876831 29.083313 0.084658
1440.000000 377.558563 179.706955 12.463440 28.566711 0.077629
1440.000000 580.225769 170.431625 15.363770 36.754822 0.075788
1440.000000 510.640594 191.887924 21.512665 53.509186 0.074998
1440.000000 531.018555 181.699234 32.709229 72.967133 0.060713
1470.000000 445.932526 176.759766 34.682434 86.200592 0.877217
1470.000000 496.309143 192.742096 20.452637 51.156799 0.636166
1470.000000 228.640167 165.204086 16.661926 41.348480 0.533502
1470.000000 223.069763 170.123413 14.740265 35.418213 0.485908
1470.000000 392.612671 176.162415 11.958374 30.441803 0.430153
1470.000000 311.021545 164.802109 14.707520 35.897308 0.315058
1470.000000 387.320282 177.509674 11.830017 29.331909 0.271980
1470.000000 238.044693 168.683487 15.174103 38.074463 0.218960
1470.000000 514.284607 193.391922 14.401245 34.735870 0.216647
1470.000000 497.988892 194.138702 14.479919 35.989655 0.189141
1470.000000 380.415649 177.615021 13.778931 32.430939 0.188714
1470.000000 363.141907 176.283997 14.662109 35.775818 0.180098
1470.000000 64.207199 179.653046 13.824478 32.326080 0.147813
1470.000000 587.777649 184.959885 26.509766 62.387573 0.142049
1470.000000 307.466888 162.608337 20.775085 53.780365 0.098942
1470.000000 539.311523 183.903381 17.032349 39.393646 0.084218
1470.000000 141.231689 186.038666 12.069061 30.397430 0.071382
1470.000000 458.012543 171.404251 16.168152 37.222748 0.065208
1470.000000 294.087860 179.167740 12.711182 30.462921 0.064813
1470.000000 429.925659 166.266495 12.997070 31.096130 0.062122
1470.000000 373.785187 178.038498 10.728638 27.274139 0.059578
1470.000000 592.966431 181.880615 18.090942 42.211090 0.058684
1470.000000 76.539413 182.680115 14.003876 35.201843 0.056623
1470.000000 502.842438 193.322464 20.087006 46.961212 0.055918
1470.000000 430.030670 187.106049 11.454956 26.510406 0.050781
1500.000000 560.921143 183.094452 20.801270 50.904175 0.826109
1500.000000 585.342224 178.033630 30.002563 73.312988 0.643087
1500.000000 210.781952 165.412399 16.367554 39.905396 0.635746
1500.000000 556.322632 178.124023 15.291992 37.441223 0.608182
1500.000000 577.773621 177.535507 16.503906 40.979034 0.582925
1500.000000 594.637817 177.847198 20.728882 49.787598 0.521154
1500.000000 573.860168 183.806931 20.591675 50.754150 0.463871
1500.000000 583.602295 185.902405 15.511475 33.543610 0.284982
1500.000000 472.928009 169.345261 39.670685 97.820206 0.243510
1500.000000 581.769226 183.228470 24.017822 55.621643 0.201493
1500.000000 573.637207 185.890320 13.797485 33.027710 0.169689
1500.000000 414.899628 156.937042 16.773499 42.214417 0.157665
1500.000000 564.143494 182.124039 14.829468 33.661438 0.151233
1500.000000 49.267807 174.834183 19.712494 50.172974 0.146714
1500.000000 570.879028 179.667542 31.076904 74.006958 0.122859
1500.000000 598.573792 178.634933 13.769897 36.400269 0.117459
1500.000000 553.505920 180.104996 22.383911 52.969604 0.074870
1500.000000 561.700806 179.170303 10.957031 28.682587 0.061926
1500.000000 46.428802 182.924164 14.938362 36.000946 0.059641
1500.000000 84.228874 175.597076 16.413162 39.013062 0.051295
1530.000000 587.231750 171.602234 26.270996 65.873535 0.946395
1530.000000 557.400391 177.590591 14.523682 34.437439 0.780017
1530.000000 13.013462 185.649002 14.673592 33.585541 0.440275
1530.000000 567.258484 180.483612 13.738159 33.547089 0.269705
1530.000000 324.718140 169.695587 15.907898 37.979828 0.171887
1530.000000 468.416992 185.919357 11.350464 28.375244 0.124271
1530.000000 202.970688 161.770416 14.509644 36.766052 0.116021
1530.000000 576.697144 171.487213 26.997803 67.525696 0.076015
1530.000000 85.441589 185.421082 10.985748 27.778076 0.075387
1530.000000 568.659912 182.384796 16.923706 42.304901 0.073077
1530.000000 321.268707 166.060715 25.523193 60.686615 0.067546
1530.000000 189.357391 184.443573 11.437958 27.864594 0.057817
1530.000000 518.121094 164.321823 41.222168 100.626541 0.057762
1530.000000 323.842621 136.187424 29.688660 71.543304 0.055183
1560.000000 195.048630 161.092621 16.272614 39.952148 0.676546
1560.000000 587.144043 176.042007 16.167236 38.024323 0.576075
1560.000000 623.614258 202.463104 11.254883 29.663666 0.466902
1560.000000 581.746887 174.644882 27.046875 69.073822 0.431475
1560.000000 31.834423 194.869431 12.863815 30.810272 0.360614
1560.000000 614.011414 204.794174 11.184082 25.009369 0.210713
1560.000000 483.543213 183.360367 12.452209 30.104889 0.199014
1560.000000 454.390137 178.784317 12.257446 30.636871 0.194914
1560.000000 34.707287 191.808151 13.095848 28.413696 0.176035
1560.000000 62.959679 190.956924 9.555893 22.051880 0.153238
1560.000000 38.881275 192.853989 12.855736 31.037170 0.137878
1560.000000 548.065796 167.504456 40.216675 91.741302 0.132421
1560.000000 44.787941 188.598129 12.217598 29.667603 0.127243
1560.000000 157.431015 188.066711 9.850159 26.183502 0.121319
1560.000000 320.140442 169.150940 17.025269 38.519531 0.093025
1560.000000 459.113098 186.466583 10.776855 24.265961 0.092642
1560.000000 90.903442 181.186615 13.200958 31.212952 0.079379
1560.000000 55.704796 198.191971 10.594437 25.901001 0.077764
1560.000000 70.240166 191.166138 9.506943 23.716278 0.072383
1560.000000 425.266632 148.037735 19.939941 46.171112 0.061530
1560.000000 78.434036 188.290131 11.215881 26.425201 0.054692
1560.000000 1.845992 196.344528 13.040886 30.614258 0.052841
1590.000000 617.940674 174.339386 18.118896 43.686462 0.906924
1590.000000 470.218231 180.879440 14.052917 31.573456 0.765369
1590.000000 205.713821 156.228912 18.803558 46.384857 0.457013
1590.000000 227.231247 162.984451 15.535614 37.444275 0.303297
1590.000000 119.815002 182.981216 12.471375 32.270996 0.299845
1590.000000 186.131927 160.431335 16.960938 38.768707 0.288262
1590.000000 263.087402 166.009750 16.575439 41.092499 0.207298
1590.000000 220.400742 160.807083 12.922485 31.600616 0.206283
1590.000000 196.561310 168.137894 14.812073 34.310303 0.161105
1590.000000 546.534119 167.174927 42.561035 117.209442 0.150661
1590.000000 442.438904 185.178360 11.642090 27.544312 0.107752
1590.000000 70.711891 182.310272 12.730774 31.526276 0.101040
1590.000000 504.828125 184.361603 13.595703 32.452667 0.095935
1590.000000 222.290634 162.058945 15.240967 39.221252 0.065385
1590.000000 60.332436 181.958572 11.952438 31.660095 0.063782
1590.000000 191.854813 151.177948 21.583191 52.024200 0.063047
1590.000000 550.114685 186.716431 15.349609 34.308197 0.057575
1590.000000 74.786789 188.758087 11.138336 28.455292 0.054655
1590.000000 102.836914 188.841354 10.200958 25.259552 0.054448
1590.000000 89.016357 190.649948 10.789383 24.619080 0.050974
1590.000000 446.185028 184.202240 11.680908 27.158081 0.050163
1620.000000 490.814240 179.676758 14.563232 35.625641 0.571652
1620.000000 552.173340 172.922379 38.257568 95.424484 0.499927
1620.000000 223.741440 161.917953 17.180115 40.549377 0.356142
1620.000000 536.838562 180.551529 14.875244 38.416748 0.351159
1620.000000 185.869720 156.904205 13.781097 32.886658 0.327189
1620.000000 88.093697 188.695435 10.397888 25.093231 0.311825
1620.000000 564.989319 4.937300 25.547852 63.034073 0.303768
1620.000000 453.303497 181.093689 12.934998 31.250244 0.288758
1620.000000 22.284878 189.043152 13.804146 30.213318 0.257454
1620.000000 10.643463 189.541443 11.501183 26.755920 0.186029
1620.000000 450.112274 183.232666 17.580383 41.408295 0.159365
1620.000000 18.403839 188.844635 11.938244 27.891083 0.152495
1620.000000 78.506325 179.232285 12.317734 31.253723 0.118246
1620.000000 217.637054 161.274719 17.497742 40.226562 0.117726
1620.000000 432.900635 157.106644 14.963501 35.353790 0.101735
1620.000000 476.679260 178.741486 14.746704 35.330994 0.101639
1620.000000 256.757935 167.161438 13.369446 33.896881 0.100546
1620.000000 465.767212 184.375793 10.816650 26.734253 0.099833
1620.000000 531.574219 180.740952 15.004761 37.128052 0.098465
1620.000000 535.072449 182.156769 11.296265 24.586456 0.093676
1620.000000 193.826004 167.542419 15.950470 35.550598 0.085026
1620.000000 203.550797 154.564301 20.099670 46.588196 0.083582
1620.000000 522.411682 187.186462 12.959351 31.627136 0.079529
1620.000000 262.766876 163.897476 16.004272 39.545074 0.077362
1620.000000 74.471344 189.599487 9.790451 25.310883 0.067337
1620.000000 413.972382 165.757553 16.245239 39.771118 0.064128
1620.000000 186.563538 153.757996 21.262878 52.192627 0.061158
1620.000000 327.592285 172.904083 14.524963 36.142395 0.059105
1620.000000 221.676300 176.157364 13.167572 32.283936 0.057308
1620.000000 427.714966 167.585114 14.821594 36.525787 0.050711
1620.000000 94.630463 190.277237 10.143112 23.564056 0.050487
1650.000000 514.379089 174.825150 16.167114 40.664917 0.796717
1650.000000 59.251892 188.384079 12.846756 27.923096 0.375375
1650.000000 172.410141 187.713287 10.747406 25.600250 0.275867
1650.000000 464.128021 184.179855 14.279724 33.273224 0.254371
1650.000000 9.007521 188.806122 11.934465 31.129181 0.223635
1650.000000 502.140594 176.829834 13.394928 34.677704 0.206442
1650.000000 530.715637 184.559509 16.191650 35.773438 0.200688
1650.000000 525.786621 172.923920 33.632690 87.153992 0.197552
1650.000000 122.577965 180.566467 13.190804 32.908020 0.141748
1650.000000 541.437317 184.664047 18.886841 41.671265 0.122744
1650.000000 75.025871 188.324188 12.062912 28.800201 0.106515
1650.000000 202.447952 182.146606 11.936432 28.659912 0.098622
1650.000000 530.347961 182.173920 24.028564 48.556854 0.089357
1650.000000 523.554626 188.789810 12.655273 31.917969 0.078654
1650.000000 46.199490 115.538269 12.920525 31.796753 0.077163
1650.000000 444.300293 185.302490 13.437988 34.011169 0.070477
1650.000000 96.088181 191.560913 9.413559 25.092682 0.065544
1650.000000 3.083703 187.958237 12.664375 31.912018 0.061714
1650.000000 85.627853 190.552444 10.211487 23.585907 0.055250
1680.000000 536.886597 173.296448 18.095947 45.818268 0.923871
1680.000000 182.635223 175.219070 13.727295 34.711578 0.752597
1680.000000 518.634094 179.222244 18.689941 43.370300 0.461730
1680.000000 45.507427 186.992767 11.374794 28.322418 0.369704
1680.000000 145.797638 187.481918 10.784790 25.749298 0.359745
1680.000000 503.934509 174.324982 21.695557 51.588898 0.245763
1680.000000 522.186279 174.461761 14.189453 34.763733 0.224437
1680.000000 243.882736 154.968491 23.493790 58.509338 0.185896
1680.000000 482.584625 177.787598 12.473022 31.814850 0.185143
1680.000000 380.588409 157.653748 22.763123 54.700073 0.167162
1680.000000 497.883270 180.132294 12.794373 26.796783 0.152732
1680.000000 470.138153 182.053070 12.971497 31.344177 0.145136
1680.000000 325.354340 155.142395 16.151794 37.737854 0.090900
1680.000000 242.629883 159.644119 16.460419 38.778442 0.089681
1680.000000 62.205517 187.896896 12.222813 29.837280 0.085241
1680.000000 235.596863 167.546524 12.455048 30.159576 0.083857
1680.000000 141.815781 184.948410 11.667297 27.847565 0.078986
1680.000000 385.307892 160.513824 15.042969 34.397461 0.076779
1680.000000 575.480713 182.640167 17.086426 38.528076 0.075467
1680.000000 499.736633 173.689209 16.801331 32.949249 0.067160
1680.000000 318.203094 156.864227 33.701050 81.392426 0.066808
1680.000000 500.879883 173.110016 29.810669 78.399139 0.061287
1680.000000 469.438354 181.948135 18.962341 45.220215 0.057784
1680.000000 40.727352 187.571259 11.702637 29.649200 0.054273
1680.000000 495.017914 182.062576 16.510803 37.106842 0.052377
1710.000000 555.458984 166.131317 21.753296 53.275879 0.984676
1710.000000 41.408089 183.610977 12.507477 32.001923 0.726035
1710.000000 539.431335 172.411194 18.108032 45.239105 0.697396
1710.000000 469.050140 169.338257 29.729370 74.214539 0.597237
1710.000000 26.935659 183.601654 13.373549 32.198853 0.546348
1710.000000 147.434845 182.715469 9.668457 27.560486 0.354748
1710.000000 52.410400 186.453003 10.563377 25.694733 0.340469
1710.000000 467.073181 182.074127 15.459839 37.085480 0.337832
1710.000000 35.937424 185.263702 13.535217 31.396729 0.286059
1710.000000 473.611847 171.651733 20.312683 47.264313 0.265949
1710.000000 485.445160 175.400375 15.864807 36.133026 0.191019
1710.000000 465.251740 180.874969 22.808777 50.361420 0.187726
1710.000000 543.469666 172.937927 12.140503 30.038757 0.186732
1710.000000 144.005707 185.299698 10.504486 25.984863 0.148162
1710.000000 509.594971 176.937073 13.116089 33.783844 0.126614
1710.000000 603.811584 175.848282 14.590332 32.450256 0.090355
1710.000000 547.941772 175.104568 10.738159 24.768982 0.080837
1710.000000 545.371399 175.528122 16.063843 36.358521 0.068881
1710.000000 626.097656 168.651230 13.869141 57.945068 0.068204
1710.000000 476.053864 173.993057 14.634155 31.778198 0.065418
1710.000000 322.611938 149.220184 19.402039 44.805176 0.063934
1710.000000 464.725128 180.734970 13.712402 28.519592 0.054016
1740.000000 574.655518 170.004715 21.246216 52.036530 0.939581
1740.000000 428.500031 171.950714 27.851501 74.157043 0.822100
1740.000000 554.622375 169.837311 19.286987 47.341248 0.665078
1740.000000 107.296074 183.173752 13.301453 32.810516 0.480076
1740.000000 476.667542 185.809036 17.684570 41.808746 0.440733
1740.000000 28.166794 184.902374 12.082657 29.773865 0.401401
1740.000000 424.168854 188.541656 18.593384 42.910095 0.312127
1740.000000 481.913666 186.919601 10.678955 31.325989 0.225074
1740.000000 412.316254 188.103104 17.264038 41.453033 0.210034
1740.000000 19.654469 189.361420 11.905193 27.159760 0.200774
1740.000000 97.867966 184.124451 11.735550 28.846893 0.162714
1740.000000 594.036255 172.136749 14.281372 31.268036 0.150554
1740.000000 626.931824 181.104492 12.862671 29.362030 0.140387
1740.000000 221.700089 141.336456 19.208923 48.093384 0.138637
1740.000000 486.752350 187.763489 11.913513 32.561615 0.132590
1740.000000 102.432030 183.679901 13.628647 34.418365 0.125246
1740.000000 560.416077 170.900864 13.538940 31.464142 0.110005
1740.000000 136.468658 185.411194 11.535675 27.598541 0.108772
1740.000000 315.810150 140.614777 35.386353 82.256470 0.108206
1740.000000 585.665405 176.408386 11.162354 28.011688 0.107538
1740.000000 32.773003 190.538666 10.881325 26.288818 0.100150
1740.000000 217.376785 140.893433 29.266052 74.140656 0.091181
1740.000000 516.985352 179.923279 16.690918 38.993500 0.080341
1740.000000 590.004395 176.853683 12.138550 26.917511 0.078401
1740.000000 224.175217 140.262543 13.642792 31.403656 0.073729
1740.000000 494.877899 183.046295 15.546631 36.535706 0.073308
1740.000000 504.776825 183.218216 10.574188 27.777588 0.072074
1740.000000 428.285736 178.046432 19.657227 45.070221 0.064542
1740.000000 405.001770 183.183167 24.543823 59.229675 0.059317
1740.000000 434.873169 178.362442 18.684937 39.723541 0.057006
1740.000000 92.363449 188.369049 11.149368 26.122864 0.054144
1740.000000 562.384338 175.126984 17.296265 43.307220 0.052855
1740.000000 575.521973 172.562241 11.833008 31.337708 0.051959
1770.000000 590.937988 169.445770 25.558472 60.697662 0.988995
1770.000000 566.742676 170.017181 25.874390 62.983673 0.925337
1770.000000 13.464060 186.563416 15.952206 34.823792 0.864773
1770.000000 523.555054 181.642517 17.950195 42.998444 0.708454
1770.000000 500.594208 185.339859 14.192047 32.963654 0.508401
1770.000000 68.507301 186.650665 13.498810 33.538025 0.487943
1770.000000 179.694641 148.039597 17.125641 41.415283 0.400384
1770.000000 601.952515 184.678619 18.330933 44.817230 0.291200
1770.000000 212.555237 140.190369 21.597015 52.670074 0.254151
1770.000000 206.811432 139.825745 33.689789 80.238586 0.211252
1770.000000 113.818260 188.892456 12.549011 27.698059 0.163034
1770.000000 505.783936 169.146133 22.712769 55.795929 0.162900
1770.000000 405.019440 175.214905 16.585815 40.420502 0.161920
1770.000000 345.717072 159.481110 18.334229 42.591614 0.145104
1770.000000 396.603973 111.340881 18.284912 42.371857 0.117096
1770.000000 476.539551 183.291367 13.988037 33.615417 0.104381
1770.000000 517.446594 182.226410 30.788696 56.748047 0.102231
1770.000000 215.176514 139.629517 15.079895 35.732910 0.088423
1770.000000 112.106178 175.099548 16.768700 40.322937 0.082456
1770.000000 513.351013 176.627136 18.593628 43.942932 0.071168
1770.000000 315.552216 138.685547 36.238831 85.487762 0.068951
1770.000000 5.647873 177.421448 16.811232 41.797089 0.063538
1770.000000 497.341553 184.645996 21.865356 48.195374 0.061774
1770.000000 522.291992 183.453049 11.533691 27.906494 0.051770
1770.000000 471.325317 180.110870 14.963867 35.929535 0.051530
1800.000000 604.813965 170.542221 24.792603 61.835114 0.991883
1800.000000 583.084717 172.765137 24.546265 61.299866 0.986910
1800.000000 29.868725 189.818085 17.559158 43.858246 0.539275
1800.000000 11.646216 191.966751 12.500989 31.202515 0.477511
1800.000000 527.435181 182.711731 19.553345 44.804749 0.322098
1800.000000 6.010176 187.519547 14.736486 37.368439 0.301733
1800.000000 168.484207 175.481018 14.355469 33.943970 0.203623
1800.000000 178.412155 151.246277 17.242676 44.807037 0.201099
1800.000000 47.318966 190.320282 11.336418 29.270691 0.198356
1800.000000 402.036987 168.934204 18.850769 44.011749 0.149227
1800.000000 195.093719 144.864273 24.314392 60.829620 0.123550
1800.000000 102.909454 188.066864 12.778976 29.473389 0.109746
1800.000000 0.422662 189.212952 12.456240 33.953400 0.094230
1800.000000 529.928345 182.452988 12.911255 33.237213 0.094007
1800.000000 507.176270 187.276840 15.468262 34.955231 0.092413
1800.000000 208.184418 141.643738 27.164612 67.578247 0.086370
1800.000000 624.835754 181.241226 15.072510 52.273468 0.070077
1800.000000 197.259781 144.800247 17.674042 41.427979 0.068345
1800.000000 115.018608 184.144608 11.221237 26.847839 0.063914
1800.000000 153.773560 181.788696 13.364471 31.897095 0.060374
1800.000000 147.231766 190.879959 11.617432 27.337799 0.059781
1800.000000 160.730103 169.283478 21.464661 55.659180 0.056470
1800.000000 99.414932 189.398224 11.992569 27.586151 0.054194
1800.000000 519.576965 176.598007 13.209961 32.723450 0.053298
1800.000000 582.531921 182.902740 11.966431 27.574799 0.052538
1830.000000 615.006042 170.312164 24.993958 67.267731 0.988545
1830.000000 594.796631 172.599838 26.621826 65.278198 0.983727
1830.000000 87.120064 191.685471 10.639191 26.354004 0.582861
1830.000000 131.396576 194.497070 13.506805 27.795837 0.541250
1830.000000 495.179443 192.478333 14.883118 36.214996 0.366241
1830.000000 196.632401 141.504807 36.831970 87.933014 0.271430
1830.000000 612.293762 174.050003 13.979370 35.490540 0.265017
1830.000000 529.173706 184.819427 17.292969 40.312744 0.229570
1830.000000 0.274798 189.364120 11.400496 40.011017 0.187191
1830.000000 401.760162 171.598999 24.536804 53.826233 0.184138
1830.000000 605.041992 172.507782 24.459106 62.847839 0.183651
1830.000000 408.768066 174.497833 15.788086 37.876923 0.165034
1830.000000 506.056824 188.057724 15.382202 38.037445 0.135515
1830.000000 189.873566 152.372116 20.292389 51.970428 0.128270
1830.000000 577.154724 185.612625 16.166504 39.993103 0.095055
1830.000000 607.706421 174.782578 12.605713 28.773499 0.089546
1830.000000 597.447876 172.389297 18.428223 43.001129 0.082649
1830.000000 205.418167 142.056488 23.762970 60.981506 0.076285
1830.000000 436.494141 141.705093 15.866760 37.891144 0.067494
1830.000000 184.749329 148.920792 30.123932 75.283386 0.066283
1830.000000 402.159241 169.871704 17.271973 39.085114 0.060940
1830.000000 489.440948 190.858185 23.567657 52.176849 0.057606
1830.000000 479.720367 184.528183 14.627869 35.053436 0.054790
1830.000000 7.549986 189.853256 13.697935 32.946442 0.051665
1830.000000 411.967255 177.244705 19.544922 48.504303 0.051103
1830.000000 35.045799 191.470520 12.548462 28.076050 0.050670
1860.000000 606.283386 174.693787 25.101562 67.438354 0.954142
1860.000000 624.443420 175.074265 15.419556 46.589264 0.672986
1860.000000 527.195068 184.293671 19.598633 46.740601 0.586371
1860.000000 195.261810 142.477814 37.987976 92.989380 0.407393
1860.000000 610.769165 175.641510 17.930664 43.586700 0.301374
1860.000000 77.883209 190.911057 11.380600 30.848328 0.202408
1860.000000 519.995239 177.623016 17.797119 44.267365 0.148470
1860.000000 177.917053 152.672104 16.332642 39.621857 0.114464
1860.000000 531.289612 182.530396 11.675659 30.807190 0.112735
1860.000000 111.795662 171.120667 16.758217 39.769257 0.111999
1860.000000 622.271484 178.371689 12.709351 30.515594 0.101535
1860.000000 203.066025 143.022095 27.196625 64.921753 0.097487
1860.000000 606.998413 180.393753 13.362427 30.470581 0.096684
1860.000000 508.130219 190.338409 13.515594 31.442352 0.054738
1860.000000 590.640320 188.506821 10.233887 23.650452 0.052587
1860.000000 157.678146 173.454712 14.392395 33.394501 0.051513
1860.000000 530.293762 184.939209 23.401001 59.258118 0.050295
1860.000000 579.639526 186.003067 11.439331 26.311157 0.050158
1890.000000 616.121460 173.740662 23.633667 70.753021 0.934719
1890.000000 529.846436 188.180573 17.969849 42.353973 0.638400
1890.000000 178.510086 153.033279 18.063690 47.012177 0.338752
1890.000000 436.025970 144.086288 16.784607 41.431763 0.244686
1890.000000 490.178955 194.678802 14.602905 34.507050 0.197878
1890.000000 579.365723 189.510803 11.851807 31.098236 0.139441
1890.000000 518.224060 181.532684 19.159180 47.004272 0.107717
1890.000000 486.259399 192.188446 22.111267 50.432068 0.106002
1890.000000 620.161011 174.614960 18.801880 37.004456 0.099642
1890.000000 66.718712 188.794189 14.700027 35.720520 0.093663
1890.000000 199.259125 144.022598 31.680206 78.871460 0.091580
1890.000000 417.212036 153.454559 14.220459 33.822571 0.080032
1890.000000 187.838547 146.153641 14.421204 32.728088 0.076516
1890.000000 524.846008 187.027786 27.065430 63.845856 0.074006
1890.000000 185.560242 153.327240 21.927063 53.163300 0.062147
1890.000000 101.410645 196.981873 10.991364 25.882019 0.058723
1890.000000 531.342041 185.365540 12.724365 31.064606 0.054863
1890.000000 506.480896 191.436722 14.908813 33.447754 0.051139
1890.000000 112.869713 173.000778 14.264633 35.047424 0.050018
1920.000000 504.644287 192.799408 15.981079 37.845276 0.655005
1920.000000 531.771545 189.634277 13.700806 32.959869 0.306679
1920.000000 91.284576 193.368774 12.385361 30.273865 0.239068
1920.000000 579.352661 189.648788 15.854614 38.599854 0.216162
1920.000000 180.047119 154.652435 16.081757 38.085327 0.209081
1920.000000 401.753937 166.684540 19.117432 47.631714 0.180587
1920.000000 155.639847 176.337082 14.254211 31.701538 0.126776
1920.000000 581.665955 186.817612 11.254883 27.612640 0.114415
1920.000000 517.900269 189.290009 17.495239 41.609161 0.111174
1920.000000 509.506134 192.334106 12.638214 26.684082 0.095848
1920.000000 573.107483 189.211258 24.099609 56.275452 0.091408
1920.000000 199.434448 144.893311 32.353668 77.793762 0.081518
1920.000000 111.103271 177.535660 13.449188 31.773499 0.074721
1920.000000 436.391113 146.144562 16.742249 40.200470 0.070200
1920.000000 587.580566 192.687607 13.540771 31.584839 0.067175
1920.000000 429.890656 194.878204 12.880615 32.265259 0.067016
1920.000000 485.209869 188.639130 11.266785 26.455444 0.062120
1920.000000 498.993805 191.934631 24.432037 53.621674 0.059221
1920.000000 192.516464 153.095779 21.015289 52.416443 0.055794
1920.000000 177.415283 172.074066 13.865143 32.384094 0.051962
1920.000000 183.740524 150.922562 30.621857 74.445312 0.050936
1950.000000 530.846497 190.556091 16.189209 40.147064 0.274906
1950.000000 179.693176 154.894760 16.029236 39.068085 0.224299
1950.000000 155.127838 176.556412 13.885986 31.391754 0.113750
1950.000000 195.106140 143.898392 37.644470 93.830383 0.093464
1950.000000 576.897339 190.913925 15.931641 36.817169 0.086420
1950.000000 176.606033 163.365845 12.866516 29.094849 0.077571
1950.000000 521.141663 190.420761 13.384644 32.544922 0.075534
1950.000000 581.726929 189.337799 13.237061 31.417816 0.063682
1950.000000 587.547485 192.348373 13.414185 32.953064 0.060572
1950.000000 82.369843 198.684387 9.994415 25.373352 0.053962
1950.000000 436.014282 144.958557 16.720886 40.544281 0.052242
1980.000000 505.359222 192.059265 16.163239 38.022064 0.665676
1980.000000 576.811401 189.699890 17.355469 40.969971 0.457916
1980.000000 54.409050 195.813782 11.312752 27.948151 0.453671
1980.000000 73.843132 197.765320 10.119476 26.311646 0.210961
1980.000000 199.723114 144.853058 30.797089 77.563049 0.200954
1980.000000 531.085022 191.531082 14.849976 35.707520 0.156235
1980.000000 581.138367 185.640182 11.254028 28.077850 0.150511
1980.000000 179.152695 154.445847 16.458191 38.858826 0.144823
1980.000000 402.217346 168.493164 18.646851 46.649567 0.144443
1980.000000 416.938721 183.852478 14.739075 35.268433 0.141322
1980.000000 187.252899 156.099564 21.114532 52.223663 0.134718
1980.000000 426.521606 196.389160 16.744629 41.656525 0.134105
1980.000000 588.089905 192.479630 13.046387 31.653320 0.128162
1980.000000 397.550934 174.957458 31.298828 75.126617 0.086077
1980.000000 481.638824 190.505371 13.885742 32.632660 0.057847
1980.000000 572.627686 188.062241 25.357178 59.599457 0.052950
2010.000000 48.286121 194.981674 12.339798 28.282562 0.480302
2010.000000 511.067383 187.892471 10.835083 27.810455 0.220813
2010.000000 530.484253 191.030914 16.272583 39.763519 0.188523
2010.000000 579.780579 188.104980 14.012817 35.959442 0.184600
2010.000000 180.854126 165.731476 17.910248 42.697021 0.133977
2010.000000 197.230347 144.670731 34.474945 83.258850 0.099842
2010.000000 524.247314 193.825623 15.180298 36.254974 0.082107
2010.000000 575.827759 189.113129 21.951416 51.323364 0.078545
2010.000000 505.354736 188.606094 16.946411 39.350830 0.073848
2010.000000 402.240234 172.374268 19.104126 43.894592 0.073769
2010.000000 521.419312 190.539536 13.144043 31.789124 0.065483
2010.000000 416.485138 184.038757 15.275330 37.170746 0.050250
2040.000000 530.897278 191.042480 16.119141 38.900085 0.448868
2040.000000 578.835754 187.822388 16.336914 40.792114 0.402648
2040.000000 505.792023 192.070496 15.701263 36.944336 0.180683
2040.000000 581.051819 187.039536 11.221802 27.400513 0.163543
2040.000000 194.152832 144.310089 40.696259 99.086578 0.095493
2040.000000 521.589417 190.986343 13.043823 32.084259 0.081935
2040.000000 436.514923 145.315109 16.397705 39.064819 0.070106
2040.000000 187.638947 156.273178 20.634735 50.323151 0.066472
2040.000000 430.301880 194.291290 14.755066 36.230255 0.060072
2040.000000 502.320465 189.627014 23.272430 55.967987 0.051666
2070.000000 530.303589 189.483597 17.288574 40.752625 0.447651
2070.000000 580.704224 191.113525 15.453979 37.681641 0.216232
2070.000000 194.890442 144.137421 40.350342 96.197968 0.153982
2070.000000 176.549377 168.564163 14.519165 34.739624 0.118012
2070.000000 515.248535 183.722717 24.088501 53.767456 0.113555
2070.000000 576.060425 190.370605 23.288940 55.731781 0.093699
2070.000000 507.643219 188.954681 15.229279 34.230530 0.092665
2070.000000 430.020111 194.752975 14.585205 35.270264 0.091136
2070.000000 520.291687 183.662415 15.123535 36.054199 0.088182
2070.000000 526.472412 188.595215 25.552490 56.233551 0.081823
2070.000000 403.243927 173.207062 18.295349 42.577759 0.078119
2070.000000 503.830322 189.002548 22.657104 52.209045 0.064497
2070.000000 436.225525 146.293060 17.065369 40.308228 0.055511
2070.000000 34.028156 200.545120 12.396645 30.204895 0.051035
2070.000000 187.258301 155.004730 21.886475 53.382843 0.050355
2100.000000 30.060667 193.215836 13.654100 32.057343 0.824742
2100.000000 195.740768 144.294235 37.594116 89.751831 0.543887
2100.000000 530.773987 190.771225 16.385498 39.703552 0.531121
2100.000000 507.724548 184.919449 15.375122 36.000671 0.234042
2100.000000 187.502975 154.135300 24.608887 61.016052 0.184255
2100.000000 177.004257 168.917725 14.757324 35.029175 0.177819
2100.000000 38.195259 192.360992 12.561806 30.978577 0.168519
2100.000000 578.093628 192.166885 17.928833 41.060822 0.163206
2100.000000 402.362671 172.837677 18.423035 43.036713 0.157253
2100.000000 203.279434 145.317917 25.301849 61.330505 0.139679
2100.000000 435.995850 145.083008 16.887634 41.011505 0.116043
2100.000000 525.429077 188.759354 24.115234 56.275238 0.113040
2100.000000 503.430481 187.055206 22.346924 53.398376 0.077064
2100.000000 111.951523 176.936859 13.321609 33.029999 0.076458
2100.000000 158.695374 176.617279 13.129639 31.273895 0.061932
2100.000000 180.138779 150.595200 36.060272 87.760345 0.054377
2130.000000 24.828680 194.383575 13.775763 32.009003 0.808339
2130.000000 195.397858 144.773621 37.481049 87.744781 0.631172
2130.000000 504.971069 191.604752 15.583862 37.631653 0.583650
2130.000000 530.132446 189.814209 17.257324 41.168091 0.437319
2130.000000 33.112072 194.023697 13.533180 32.793671 0.329264
2130.000000 581.291321 186.918091 13.240112 32.168640 0.284842
2130.000000 508.484161 189.126663 11.858612 27.813416 0.166904
2130.000000 577.626953 188.822311 18.506226 42.815552 0.166427
2130.000000 436.329437 145.307114 17.000244 40.666290 0.112652
2130.000000 203.151230 145.339676 25.091644 61.797729 0.109284
2130.000000 187.219650 152.944489 25.562836 61.884491 0.099518
2130.000000 516.398315 185.896042 18.298950 44.107605 0.071990
2130.000000 500.540070 190.502350 22.928741 52.092224 0.061195
2160.000000 21.948114 195.446442 12.453089 32.359131 0.892410
2160.000000 530.081665 190.204071 17.480835 42.084137 0.734437
2160.000000 504.882446 192.199951 15.980225 38.427032 0.611952
2160.000000 367.392059 185.253326 21.895203 53.937073 0.318116
2160.000000 491.612030 200.935410 14.346313 33.018951 0.263848
2160.000000 519.561890 192.230255 16.426758 39.547211 0.213705
2160.000000 112.922226 185.450821 12.980179 28.528412 0.164187
2160.000000 365.039978 186.278015 17.845398 41.156799 0.151863
2160.000000 581.495056 190.225647 11.388550 27.352631 0.097715
2160.000000 176.834503 168.192093 15.028717 34.967255 0.086020
2160.000000 196.489090 143.593857 40.853577 97.600372 0.081956
2160.000000 190.003082 146.617905 13.728546 31.698975 0.062365
2160.000000 507.439514 190.040985 12.380981 27.027252 0.062090
2160.000000 432.920471 198.214844 14.534790 34.145752 0.061592
2160.000000 156.243347 176.850098 13.758911 31.097290 0.061459
2160.000000 33.126137 199.323013 11.639359 26.101227 0.057692
2160.000000 437.198578 145.997086 16.472778 38.188110 0.053521
2160.000000 519.422302 189.330460 31.590454 61.823700 0.050362
