30.000000 44.721043 186.093399 16.249062 40.834686 0.750042
30.000000 419.147614 181.781799 15.636230 36.102478 0.464298
30.000000 402.338867 181.043701 12.864868 31.277740 0.428040
30.000000 456.404297 176.782959 14.997192 34.791260 0.411969
30.000000 451.143494 178.604385 12.652710 31.869751 0.382542
30.000000 411.757996 180.042450 12.046265 28.866150 0.356674
30.000000 328.196442 174.953613 19.589905 46.333191 0.318408
30.000000 465.037445 181.918701 11.779114 28.043610 0.310292
30.000000 442.897247 177.536407 13.758667 33.003784 0.301531
30.000000 0.000000 185.777786 13.566757 41.127960 0.298477
30.000000 19.332685 197.459747 12.488247 30.323425 0.283438
30.000000 3.969820 190.881180 14.669361 34.456970 0.207980
30.000000 36.478096 190.612534 13.936630 35.076630 0.207574
30.000000 331.801666 175.751923 12.715454 33.885376 0.170819
30.000000 378.807251 175.594955 17.995544 45.549744 0.164135
30.000000 578.576233 172.976410 15.624268 36.825989 0.156678
30.000000 416.495544 181.159088 12.294128 33.042969 0.148611
30.000000 448.607361 178.472534 10.416138 28.929352 0.135162
30.000000 297.321381 189.802124 16.586853 40.004211 0.128694
30.000000 399.167053 178.656189 17.588196 46.067566 0.115901
30.000000 134.608368 162.223251 13.647369 35.009766 0.105063
30.000000 627.131287 166.991318 12.830933 45.017853 0.094000
30.000000 10.903465 192.386978 12.900845 30.537903 0.091495
30.000000 335.885651 176.615082 11.968933 37.007843 0.091310
30.000000 71.463257 188.896881 15.709915 38.830475 0.089073
30.000000 320.147736 181.529724 10.909912 30.440277 0.085657
30.000000 325.614044 169.664276 14.509644 35.115051 0.075248
30.000000 466.670380 184.745605 13.901123 34.937469 0.070793
30.000000 40.417175 194.293594 13.680679 36.953552 0.060392
30.000000 521.474304 172.518936 18.518433 43.480255 0.056172
30.000000 383.293274 171.642975 12.717712 30.764984 0.052916
30.000000 183.663422 175.487885 13.193054 32.948761 0.051686
30.000000 408.562500 179.073318 17.195068 41.685699 0.050855
60.000000 489.024872 159.140076 18.228516 43.786987 0.884732
60.000000 309.753326 156.905899 12.563293 30.796753 0.321709
60.000000 328.731110 150.475494 13.460693 30.132416 0.293121
60.000000 386.786621 159.423096 9.812500 25.337769 0.250378
60.000000 625.927795 159.064270 14.030884 43.434509 0.224989
60.000000 306.328156 156.361435 19.198975 45.431366 0.209299
60.000000 541.886780 152.277573 23.511108 55.524139 0.087001
60.000000 616.487305 160.202972 17.183228 39.421997 0.070616
60.000000 325.093719 153.962479 16.608643 40.271149 0.067223
60.000000 472.406281 165.261002 13.146973 33.001160 0.056292
60.000000 478.219208 167.190094 11.188721 28.192688 0.051461
90.000000 534.874634 151.274139 22.716675 55.412872 0.887527
90.000000 464.356506 162.359207 17.028625 40.511719 0.443248
90.000000 433.898926 85.091682 14.160400 36.001968 0.194945
90.000000 530.108826 154.538086 20.168213 45.095123 0.151232
90.000000 306.548309 151.135849 15.265320 36.564331 0.138418
90.000000 523.967896 155.757019 17.889526 42.859100 0.097351
90.000000 428.396515 86.123909 21.107361 50.553062 0.094447
90.000000 542.168457 157.462738 19.399536 43.474487 0.088935
90.000000 531.468994 158.979202 13.511597 33.454163 0.081124
90.000000 21.888130 187.393066 16.675613 44.358154 0.078459
90.000000 467.120361 159.608200 12.221069 29.253754 0.076957
90.000000 550.486816 152.017944 21.509521 55.902222 0.066933
90.000000 426.977814 89.011337 12.778503 31.914169 0.064036
120.000000 603.915955 147.570282 29.629517 73.635529 0.925214
120.000000 579.975708 150.704758 23.917114 56.268982 0.505764
120.000000 432.748627 66.256462 15.684509 38.584961 0.338804
120.000000 168.199280 148.552612 9.512756 22.779877 0.311714
120.000000 583.693176 150.097885 16.200195 37.476837 0.272986
120.000000 440.899231 160.481491 11.162903 28.539642 0.259828
120.000000 394.473511 154.226028 12.948792 31.814850 0.203572
120.000000 452.508301 78.811310 11.769958 28.064072 0.143215
120.000000 493.575073 154.256653 14.346497 34.813721 0.135976
120.000000 601.667664 160.135788 22.334106 53.645447 0.103996
120.000000 447.212128 72.872498 12.746704 30.255798 0.102428
120.000000 138.073959 149.572235 11.370728 27.528900 0.097979
120.000000 101.642014 170.187134 12.302673 30.384949 0.091003
120.000000 110.928871 180.905792 13.096390 32.715485 0.089932
120.000000 502.426697 162.222717 11.695129 28.135986 0.085299
120.000000 163.688065 147.364746 9.922485 23.887787 0.083632
120.000000 10.146673 169.716110 16.924789 37.180359 0.080386
120.000000 625.285461 157.651337 14.645752 56.350250 0.078627
120.000000 322.307281 145.068161 14.593323 32.322845 0.076180
120.000000 588.873596 163.206848 16.677002 39.595856 0.071852
120.000000 153.776886 143.591629 11.423035 27.280853 0.071690
120.000000 449.919434 158.946320 11.977722 30.349884 0.070790
120.000000 614.175537 157.213089 23.447021 59.587830 0.069258
120.000000 573.275757 156.643631 12.834839 30.442291 0.055919
120.000000 133.707642 154.730499 13.157928 32.097351 0.053301
150.000000 470.422424 177.766907 10.964539 27.566040 0.617914
150.000000 545.987366 183.228149 11.425415 31.578491 0.423526
150.000000 522.933899 173.935516 15.520630 37.381317 0.325065
150.000000 414.263763 164.380051 13.497192 33.272614 0.291411
150.000000 480.390167 174.760101 10.041687 28.763580 0.225786
150.000000 347.491089 170.054611 12.606873 29.188049 0.199022
150.000000 20.302368 177.545792 13.389751 31.390350 0.113907
150.000000 81.015533 169.234924 14.353546 37.630920 0.093625
150.000000 569.930725 189.933624 12.070312 29.526459 0.093069
150.000000 514.362610 171.762009 20.019165 49.179199 0.066995
150.000000 608.034790 211.954788 17.800781 40.365326 0.064844
150.000000 52.127064 174.468430 14.054302 33.656921 0.062654
150.000000 44.621586 176.824448 14.479347 33.929688 0.054726
150.000000 450.881348 185.171036 10.545044 25.953278 0.050193
180.000000 577.209167 173.140457 29.962036 72.815735 0.916948
180.000000 503.070587 185.949051 14.170746 34.105316 0.731131
180.000000 591.155762 178.517975 24.263672 66.977051 0.685941
180.000000 572.747131 178.626160 24.350342 57.725006 0.449864
180.000000 69.830795 191.116882 12.928818 31.837799 0.360037
180.000000 79.938522 193.236237 13.620956 33.515900 0.254057
180.000000 11.681658 202.342682 12.263439 28.389069 0.241024
180.000000 94.854591 186.834564 13.870621 30.714020 0.147779
180.000000 100.886017 190.972260 13.359421 33.644684 0.144262
180.000000 599.995422 193.343719 16.564453 39.638275 0.112904
180.000000 57.771999 182.985855 13.285793 31.044098 0.106979
180.000000 584.808899 206.427124 16.632446 39.603882 0.093732
180.000000 138.624969 186.075745 11.465149 30.407928 0.093344
180.000000 129.381363 181.793823 13.696198 32.951538 0.076211
180.000000 508.712128 190.685501 11.384003 27.551270 0.072102
180.000000 512.055664 185.508453 13.988159 32.871704 0.071332
180.000000 388.851227 185.973541 8.494080 23.369537 0.069334
180.000000 156.849182 188.797302 10.828766 25.159027 0.063096
180.000000 625.007385 193.031799 14.693481 44.322998 0.060542
180.000000 10.721931 187.366837 18.064796 39.709198 0.053398
210.000000 538.701660 187.290771 20.784302 46.034973 0.958307
210.000000 426.029694 173.156189 15.927979 38.383606 0.234357
210.000000 437.780731 169.295456 13.516724 31.287323 0.201882
210.000000 585.776184 114.431885 20.010864 50.299957 0.196421
210.000000 15.091885 195.018890 13.238308 31.620880 0.182148
210.000000 99.590103 207.333939 11.601791 28.346924 0.176325
210.000000 39.757889 200.851990 12.878510 31.172699 0.174480
210.000000 5.402271 200.663315 15.545019 37.039917 0.161494
210.000000 79.448372 206.599365 10.674606 25.439911 0.122503
210.000000 127.313217 196.763916 11.523376 27.717529 0.122435
210.000000 50.814110 197.317932 12.725464 31.276672 0.119959
210.000000 382.256866 187.343430 10.731995 27.931000 0.110214
210.000000 465.747131 187.691269 11.356995 29.809235 0.088853
210.000000 596.897583 123.344215 14.975098 37.497826 0.082510
210.000000 451.728424 192.111542 12.735779 31.533112 0.077758
210.000000 436.003357 178.788284 13.843567 31.673401 0.076745
240.000000 599.292542 183.058533 26.177368 64.848206 0.994352
240.000000 439.259521 176.229416 17.698730 42.557434 0.852471
240.000000 622.576721 213.806274 12.749146 29.637970 0.471163
240.000000 1.576110 198.845978 13.317760 36.986755 0.370489
240.000000 0.000000 106.377777 17.475130 58.752136 0.354657
240.000000 458.812347 194.515701 15.566345 36.344788 0.293788
240.000000 463.670197 177.805862 18.429138 45.038544 0.287103
240.000000 331.019653 183.304138 15.509583 37.417877 0.203527
240.000000 2.909854 216.023071 11.619919 29.399963 0.199214
240.000000 82.042885 195.253021 11.281586 26.681885 0.194722
240.000000 46.154842 200.267120 10.151741 27.513000 0.165550
240.000000 345.474670 193.103302 10.549744 26.476288 0.144166
240.000000 427.661011 182.876617 13.000061 30.682922 0.118096
240.000000 4.138271 105.935982 12.730043 32.376732 0.095365
240.000000 378.492767 192.190277 11.715149 26.416809 0.074414
240.000000 619.730408 108.067139 16.559082 50.071289 0.070103
240.000000 561.324890 139.408127 13.787109 33.740356 0.061907
240.000000 0.000000 209.055695 9.564735 38.383545 0.053660
270.000000 472.902130 167.370224 21.890991 54.475403 0.553629
270.000000 494.213959 169.694916 25.715240 61.548126 0.552883
270.000000 490.448669 190.262238 17.292603 40.256927 0.467658
270.000000 40.800121 191.914841 13.089615 32.624207 0.431741
270.000000 499.069305 192.293121 17.162689 35.982239 0.357492
270.000000 346.119629 184.893234 13.427734 32.247833 0.341814
270.000000 333.168396 178.023132 15.017212 38.726624 0.319230
270.000000 379.742432 187.958710 10.114807 26.576965 0.245055
270.000000 523.125854 150.967178 16.475098 38.313721 0.177323
270.000000 498.319336 167.995880 15.061523 32.536713 0.169320
270.000000 503.068420 189.624481 19.542480 47.840302 0.166856
270.000000 445.257233 181.653107 13.665344 30.187042 0.166094
270.000000 26.232845 204.261749 11.190323 26.303894 0.136495
270.000000 486.525055 182.172592 11.373413 28.967590 0.133753
270.000000 461.945984 176.137054 11.133240 28.058563 0.118235
270.000000 491.902496 186.595291 11.879211 26.834503 0.098828
270.000000 389.229919 186.598312 10.383667 28.516571 0.082208
270.000000 342.213745 182.810898 12.962158 31.383606 0.074642
270.000000 405.208679 188.299042 11.576599 29.297211 0.071119
270.000000 72.146408 201.678680 9.794449 25.586487 0.066978
270.000000 468.831573 180.711807 16.905273 39.437256 0.064875
270.000000 467.139832 181.596619 12.520203 28.525543 0.056917
270.000000 477.261169 166.765396 14.291809 33.672394 0.055049
270.000000 505.761444 154.861053 14.653656 35.182251 0.053861
270.000000 383.701660 187.479233 11.123047 28.702454 0.052463
270.000000 516.252258 147.551117 24.464844 63.239380 0.050194
300.000000 536.535400 154.133133 36.668213 86.759918 0.980094
300.000000 576.560242 159.697357 32.872437 79.616608 0.937679
300.000000 568.927795 183.621826 23.297607 55.317871 0.544988
300.000000 382.958038 176.428406 17.489441 43.262512 0.513447
300.000000 400.923340 182.805084 12.461487 31.855255 0.463796
300.000000 559.368774 146.806717 34.239258 89.802917 0.337926
300.000000 396.911530 183.133972 11.610657 31.348236 0.267964
300.000000 581.543457 192.659760 20.991211 46.816986 0.259542
300.000000 345.858154 170.116852 19.233154 46.767120 0.253435
300.000000 425.803802 185.446808 13.244324 30.710175 0.224277
300.000000 559.904602 175.225220 19.764038 51.603394 0.207667
300.000000 605.244019 173.849655 11.370239 27.726501 0.166464
300.000000 613.437012 176.862411 10.915527 24.554779 0.160932
300.000000 385.814667 175.636215 11.024109 28.694794 0.153454
300.000000 349.984802 174.786606 12.651001 31.634521 0.120848
300.000000 581.777466 154.612061 19.782471 44.880280 0.096947
300.000000 564.532104 143.565338 21.759521 49.696411 0.094477
300.000000 246.956070 167.803238 13.029068 31.637207 0.084555
300.000000 529.303528 151.457611 21.329468 54.560089 0.080677
300.000000 368.908722 186.968933 11.535034 31.282532 0.060797
300.000000 573.119019 185.422974 15.021973 34.162994 0.055704
300.000000 561.324219 175.466370 13.929688 30.948517 0.054731
300.000000 435.522461 180.850861 15.500000 37.008972 0.054458
330.000000 445.432983 182.168793 14.914795 37.341919 0.396890
330.000000 458.940674 189.979416 12.079956 30.113678 0.263197
330.000000 496.707550 110.815300 21.045807 47.796120 0.185408
330.000000 431.923187 176.918579 15.027832 38.472870 0.149262
330.000000 453.994080 188.732910 14.061707 34.035248 0.125861
330.000000 392.091156 170.723251 15.384705 36.456757 0.119835
330.000000 303.883453 178.859222 11.405396 29.171814 0.105016
330.000000 446.703644 181.632690 10.084229 26.055420 0.101587
330.000000 451.692810 182.312332 10.573303 27.683502 0.101104
330.000000 496.924927 183.607742 11.660278 29.047577 0.100011
330.000000 421.412842 186.106796 16.866638 40.928802 0.087842
330.000000 306.861237 191.076263 10.573120 30.082092 0.072871
330.000000 415.285706 184.389862 17.182617 43.065430 0.063828
330.000000 438.170441 179.528885 11.727356 30.022583 0.059583
330.000000 96.344955 176.371445 12.808411 31.221619 0.055259
330.000000 390.179749 173.382111 20.025024 51.466919 0.052455
360.000000 6.681263 188.667099 13.097168 32.730225 0.877670
360.000000 558.666687 202.338928 13.158447 28.560699 0.413332
360.000000 574.020447 186.512772 15.765381 37.943176 0.265202
360.000000 591.043762 190.819962 14.047485 34.666138 0.164700
360.000000 531.437012 194.644119 13.266113 31.161011 0.157025
360.000000 538.761475 186.809647 19.620728 46.970398 0.126580
360.000000 450.086517 186.071152 15.962280 38.356995 0.119696
360.000000 377.165771 184.570328 11.749573 28.844482 0.114806
360.000000 568.373169 202.362595 14.059448 30.659424 0.109017
360.000000 575.143860 196.392838 16.083740 40.568604 0.106370
360.000000 524.587158 182.442627 23.687744 60.662567 0.098852
360.000000 89.755737 167.545670 14.357803 34.959900 0.094665
360.000000 560.667297 190.642380 14.129761 34.074921 0.089827
360.000000 469.849304 189.508728 11.440186 27.681427 0.086860
360.000000 541.393066 183.765228 14.670532 33.452881 0.066565
360.000000 530.505920 183.671204 13.750854 32.426941 0.065986
360.000000 83.075935 181.397675 17.720856 41.840240 0.065431
360.000000 30.100758 194.178467 11.723076 29.660492 0.059115
360.000000 490.713501 183.611725 16.063538 37.789490 0.057060
360.000000 581.195679 196.390045 12.632935 29.026855 0.052671
360.000000 568.489502 188.516266 16.442139 38.282623 0.050482
390.000000 3.320162 179.901443 14.240696 34.062225 0.893757
390.000000 29.087563 176.676376 21.596741 48.756775 0.869938
390.000000 21.547596 181.801590 12.280609 33.550507 0.665038
390.000000 35.725136 178.260757 14.762535 35.333160 0.590545
390.000000 10.484682 181.210815 11.370415 29.510651 0.354694
390.000000 23.641949 173.552002 13.382332 34.093353 0.198315
390.000000 75.685448 172.484863 16.012985 37.042542 0.163122
390.000000 573.686768 202.340271 14.053467 28.032806 0.135252
390.000000 615.393616 170.456604 24.319580 83.449554 0.131348
390.000000 57.768429 178.854340 17.123127 41.046844 0.105913
390.000000 0.098135 174.331345 10.925631 40.998108 0.093364
390.000000 163.240524 198.758728 13.640594 32.859802 0.090173
390.000000 623.969299 201.888824 15.748291 37.737335 0.066466
390.000000 171.671097 121.502556 12.212616 28.734154 0.062714
390.000000 114.087906 156.385025 15.754089 39.375336 0.062659
390.000000 521.654053 184.802200 19.140137 43.130127 0.053630
390.000000 135.162048 175.953735 14.006531 32.021454 0.052484
420.000000 571.770142 174.900070 16.086670 36.326965 0.398672
420.000000 503.419861 190.559937 11.981750 28.033966 0.145168
420.000000 502.402344 176.605911 11.875244 29.489685 0.099476
420.000000 556.280212 186.039017 16.084229 38.179962 0.082119
420.000000 460.374847 168.426849 15.599670 37.338196 0.075777
420.000000 384.630371 155.724625 14.355896 34.838898 0.058891
420.000000 564.219055 184.442276 15.435059 35.464539 0.053372
420.000000 51.769630 139.492905 12.633446 30.298309 0.050488
450.000000 605.977905 158.100449 22.692505 53.336487 0.599102
450.000000 602.487854 166.079163 19.539185 50.688507 0.164554
450.000000 610.624817 158.004761 12.584229 30.457581 0.074743
480.000000 73.505280 172.709915 11.246796 26.882690 0.387110
480.000000 477.978119 148.711945 15.591492 36.451935 0.173870
480.000000 471.059143 146.266495 24.619690 58.924835 0.159864
480.000000 473.768616 171.690125 16.369263 38.578217 0.128132
480.000000 513.411255 155.787796 24.090088 56.028137 0.111112
480.000000 447.871521 176.437759 17.822144 43.224487 0.064863
480.000000 594.334839 147.344589 25.117798 59.499725 0.051679
510.000000 256.748810 101.334122 15.720154 36.888214 0.140319
510.000000 206.836151 100.930298 13.955872 33.150452 0.104721
510.000000 363.526398 171.462418 13.682556 33.562531 0.100080
510.000000 598.151733 133.128433 13.438721 34.611359 0.066563
510.000000 339.530975 155.234360 12.650024 32.338806 0.065115
510.000000 526.756592 164.458008 14.716309 35.046661 0.059249
510.000000 226.015793 109.837456 12.709351 30.477303 0.057835
510.000000 548.133301 161.324753 24.631836 61.395294 0.055440
540.000000 365.708710 172.603668 17.530396 43.898346 0.357346
540.000000 355.522217 176.860123 13.056641 33.893951 0.161615
540.000000 127.368317 183.758743 13.256958 34.884369 0.128580
540.000000 558.535522 166.194916 17.257324 41.708282 0.127850
540.000000 221.880508 177.000946 13.496979 32.903534 0.123133
540.000000 603.392456 185.365372 14.069824 34.705933 0.119581
540.000000 561.049683 168.210342 11.689087 29.595581 0.107073
540.000000 131.456665 185.550964 16.382843 41.308868 0.102747
540.000000 193.517746 181.822464 11.712097 30.242615 0.079083
540.000000 361.852997 176.277008 15.326050 37.407898 0.077350
540.000000 378.019226 175.580475 12.364075 30.755035 0.070763
540.000000 360.336945 179.089874 10.470032 28.488495 0.059797
540.000000 368.467896 174.282379 12.118774 30.750366 0.058743
540.000000 566.197937 173.306839 16.157715 38.523651 0.058467
540.000000 613.737000 170.190216 25.639038 77.546387 0.057782
570.000000 378.142242 162.364761 10.878784 25.880066 0.215202
570.000000 314.188385 180.613480 13.890259 35.097839 0.174058
570.000000 593.647217 169.383179 14.522705 35.019897 0.146807
570.000000 590.285645 169.392883 21.993164 50.603790 0.105646
570.000000 78.733330 199.872162 14.618668 35.691925 0.104002
570.000000 609.059937 162.129181 25.132080 71.023590 0.099920
570.000000 550.535034 180.699600 18.759888 45.597443 0.098488
570.000000 93.724312 184.689682 17.379288 40.361877 0.078226
570.000000 322.999603 170.340408 13.012573 31.638458 0.065137
570.000000 345.705200 177.567245 13.280457 32.454437 0.061960
570.000000 518.758118 184.211945 11.590942 27.465790 0.059107
570.000000 67.913391 167.500900 16.086685 39.348969 0.054298
570.000000 306.139282 180.067902 13.907227 33.087250 0.051712
570.000000 247.132385 191.296021 11.205963 28.930542 0.050449
600.000000 481.999969 181.464539 12.937988 31.334656 0.132310
600.000000 616.338257 167.208115 23.406128 83.742554 0.128771
600.000000 52.501858 198.953262 16.324162 39.241699 0.126669
600.000000 561.863770 175.988831 18.147827 44.883331 0.096768
600.000000 568.351746 168.304703 21.808472 52.013336 0.082718
600.000000 416.241577 166.613647 13.412903 32.697693 0.072931
600.000000 29.282173 192.964630 15.532684 38.253113 0.065204
600.000000 77.091141 201.333572 13.767319 31.170013 0.060812
600.000000 558.337219 177.581482 11.989624 33.126801 0.058592
600.000000 618.264343 172.079483 19.189209 50.882507 0.052511
600.000000 68.752838 202.870911 12.451385 31.170288 0.051905
630.000000 579.352905 190.762268 20.243408 50.278381 0.786641
630.000000 603.898071 186.319397 24.677368 60.277496 0.533290
630.000000 493.816071 170.075760 17.455322 42.066132 0.344387
630.000000 576.839905 160.766113 26.921509 80.019440 0.342711
630.000000 545.982727 167.576416 14.951904 36.969177 0.324044
630.000000 542.007996 167.412949 21.044800 53.336884 0.256747
630.000000 497.615356 169.216141 11.978577 31.066132 0.146235
630.000000 288.027954 168.453583 10.669556 26.064880 0.125750
630.000000 609.579529 184.842896 12.144653 28.072113 0.121679
630.000000 620.098755 199.625870 17.620728 49.520020 0.109592
630.000000 484.159027 180.877106 15.817627 39.678864 0.099887
630.000000 610.921082 197.595016 19.853516 41.420990 0.070106
630.000000 581.961792 159.203766 20.452515 54.295471 0.067711
630.000000 490.349731 169.020370 26.449524 64.167755 0.067502
630.000000 565.608521 184.454376 20.204590 56.217621 0.061730
630.000000 30.308060 182.196213 14.110260 34.137970 0.056862
630.000000 485.782623 174.664795 13.101929 32.540710 0.050124
660.000000 153.888260 153.125671 20.814880 47.832672 0.749835
660.000000 163.166275 154.061905 18.385651 44.490540 0.343173
660.000000 188.963730 155.776871 23.066437 52.514740 0.297823
660.000000 124.859665 137.385666 15.223083 34.685944 0.282490
660.000000 170.446777 146.514587 17.718323 42.929962 0.235007
660.000000 191.414917 156.626678 14.990631 35.446014 0.110776
660.000000 141.283600 132.652527 28.716583 69.461700 0.103542
660.000000 117.628311 135.993423 13.410370 33.956268 0.081434
660.000000 103.357620 139.915482 24.813828 56.727448 0.081355
660.000000 275.414764 167.974396 10.426697 25.627014 0.080551
660.000000 570.509155 151.250565 33.333130 80.760590 0.077843
660.000000 184.615768 167.388397 14.206635 37.653870 0.071157
660.000000 122.893799 135.345535 22.453827 56.223602 0.067351
660.000000 131.956696 179.496796 15.736298 37.987976 0.058201
660.000000 132.578644 136.319565 12.059967 32.548279 0.058013
660.000000 199.094971 162.808609 16.071320 36.036560 0.052932
660.000000 176.388275 183.607010 14.377716 33.132172 0.050685
690.000000 152.045151 193.167175 11.887817 30.200012 0.574193
690.000000 9.076215 190.498901 22.029541 53.250244 0.559031
690.000000 60.696800 179.823105 13.979385 33.550079 0.190010
690.000000 12.463478 189.793533 14.067245 34.913940 0.141984
690.000000 464.346527 176.569260 12.362183 31.399689 0.110497
690.000000 524.540771 186.806244 13.459351 32.031708 0.092707
690.000000 623.430847 157.910217 15.494995 39.510254 0.080458
690.000000 38.752510 196.808167 16.716721 39.117798 0.057597
690.000000 463.617432 179.164536 16.794922 40.885834 0.053752
720.000000 119.277252 189.563461 12.420013 31.608246 0.524983
720.000000 64.540863 192.527817 13.995148 34.304108 0.264003
720.000000 51.795574 188.094650 12.387478 28.168274 0.132078
720.000000 476.414581 187.786057 14.138733 30.971436 0.122111
720.000000 24.446014 202.278809 15.243080 35.273804 0.108669
720.000000 253.313583 164.615417 11.493057 26.882416 0.104688
720.000000 128.425903 193.579041 10.564545 26.052948 0.098054
720.000000 108.348358 189.470428 10.584900 26.711060 0.077267
720.000000 183.112061 190.636108 12.326569 30.258087 0.075054
720.000000 496.040344 169.778778 15.935608 38.100677 0.069480
720.000000 491.858490 169.627396 25.218536 61.651154 0.065841
720.000000 29.014757 190.325455 13.237783 31.566376 0.057201
720.000000 137.211975 197.790970 11.239685 26.994537 0.056431
720.000000 48.258705 199.284378 14.313919 34.701111 0.053012
720.000000 141.710907 158.682434 18.406128 44.083313 0.051420
720.000000 258.587250 166.415558 12.455139 27.807220 0.051266
750.000000 498.551880 181.825851 16.894592 39.440918 0.965232
750.000000 41.278694 179.871277 22.480980 53.060272 0.751376
750.000000 51.611561 181.917755 14.198299 34.955536 0.332023
750.000000 44.230129 181.209305 14.196404 34.730438 0.328232
750.000000 60.998955 186.118988 12.733749 31.944580 0.316814
750.000000 49.172749 183.307755 21.133755 48.238281 0.223056
750.000000 78.346687 188.694031 11.771896 29.362518 0.218443
750.000000 132.280991 177.133148 13.895996 32.485199 0.209413
750.000000 32.273014 185.747864 13.400452 30.789581 0.161860
750.000000 58.729698 181.780670 10.585220 27.243347 0.161660
750.000000 612.473938 185.980682 18.407959 49.105133 0.106078
750.000000 137.919647 187.576111 13.067322 31.871765 0.094555
750.000000 37.487038 184.167984 15.725616 35.845917 0.069909
750.000000 155.699585 183.554810 12.888580 30.471008 0.064024
750.000000 49.957817 177.975174 12.476051 27.747864 0.059521
750.000000 444.609528 183.366257 13.039856 30.344269 0.058628
750.000000 112.686142 182.321487 13.695389 34.801941 0.056360
750.000000 26.338718 199.252411 14.108124 34.976776 0.052201
780.000000 542.493469 162.952072 21.684448 50.509003 0.993758
780.000000 23.339813 180.581650 12.380184 31.086945 0.303757
780.000000 85.558853 158.148544 13.431381 33.400269 0.062978
810.000000 466.829987 160.907196 13.928345 34.599518 0.247904
810.000000 70.878601 179.344269 11.716293 30.199158 0.166032
810.000000 29.811836 176.090073 13.471733 34.368042 0.093389
810.000000 444.061279 133.460007 14.013428 33.353271 0.066099
810.000000 446.265869 129.136719 19.458557 45.386932 0.063601
810.000000 24.664482 175.393036 14.072094 35.820923 0.056395
840.000000 531.947754 160.418121 23.696655 53.094452 0.327647
840.000000 518.747742 168.863907 16.832031 40.357300 0.309944
840.000000 100.325645 172.488983 20.823257 57.181702 0.303309
840.000000 102.892975 173.948914 13.819138 35.690369 0.232482
840.000000 116.129684 173.637070 15.700653 40.143311 0.210479
840.000000 0.258713 190.068619 12.367849 41.884064 0.145330
840.000000 535.618896 163.031494 15.711426 37.025024 0.136929
840.000000 41.231319 176.286377 22.332428 52.643402 0.133126
840.000000 160.280884 175.301529 11.429382 27.324951 0.132831
840.000000 6.728766 174.661957 22.265167 52.254395 0.093682
840.000000 552.924011 155.646057 14.959229 36.022308 0.089635
840.000000 562.284973 155.337158 16.616089 39.269562 0.075558
840.000000 556.344116 155.385696 9.854004 27.625732 0.074255
840.000000 398.422180 170.180847 11.958618 27.857056 0.064015
840.000000 47.153606 175.859421 13.921791 34.221893 0.057057
840.000000 38.526535 184.369415 15.586678 39.594421 0.056456
840.000000 463.285492 144.182510 15.198914 35.057678 0.050215
870.000000 13.825351 187.394714 17.754402 43.026886 0.772220
870.000000 50.774853 187.811188 15.924236 32.822510 0.679155
870.000000 585.463989 172.507248 17.508789 43.905853 0.621876
870.000000 2.350544 188.690613 17.265493 43.710297 0.442618
870.000000 94.201210 176.083328 16.744186 39.654327 0.369214
870.000000 0.000000 186.208054 11.665259 47.198730 0.272335
870.000000 101.372322 177.912949 14.037552 33.794067 0.222763
870.000000 618.503845 174.685684 10.229980 25.400818 0.183102
870.000000 453.247375 168.700943 15.016174 35.782959 0.170150
870.000000 86.886986 173.997269 14.381805 32.904816 0.143248
870.000000 91.902054 173.725082 15.097626 32.278625 0.105108
870.000000 629.104126 171.686783 10.891113 34.305145 0.103328
870.000000 7.817225 188.722336 16.283609 38.894348 0.092096
870.000000 605.671082 184.749023 12.309937 29.500702 0.091569
870.000000 81.132782 182.608261 10.805435 27.098724 0.082595
870.000000 13.479214 175.703979 12.113037 30.677612 0.081778
870.000000 98.634781 175.571838 10.720352 27.570251 0.080722
870.000000 141.644867 166.860489 14.809296 37.767303 0.073303
870.000000 19.858137 186.432877 12.740442 29.265137 0.070809
870.000000 136.858765 167.140137 13.062866 33.362793 0.066248
870.000000 597.077515 174.097733 15.362427 37.617432 0.050018
900.000000 67.043358 179.987854 14.796005 33.784363 0.546466
900.000000 523.199463 160.404327 25.212036 61.343842 0.176308
900.000000 465.438965 172.066986 12.613586 31.478455 0.175449
900.000000 530.416809 161.240891 15.015747 34.526581 0.172718
900.000000 450.174652 180.728638 13.248291 32.939178 0.138148
900.000000 57.045593 177.249146 13.026474 31.393341 0.129254
900.000000 468.301300 180.287537 10.129089 28.442322 0.087840
900.000000 118.973846 184.418442 10.057785 25.049561 0.077763
900.000000 465.332672 179.057266 16.472473 38.036163 0.055692
930.000000 6.845162 183.902069 14.464874 35.777374 0.500008
930.000000 5.554038 187.337814 20.422863 46.240417 0.274838
930.000000 538.443970 172.589432 19.723999 49.177948 0.266282
930.000000 445.603882 177.785309 13.316589 32.064240 0.134376
930.000000 494.305389 186.495178 12.993164 32.370148 0.120225
930.000000 423.736786 181.881058 16.077454 36.882233 0.095334
930.000000 119.473640 183.090103 13.009819 30.549347 0.089134
930.000000 15.618011 196.263443 13.999844 34.937836 0.078176
930.000000 451.986420 179.424026 12.793091 30.419250 0.074518
930.000000 543.995544 174.667862 13.158447 34.282867 0.058461
930.000000 535.665283 170.827026 16.245361 38.221222 0.053303
930.000000 28.117016 193.583221 15.482506 35.997131 0.051735
930.000000 407.653503 171.556396 14.047668 34.753143 0.050609
960.000000 598.035950 189.025360 13.663818 34.808594 0.311212
960.000000 580.118408 186.867798 13.977295 34.298004 0.260216
960.000000 610.113892 185.175964 16.172729 39.600281 0.244557
960.000000 589.253601 186.878036 14.047974 35.744934 0.244041
960.000000 548.764709 189.986160 10.579224 28.101501 0.230770
960.000000 604.436584 188.884369 14.582397 36.869629 0.218954
960.000000 593.429138 183.796722 13.879761 34.628448 0.200949
960.000000 519.386780 174.530060 16.565063 40.373749 0.164434
960.000000 562.867310 167.251877 19.129272 46.368530 0.163477
960.000000 532.650940 183.648468 14.974243 35.504578 0.162825
960.000000 423.597229 179.337891 12.173279 28.674042 0.152289
960.000000 109.873405 177.441162 14.077545 34.329895 0.139111
960.000000 426.503204 176.957993 15.403259 35.146729 0.122951
960.000000 69.138977 190.431885 13.805908 36.021454 0.108809
960.000000 616.755615 184.684174 16.456177 43.107483 0.103053
960.000000 454.023224 181.368301 12.947327 32.451202 0.096513
960.000000 498.809387 178.579544 15.553650 37.619507 0.091262
960.000000 517.191101 175.332138 24.446655 58.407104 0.082045
960.000000 476.958801 190.506821 17.080078 40.377533 0.077414
960.000000 116.810593 181.195129 12.915787 32.052551 0.064136
960.000000 589.428284 184.706741 10.828735 25.802643 0.061196
960.000000 387.486237 174.741196 10.545593 24.122589 0.053906
990.000000 567.267273 177.990448 16.160767 38.081665 0.511170
990.000000 555.656250 176.225693 15.460815 37.380676 0.375664
990.000000 575.007202 184.081802 19.058350 42.625305 0.363988
990.000000 29.862347 197.277252 13.523888 34.952026 0.361393
990.000000 36.196053 192.165268 16.731743 41.533844 0.348038
990.000000 439.029297 185.291641 10.692566 27.121002 0.330494
990.000000 563.918762 177.518784 24.870605 56.940582 0.306117
990.000000 476.742462 187.097977 17.641846 40.423584 0.303971
990.000000 0.000000 194.431946 14.452297 43.381409 0.301101
990.000000 574.939514 181.234283 12.260620 30.206238 0.202812
990.000000 569.763123 181.241028 27.588501 61.944641 0.195396
990.000000 552.341797 174.937408 22.974365 53.651123 0.169429
990.000000 586.714722 185.828461 14.901001 34.229584 0.136769
990.000000 517.646179 177.585800 15.424072 37.800018 0.119495
990.000000 79.616776 199.170715 11.345123 27.861633 0.099154
990.000000 484.059479 186.076859 11.581421 30.808563 0.098423
990.000000 85.838867 178.151871 14.573364 32.557190 0.094667
990.000000 433.679962 182.172211 10.495239 25.388336 0.083937
990.000000 582.859375 177.249298 13.583252 27.452911 0.081818
990.000000 560.806335 177.658264 16.199219 38.326935 0.069716
990.000000 579.531067 180.898712 13.590088 29.422028 0.069619
990.000000 4.618449 199.059509 15.187321 38.002441 0.063185
990.000000 424.822021 187.066101 10.254578 26.238373 0.061629
990.000000 490.245605 187.271484 13.475586 31.907013 0.053885
990.000000 471.595215 191.297333 13.892822 32.723694 0.051931
990.000000 579.748352 180.289810 21.286621 48.696564 0.050304
1020.000000 459.301819 183.199936 12.363586 29.627808 0.867951
1020.000000 445.453522 182.627136 14.112610 31.679413 0.663867
1020.000000 597.885620 170.792755 20.073975 48.714722 0.597189
1020.000000 514.045532 182.990021 11.006348 26.674774 0.520673
1020.000000 509.578705 183.135696 10.646027 26.166046 0.463798
1020.000000 602.002502 168.213898 14.142700 34.511353 0.303533
1020.000000 589.068787 172.043472 17.020630 41.606262 0.283223
1020.000000 451.446777 181.462738 10.803833 27.976654 0.262387
1020.000000 599.711731 179.152863 13.615723 32.056061 0.250292
1020.000000 517.622742 185.042007 10.101685 25.965332 0.207913
1020.000000 102.771828 199.052933 11.388397 27.089844 0.178868
1020.000000 605.128662 174.891190 14.242432 34.690979 0.156602
1020.000000 594.289246 170.455597 29.320435 70.493500 0.145377
1020.000000 400.984100 173.588348 12.439148 31.603790 0.139117
1020.000000 573.670593 185.120285 15.200806 31.773987 0.123916
1020.000000 385.316803 171.075821 11.790100 29.576569 0.113189
1020.000000 0.000000 197.104553 11.659306 38.330505 0.109532
1020.000000 72.142006 187.737930 12.734894 32.292877 0.102315
1020.000000 564.193176 197.501205 18.022705 42.353607 0.070306
1020.000000 521.877747 184.772858 10.667480 26.276398 0.058173
1020.000000 504.435791 179.241272 11.424744 28.695496 0.057895
1020.000000 569.979675 186.209427 19.536987 46.904541 0.051170
1050.000000 480.281677 181.732086 14.772949 37.474304 0.878218
1050.000000 31.433262 167.994186 13.015129 31.567474 0.284678
1050.000000 477.027008 184.177628 13.057007 32.373871 0.274347
1050.000000 46.828636 186.423157 15.387032 37.827057 0.247080
1050.000000 474.097015 190.185959 13.062378 30.727478 0.230882
1050.000000 589.748291 182.431290 11.747192 27.302948 0.227263
1050.000000 38.882919 179.733673 12.990509 29.756775 0.136453
1050.000000 3.731584 181.044998 14.825042 37.355164 0.132729
1050.000000 598.308655 171.490845 16.328857 40.257935 0.125300
1050.000000 64.369057 195.026978 11.529419 29.896515 0.113561
1050.000000 87.309837 192.923416 11.366028 30.137634 0.102134
1050.000000 12.804287 168.293594 12.757244 32.400696 0.085760
1050.000000 592.839905 179.891922 12.749634 28.923767 0.084729
1050.000000 44.531460 180.466934 12.913818 27.932922 0.070340
1050.000000 28.189943 171.329895 24.205023 50.972534 0.069309
1050.000000 40.205818 185.466263 14.312447 34.377594 0.064894
1050.000000 467.962250 186.567719 13.449219 33.248108 0.055095
1050.000000 77.844513 182.213242 14.425430 31.928436 0.051845
1050.000000 52.017269 189.631683 14.415195 36.360535 0.050408
1050.000000 91.050949 198.270645 10.228821 27.373260 0.050272
1080.000000 509.655518 183.616592 17.252197 41.613098 0.604951
1080.000000 604.059875 184.488449 13.688599 33.872833 0.598798
1080.000000 16.283176 183.665497 16.158348 40.740143 0.426325
1080.000000 502.078308 175.629425 11.934326 28.148651 0.407123
1080.000000 613.796936 182.522095 10.198364 29.738708 0.340924
1080.000000 618.607056 184.643509 14.267578 34.158386 0.295616
1080.000000 597.135498 187.061188 10.980835 29.915680 0.236751
1080.000000 623.660461 183.365021 15.167969 38.346680 0.204079
1080.000000 0.000000 174.173874 13.491701 48.777191 0.182440
1080.000000 608.725098 184.188599 10.013062 27.108948 0.160051
1080.000000 15.023004 180.748413 13.759048 30.204315 0.150775
1080.000000 610.442017 179.479401 17.939453 40.434326 0.079533
1080.000000 130.463501 179.452118 12.712982 31.666290 0.060939
1080.000000 150.978256 180.912949 12.391266 30.364105 0.051211
1110.000000 531.977173 181.225952 17.931396 42.928650 0.862510
1110.000000 493.727356 182.714890 16.426758 38.030884 0.369434
1110.000000 37.233406 165.491257 17.230934 43.284637 0.366076
1110.000000 28.546944 167.075363 14.437599 34.362274 0.270722
1110.000000 534.026184 181.552612 12.564941 28.684845 0.217526
1110.000000 14.132923 170.422607 22.265751 52.489716 0.185037
1110.000000 22.904308 163.112869 23.983467 55.878601 0.182594
1110.000000 558.480408 185.689941 18.577026 45.712250 0.173712
1110.000000 5.510573 151.647369 14.090894 34.833344 0.172677
1110.000000 589.113342 180.588242 14.656494 36.949219 0.160158
1110.000000 40.250637 172.120743 19.449699 46.617462 0.156869
1110.000000 544.178711 181.153061 12.363159 30.027985 0.139558
1110.000000 17.006994 171.296860 14.572906 37.103638 0.128718
1110.000000 4.864728 176.793350 21.560501 48.129761 0.095710
1110.000000 523.302673 180.287888 12.857056 28.008850 0.091365
1110.000000 546.230164 184.012817 17.455933 47.851196 0.085423
1110.000000 0.234078 176.994568 14.108136 40.902710 0.083728
1110.000000 508.176941 175.252213 14.251587 29.961365 0.074116
1110.000000 20.996857 174.784653 18.832855 41.553589 0.073195
1110.000000 41.260319 165.749588 12.361229 29.033325 0.070935
1110.000000 557.122498 186.235321 13.404663 31.327332 0.068286
1140.000000 561.303040 173.396927 22.853149 56.165375 0.982341
1140.000000 610.402832 179.838135 19.267822 48.328339 0.394969
1140.000000 614.842712 178.624084 22.438599 62.769318 0.389567
1140.000000 122.651329 186.876770 12.027061 28.351532 0.184529
1140.000000 12.537966 186.706268 12.083668 29.100800 0.166720
1140.000000 627.169495 183.910492 12.666626 45.031555 0.137099
1140.000000 610.606445 181.749512 12.899292 33.877228 0.109073
1140.000000 212.873123 180.932831 10.219086 27.195831 0.089538
1140.000000 18.095844 193.951630 12.401634 32.307526 0.083219
1140.000000 568.132629 178.220612 14.433716 32.459961 0.082548
1140.000000 617.958618 181.633255 16.592529 41.686462 0.062169
1140.000000 42.596870 206.031143 14.227730 34.290344 0.061882
1140.000000 573.503235 178.381302 12.262085 27.079895 0.060843
1140.000000 617.910034 180.257584 11.833252 29.734375 0.056953
1170.000000 591.799683 171.591873 24.698364 61.173981 0.988638
1170.000000 102.770782 184.875900 11.867661 30.610931 0.331448
1170.000000 76.003220 182.939301 16.995728 33.633881 0.237649
1170.000000 68.953873 184.549988 12.747025 31.476074 0.182439
1170.000000 152.827301 182.460922 12.443787 28.150665 0.176605
1170.000000 266.451630 180.063995 13.496887 31.078918 0.173281
1170.000000 143.698105 179.296219 11.885162 27.329956 0.138338
1170.000000 74.650841 183.142532 11.512360 29.614471 0.110132
1170.000000 65.892227 183.916122 11.471283 29.449249 0.086432
1170.000000 132.076965 183.553406 12.641205 28.836823 0.081946
1170.000000 556.651672 164.176285 24.360840 66.693817 0.079033
1200.000000 586.704407 145.471252 15.625488 36.878662 0.532085
1200.000000 621.572937 150.178558 18.366333 87.287933 0.233365
1200.000000 148.381912 186.368256 13.253021 31.657959 0.216094
1200.000000 121.036469 179.692398 14.058563 32.649963 0.211667
1200.000000 132.534409 183.386963 12.783325 30.136047 0.152538
1200.000000 117.230896 180.091873 12.250961 28.771118 0.112994
1200.000000 199.698044 159.275864 11.022339 26.879303 0.100856
1200.000000 382.328491 135.190414 22.991638 52.773712 0.095300
1200.000000 206.595108 149.618362 13.877991 32.941620 0.065222
1200.000000 578.243042 143.147354 26.107910 58.400208 0.051689
1200.000000 94.067787 173.328125 16.904877 39.731476 0.051599
1230.000000 70.436569 183.953522 11.467102 28.481415 0.280054
1230.000000 598.421326 148.887405 14.420288 32.060120 0.271798
1230.000000 53.419960 181.718948 12.621284 31.247223 0.226693
1230.000000 210.403595 144.546707 12.715027 32.432922 0.218138
1230.000000 28.485640 183.378357 12.876291 30.611420 0.206851
1230.000000 119.688248 182.190430 11.695312 28.147186 0.171561
1230.000000 152.410568 144.979080 11.326752 26.184601 0.170423
1230.000000 218.074402 179.628265 13.662720 32.231506 0.155086
1230.000000 61.704720 184.519989 11.054459 26.641052 0.152836
1230.000000 44.002426 181.731903 12.779556 30.828979 0.123866
1230.000000 148.833588 143.793777 15.709381 39.192596 0.096744
1230.000000 49.617580 181.695847 11.470650 27.183685 0.084357
1230.000000 466.349762 160.043320 15.830017 37.800934 0.069387
1230.000000 592.460754 137.047989 19.432129 48.942047 0.065862
1230.000000 450.676575 123.233040 13.083252 33.792259 0.058329
1230.000000 455.903229 155.682724 15.858826 37.816864 0.055429
1230.000000 470.859070 169.136414 16.015076 38.608643 0.050438
1260.000000 458.191193 152.004089 13.013184 32.815887 0.597273
1260.000000 64.512779 183.944183 12.362274 28.404205 0.152940
1260.000000 601.390015 136.527786 16.921997 41.983276 0.141721
1260.000000 453.931458 151.682922 13.060059 31.345551 0.124556
1260.000000 53.645241 185.351639 11.242546 27.873688 0.115138
1260.000000 450.273468 150.995575 12.097900 31.002014 0.109552
1260.000000 188.514908 176.752731 12.286865 31.909790 0.064794
1260.000000 442.072144 144.241898 17.562561 43.909698 0.061011
1260.000000 468.800873 157.519287 10.304260 24.917572 0.054478
1290.000000 61.775883 187.474136 12.800793 30.309021 0.738789
1290.000000 607.892395 148.025711 13.682739 34.325134 0.138021
1290.000000 73.250557 187.678680 11.823410 30.546783 0.122223
1290.000000 471.337677 163.759018 14.877441 34.483551 0.104712
1290.000000 27.143883 202.849228 10.977455 29.010132 0.080133
1290.000000 52.846901 193.461319 12.104858 29.689972 0.050066
1320.000000 609.527588 152.596222 13.698730 32.944733 0.179735
1320.000000 144.285446 146.500458 13.130127 31.506836 0.161718
1320.000000 134.611115 154.208771 13.485962 29.774139 0.100573
1320.000000 209.299713 152.379242 13.768738 32.244476 0.088960
1320.000000 464.739624 132.149994 27.609558 70.517792 0.074350
1320.000000 151.574600 145.797226 12.061981 28.792786 0.056611
1320.000000 193.165100 175.881714 13.503265 35.383057 0.052156
1350.000000 609.579285 156.941696 11.600830 30.155670 0.251847
1350.000000 598.122620 155.764099 13.577393 29.951782 0.195325
1350.000000 461.195374 161.689407 12.559814 31.018372 0.138267
1350.000000 604.203735 143.698059 18.340942 43.790680 0.116890
1350.000000 567.040588 150.886002 15.710571 36.621887 0.100475
1350.000000 457.179077 160.715927 20.841125 47.259277 0.086252
1350.000000 158.475998 178.466858 12.825317 34.298370 0.079738
1350.000000 71.751419 189.450882 13.427246 33.322205 0.062220
1350.000000 14.988594 183.700943 15.494373 36.520081 0.057531
1350.000000 87.558563 194.688660 13.663895 32.471710 0.054130
1380.000000 456.855316 161.839279 16.750549 40.503693 0.227000
1380.000000 609.694458 157.238403 11.302612 30.177704 0.220756
1380.000000 475.910461 178.191345 11.554077 28.637177 0.098098
1380.000000 453.171265 162.141602 24.375671 59.836182 0.094581
1380.000000 468.447174 164.979767 10.731567 26.206604 0.087019
1380.000000 127.225502 193.000900 12.251854 28.925140 0.078027
1380.000000 158.744553 185.517944 13.345551 33.877258 0.066594
1380.000000 143.999420 151.919464 11.789215 25.119904 0.063527
1380.000000 463.724091 163.389069 11.375488 27.839417 0.062572
1410.000000 609.449524 158.444641 11.764648 29.982056 0.249073
1410.000000 458.583099 161.137955 16.017334 38.609741 0.162055
1410.000000 597.835693 158.180099 13.875610 30.572174 0.130868
1410.000000 53.365936 192.629089 11.955704 29.839203 0.113789
1410.000000 467.364838 163.841843 12.031494 29.305359 0.081218
1410.000000 474.787354 180.387741 11.837463 28.013184 0.054900
1440.000000 610.474609 156.285858 12.190552 31.112671 0.646150
1440.000000 57.678249 195.556625 12.368549 30.255981 0.421311
1440.000000 53.331203 194.020126 12.296917 30.384827 0.202307
1440.000000 63.311470 199.530563 11.063873 27.647156 0.084352
1440.000000 462.621185 163.954453 17.952698 40.872650 0.081769
1440.000000 159.432587 189.545425 12.464050 32.019135 0.064397
1470.000000 57.131378 196.636459 12.602524 27.706024 0.380883
1470.000000 466.608063 165.689377 20.040955 48.982788 0.303026
1470.000000 610.942139 158.017441 13.043213 29.239563 0.181083
1470.000000 61.680279 196.264084 12.484463 30.296204 0.134470
1470.000000 466.412872 165.601532 13.615295 31.768250 0.132887
1470.000000 71.349251 196.271362 12.969360 30.525665 0.111199
1470.000000 598.670898 155.535034 15.242432 33.169708 0.105638
1470.000000 603.529419 142.856049 20.280029 44.518738 0.097695
1470.000000 448.203857 139.485962 24.089050 59.805359 0.074046
1470.000000 28.717632 206.967636 12.703079 28.591522 0.070969
1470.000000 460.159119 163.964066 15.878967 35.362762 0.069751
1470.000000 472.945648 171.419815 13.055176 33.252960 0.067727
1470.000000 205.133911 154.933624 13.520721 30.142944 0.064031
1470.000000 460.501892 163.524506 29.710632 68.372284 0.051141
1500.000000 53.196133 196.631729 11.368168 27.213226 0.310722
1500.000000 60.332306 198.193130 12.766586 30.467163 0.242987
1500.000000 449.666534 159.134308 15.851074 40.234100 0.194248
1500.000000 197.488586 159.104492 15.929199 38.387054 0.118802
1500.000000 67.070297 198.668732 11.416763 28.016022 0.093246
1500.000000 72.139038 200.439301 13.326859 29.316864 0.092356
1500.000000 177.867142 153.683807 12.934418 30.912445 0.086218
1500.000000 601.159058 154.370682 15.567627 34.971893 0.080803
1500.000000 214.243393 169.904861 13.991241 34.160706 0.050850
1530.000000 62.741093 202.834778 11.425480 28.946594 0.302795
1530.000000 47.493313 201.890930 12.022667 28.663086 0.202316
1530.000000 54.436909 203.637543 12.230663 29.411743 0.147980
1530.000000 69.099350 206.194458 12.048203 26.914459 0.072174
1530.000000 173.435730 196.313156 13.093781 33.524597 0.061724
1530.000000 467.052094 148.972580 18.797974 47.062531 0.052264
1560.000000 33.913940 206.203262 11.994591 29.345856 0.343795
1560.000000 40.623291 207.302002 11.982422 30.913055 0.292640
1560.000000 625.034180 163.908234 12.954712 30.956085 0.184032
1560.000000 74.886414 207.396393 14.170013 34.222473 0.116627
1560.000000 613.818054 172.356888 17.856201 41.093231 0.106299
1560.000000 606.494446 173.546936 11.649780 27.808624 0.090883
1560.000000 51.682865 206.218292 12.276108 30.290619 0.066642
1560.000000 58.103088 210.690399 15.031723 30.613586 0.064917
1560.000000 127.874290 187.541931 15.617592 38.472687 0.061804
1560.000000 578.213928 155.828125 19.129883 47.390686 0.053335
1590.000000 490.397766 181.183945 13.077148 31.126678 0.186804
1590.000000 457.098480 170.619431 16.619019 39.643311 0.175023
1590.000000 124.482674 191.599136 13.209404 34.089935 0.151280
1590.000000 476.251617 168.998199 15.056213 34.323578 0.088038
1590.000000 487.588379 179.104156 17.871216 45.874512 0.085865
1590.000000 454.870392 169.495255 23.273926 57.006439 0.081391
1590.000000 487.271545 178.436996 12.022461 27.791901 0.074334
1590.000000 27.071339 192.018738 17.899429 42.994263 0.057953
1590.000000 403.541473 168.259766 16.322693 40.110382 0.056765
1620.000000 475.832947 192.915680 15.595337 36.746857 0.468867
1620.000000 110.979858 192.592438 13.145889 33.671356 0.131652
1620.000000 493.402466 180.870590 19.827759 47.200317 0.110594
1620.000000 472.303009 193.986237 13.898315 31.502350 0.078545
1620.000000 571.630615 168.708145 16.544678 36.232544 0.078530
1620.000000 463.170410 188.373718 14.252075 34.341339 0.074714
1620.000000 14.584206 199.466446 16.889782 37.236176 0.064032
1620.000000 624.807251 148.934967 15.014648 45.530426 0.058468
1620.000000 486.016693 197.118698 14.672363 37.686401 0.058073
1620.000000 131.797272 194.250900 12.921082 32.508484 0.054481
1650.000000 484.879486 186.025940 14.247070 36.621857 0.479792
1650.000000 32.172329 200.099731 14.509262 33.762573 0.327085
1650.000000 548.694580 191.392838 15.718750 38.472015 0.238679
1650.000000 590.750366 190.083832 14.614380 35.338837 0.189277
1650.000000 528.684570 185.079529 17.827148 43.170349 0.177588
1650.000000 499.315613 191.582764 14.174866 34.055176 0.175589
1650.000000 508.435028 189.304291 15.634857 36.778381 0.103752
1650.000000 621.152649 162.541702 18.395752 66.786438 0.076794
1650.000000 504.121063 172.851440 23.137299 54.355682 0.070156
1650.000000 28.231697 200.110397 21.993271 48.929901 0.053598
1680.000000 528.706421 192.034973 13.934204 34.383209 0.520646
1680.000000 156.182709 184.612000 13.731018 32.593689 0.255728
1680.000000 535.241394 189.966858 13.379883 35.304260 0.161126
1680.000000 553.738098 190.977753 12.781250 27.162781 0.153127
1680.000000 161.778336 182.826080 13.793671 31.525848 0.136147
1680.000000 523.989563 182.304291 15.823120 41.644684 0.119372
1680.000000 235.198547 190.015869 13.042694 31.824585 0.064966
1680.000000 155.241882 181.808197 21.802795 45.684082 0.061870
1680.000000 185.950607 192.767517 14.035553 37.096771 0.058866
1680.000000 117.564880 203.004517 13.952255 31.277649 0.056014
1680.000000 123.055191 23.824312 19.611298 42.896690 0.054485
1680.000000 16.427769 189.561157 14.141109 35.100891 0.051777
1680.000000 265.703400 171.108948 19.869629 48.411194 0.050738
1710.000000 576.005432 188.889984 17.280029 41.958466 0.749483
1710.000000 569.876221 183.127975 18.735107 46.828308 0.696164
1710.000000 527.384644 186.116730 14.493408 35.599579 0.325773
1710.000000 466.421204 174.271149 13.572449 33.948456 0.264816
1710.000000 181.065475 172.563065 14.386505 37.720734 0.222872
1710.000000 544.462280 179.268219 15.802734 37.764587 0.209574
1710.000000 8.174345 184.627716 11.864161 31.302246 0.203944
1710.000000 126.135147 176.529190 13.433807 32.916229 0.200113
1710.000000 582.757141 191.419022 17.609985 38.908722 0.197700
1710.000000 119.220169 173.242554 21.643280 49.315918 0.177012
1710.000000 146.641724 174.403214 11.924500 30.247375 0.167416
1710.000000 1.638829 184.332657 17.101147 48.974823 0.159814
1710.000000 547.183899 194.461090 14.138062 29.364838 0.131607
1710.000000 3.253392 184.902252 12.135170 33.389313 0.124067
1710.000000 206.601944 193.535675 13.256531 33.396118 0.116511
1710.000000 476.460388 184.537811 13.262573 32.219574 0.106813
1710.000000 152.794022 172.506622 13.473694 32.890656 0.077180
1710.000000 532.260498 192.998291 12.744385 29.474426 0.075222
1710.000000 60.256680 186.537308 12.949924 32.699890 0.071767
1710.000000 120.701927 174.840836 14.063255 31.165497 0.064947
1710.000000 176.976120 172.887451 22.882294 56.332855 0.064821
1710.000000 587.817871 182.755798 19.285522 46.907562 0.061470
1710.000000 0.000000 182.690842 10.175041 44.308655 0.056026
1710.000000 175.862213 183.014786 11.971222 28.350525 0.055945
1710.000000 625.595520 183.430115 14.404480 53.343964 0.054612
1710.000000 592.431641 183.829987 12.851318 28.587463 0.053185
1710.000000 469.529877 183.640640 12.431641 27.554382 0.050721
1740.000000 591.504761 170.878769 16.592529 39.896851 0.673787
1740.000000 566.137573 180.696991 15.555664 38.107697 0.592797
1740.000000 491.243408 169.069656 14.317505 34.877075 0.495048
1740.000000 611.327087 181.457031 15.492554 38.812164 0.406330
1740.000000 623.554688 171.375870 15.955444 43.042358 0.290774
1740.000000 571.470459 181.235092 14.859619 37.456024 0.256882
1740.000000 510.024506 176.746368 13.392120 33.509613 0.193196
1740.000000 557.013000 186.255692 12.250854 31.146149 0.154655
1740.000000 607.347412 183.917725 13.466553 37.415375 0.149763
1740.000000 613.880554 174.915680 12.910767 31.979919 0.144020
1740.000000 587.605164 174.468567 12.900146 32.066254 0.129029
1740.000000 113.708168 180.705460 11.947144 31.223206 0.113558
1740.000000 590.588562 181.421524 14.146240 35.855133 0.105174
1740.000000 121.932365 182.781937 10.264320 25.725403 0.068413
1740.000000 619.756775 166.528046 20.097656 74.253906 0.065707
1740.000000 562.640808 186.466415 12.733887 31.725067 0.065438
1740.000000 598.700867 176.643921 13.998413 35.298828 0.059336
1740.000000 104.605331 181.618561 12.312469 29.696991 0.056673
1770.000000 525.528931 172.307953 17.727905 42.766388 0.838240
1770.000000 535.269531 176.548859 20.278931 50.520630 0.536671
1770.000000 620.918823 168.998383 18.991577 62.921112 0.510882
1770.000000 68.792961 189.691330 11.699921 29.902954 0.426993
1770.000000 111.109428 187.303513 12.881348 32.427612 0.352273
1770.000000 531.483643 175.131195 12.191040 30.562195 0.250951
1770.000000 541.714783 174.110962 11.774414 26.730957 0.196230
1770.000000 465.244080 180.329559 15.206970 34.672821 0.191671
1770.000000 24.672001 194.181854 13.031376 32.480743 0.191390
1770.000000 497.753937 173.271255 12.226807 30.633789 0.190275
1770.000000 514.262390 177.051910 15.652344 37.445740 0.170037
1770.000000 540.839539 183.379669 13.434326 34.138611 0.163360
1770.000000 72.263290 190.144745 12.424408 30.944672 0.141869
1770.000000 484.923798 174.287048 17.568420 42.670624 0.123494
1770.000000 64.187157 190.316315 12.527496 30.887482 0.095357
1770.000000 493.921600 173.656464 18.120880 45.852844 0.073689
1770.000000 624.628723 169.740173 15.072754 32.764526 0.072085
1770.000000 535.035706 192.932800 14.861816 34.169281 0.070846
1770.000000 526.677063 170.566452 12.058472 29.707672 0.065081
1800.000000 590.639832 164.632339 28.582764 69.358917 0.912127
1800.000000 611.723450 173.498505 15.095825 35.111115 0.588162
1800.000000 511.300385 171.470490 23.352936 59.841492 0.289530
1800.000000 34.574238 203.629349 14.101250 34.661346 0.163918
1800.000000 627.047668 172.854584 12.906982 46.930084 0.158610
1800.000000 501.396576 182.556503 17.677887 42.454407 0.144157
1800.000000 606.826904 172.077148 23.203613 58.674591 0.143040
1800.000000 21.385948 192.732269 12.016499 28.836548 0.128379
1800.000000 620.588684 176.949554 19.411316 54.370636 0.125389
1800.000000 519.947754 177.127945 15.882935 41.740112 0.124008
1800.000000 595.906250 167.602493 20.453857 45.665436 0.114854
1800.000000 493.723236 182.037750 17.375916 39.959930 0.110818
1800.000000 64.342117 184.414490 12.883240 32.747223 0.081243
1830.000000 545.181091 173.128922 27.351929 66.276154 0.778897
1830.000000 547.841492 177.560715 17.306152 42.308563 0.361895
1830.000000 556.324890 176.617523 16.749512 40.337006 0.346066
1830.000000 539.955383 178.111008 14.901123 34.692291 0.289236
1830.000000 597.224670 166.879028 29.741455 83.160065 0.181095
1830.000000 561.861694 176.352295 19.465576 55.479645 0.082944
1830.000000 570.956421 171.230133 28.857544 74.492615 0.065370
1830.000000 140.621826 189.781219 12.849365 32.620911 0.064843
1830.000000 36.023640 93.482956 11.984505 27.401413 0.050487
