30.000000 41.591843 162.415833 19.837601 49.245880 0.219056
30.000000 43.165222 162.533493 14.673195 31.845428 0.148585
30.000000 137.810898 177.433273 18.384094 43.966583 0.122779
60.000000 192.680405 14.609369 14.078186 34.919838 0.209000
60.000000 165.907715 13.956108 14.401550 33.736946 0.159425
60.000000 174.438034 14.396330 14.386871 34.317764 0.158397
90.000000 17.936859 1.755013 14.948177 33.614017 0.092704
90.000000 39.326599 173.447754 11.902031 26.716614 0.081170
90.000000 52.127720 1.070814 14.951435 32.918633 0.066410
150.000000 47.124847 0.279091 17.511436 37.864002 0.086314
150.000000 18.685614 1.535763 16.048761 35.865040 0.084697
150.000000 79.908730 3.137850 12.326523 31.434950 0.073611
150.000000 55.277496 0.334981 13.346397 25.202591 0.061085
150.000000 102.069778 0.161203 13.890030 25.496889 0.060671
180.000000 163.444870 194.845413 11.248810 27.171753 0.188475
180.000000 167.634384 194.487244 10.258850 25.539520 0.173856
180.000000 34.341885 0.000000 17.947250 16.445572 0.084983
180.000000 4.617687 177.451157 17.013208 38.930511 0.061221
180.000000 80.769157 5.604158 12.325180 27.754248 0.061142
210.000000 126.151497 13.563705 16.233299 40.286568 0.059283
240.000000 22.928459 130.055237 97.709396 243.527527 0.977722
240.000000 60.876091 221.289917 54.119064 141.568665 0.169656
240.000000 19.686722 2.049573 13.430637 31.752716 0.112889
240.000000 143.434631 189.113113 11.198273 28.286896 0.094690
240.000000 32.936077 0.000000 19.410583 15.976620 0.070658
240.000000 46.142059 0.064182 23.583481 21.099802 0.065931
240.000000 49.457054 0.066952 17.314194 40.130554 0.062140
270.000000 226.039902 127.740143 105.196732 248.351501 0.995914
270.000000 79.953270 4.873579 13.305817 32.130638 0.129961
270.000000 39.649555 175.994232 11.198746 26.637726 0.105626
270.000000 15.464243 184.417694 14.869015 33.963867 0.077068
270.000000 11.911200 200.333542 15.249908 34.473175 0.053223
270.000000 4.480050 178.739441 16.178009 41.832306 0.052810
300.000000 417.498840 125.717545 101.437561 239.323044 0.996171
300.000000 11.215977 149.436310 76.478699 200.285614 0.976082
300.000000 62.347862 254.526703 43.553223 85.633972 0.120993
300.000000 287.555206 171.484772 13.523010 33.206482 0.064697
330.000000 518.036499 121.433502 89.129028 216.421143 0.996051
330.000000 158.077942 155.487396 75.263275 189.919952 0.983069
330.000000 38.376259 177.811554 12.827209 29.715485 0.071659
330.000000 12.168726 202.032990 14.796646 32.160889 0.066415
330.000000 154.524094 186.560974 13.855865 32.627899 0.058200
330.000000 187.157181 15.324527 14.537567 31.185421 0.058109
330.000000 80.267273 4.797988 12.600296 29.372528 0.055900
360.000000 577.775940 125.706856 61.581055 191.882629 0.994841
360.000000 297.248047 156.131683 76.486694 185.303741 0.985749
360.000000 550.227478 243.809204 33.523438 76.101379 0.338940
360.000000 538.469727 247.767288 36.268433 76.930984 0.133174
360.000000 4.475540 174.349686 17.170511 41.562561 0.086091
360.000000 576.271790 222.844208 18.990601 42.421600 0.080496
360.000000 611.702271 150.943115 28.251221 164.812378 0.066849
360.000000 63.525356 196.393860 13.149105 29.653656 0.064367
390.000000 436.458862 150.058716 78.842346 191.662567 0.990745
390.000000 603.360535 249.173920 26.104126 66.006836 0.730391
390.000000 36.931145 174.377792 11.379196 27.184570 0.247822
390.000000 44.659325 169.802505 11.866783 28.871460 0.228971
390.000000 27.101212 178.861633 17.348892 42.488159 0.122597
390.000000 610.449158 240.345612 26.925293 73.175171 0.096496
390.000000 626.674561 246.251236 13.325439 60.042099 0.086004
390.000000 34.176716 175.657745 15.921707 37.034485 0.085726
390.000000 41.608078 171.387711 18.687309 43.449921 0.078311
390.000000 6.305653 169.231216 12.186565 29.950256 0.072977
390.000000 130.583694 181.506271 13.010223 31.619751 0.050827
420.000000 582.379578 138.441010 57.620422 210.534882 0.968336
420.000000 21.459673 176.864059 13.742819 25.890686 0.227105
420.000000 35.694416 172.995300 13.635872 37.224060 0.172322
420.000000 610.946777 82.674011 28.849121 343.583221 0.109411
420.000000 20.303169 178.727951 16.008186 40.653351 0.094875
420.000000 75.299393 189.591278 12.746613 32.243500 0.088939
420.000000 25.779572 0.099762 20.108940 40.146202 0.064845
450.000000 86.444336 184.088013 15.810898 40.122833 0.150890
450.000000 51.819942 186.235504 15.648617 38.144226 0.148429
450.000000 107.972176 191.948151 13.232956 32.197479 0.121291
450.000000 82.908554 184.450760 14.320786 32.787415 0.071421
450.000000 13.424788 174.958069 14.759544 35.933075 0.059837
480.000000 205.633377 188.837463 11.811554 30.506531 0.079493
510.000000 111.527405 7.633245 12.978378 31.113298 0.141097
510.000000 29.443295 156.496643 17.837036 43.966492 0.062466
510.000000 0.261022 158.984955 12.999456 39.129364 0.060255
540.000000 191.138626 161.223175 26.771484 69.826813 0.109309
540.000000 87.280128 182.220139 19.860382 48.945190 0.083374
540.000000 97.618881 184.072144 12.934570 29.841766 0.063566
540.000000 196.938324 163.184723 16.649719 40.467621 0.063199
570.000000 233.781464 179.895401 16.893768 39.854980 0.190679
570.000000 422.461670 141.470108 13.145874 30.433441 0.114564
570.000000 528.330933 156.500015 14.788452 35.382843 0.078564
570.000000 385.496002 146.742966 13.663269 31.966705 0.068233
570.000000 523.401123 158.917770 17.183960 42.543610 0.057905
600.000000 572.368896 144.698044 13.222778 32.212097 0.482788
600.000000 458.254669 204.924606 14.454712 38.311127 0.209230
600.000000 569.254822 144.226379 20.057129 44.796936 0.152235
600.000000 453.348328 174.061584 15.247192 36.276367 0.082025
600.000000 468.217010 203.861526 18.497803 44.102539 0.067112
600.000000 580.312195 149.176285 19.333496 44.638397 0.062762
600.000000 583.385132 147.864548 12.623535 29.268829 0.061670
630.000000 117.031441 204.012878 10.720932 24.852173 0.308601
630.000000 53.369133 208.196594 14.741982 35.215485 0.256571
630.000000 476.162476 162.738693 16.654358 38.980377 0.140049
630.000000 151.322739 199.580475 10.378510 26.907593 0.104707
630.000000 176.082703 206.374283 11.698853 24.850983 0.100698
630.000000 33.537457 198.299545 15.855423 39.369415 0.068231
630.000000 473.513855 161.867126 23.166016 58.368591 0.052828
660.000000 466.199127 189.734985 14.632629 37.225311 0.497649
660.000000 459.287689 185.112122 16.524963 39.339783 0.373226
660.000000 477.229828 188.110840 15.088501 36.815704 0.092965
660.000000 462.093964 182.657944 10.727600 26.424652 0.050070
690.000000 532.941162 192.940918 17.485840 43.065552 0.467371
690.000000 539.311218 191.519714 20.164795 52.417786 0.300051
690.000000 551.166382 189.753906 19.684814 48.658905 0.297960
690.000000 576.150269 184.066010 24.483521 57.709137 0.258951
690.000000 555.198425 190.403793 13.476440 32.288452 0.166951
690.000000 595.790222 180.584381 15.215088 38.168457 0.128509
690.000000 587.021667 178.742386 24.486084 63.115173 0.126032
690.000000 545.274902 193.508484 17.778687 40.766907 0.083166
690.000000 580.350830 187.456741 14.992676 35.512054 0.065630
690.000000 585.316833 188.986084 18.423340 46.937592 0.062150
690.000000 606.747803 185.715729 14.278198 33.869354 0.060676
720.000000 85.794075 196.866196 14.645615 33.596069 0.108159
720.000000 105.136719 192.087936 15.598679 33.571289 0.081545
720.000000 86.603630 176.785034 23.523346 59.109100 0.066458
750.000000 387.890015 188.714127 13.083557 32.574615 0.080164
750.000000 94.277351 193.049423 17.393646 42.606415 0.079639
750.000000 62.511005 214.291336 20.238667 47.434525 0.067765
750.000000 208.492401 192.733139 13.741760 33.680969 0.064374
750.000000 251.092285 191.094177 13.397461 33.029053 0.056982
750.000000 84.772827 197.752914 13.342087 31.426880 0.053592
750.000000 102.868111 190.086212 17.441101 37.863342 0.050447
780.000000 561.020081 216.564240 12.467773 30.901398 0.062133
810.000000 125.179276 192.957565 13.370300 32.821014 0.051133
840.000000 565.557312 70.988014 20.611328 48.045837 0.180794
840.000000 13.725809 191.825821 13.170742 31.964264 0.172670
840.000000 563.371887 72.330093 14.801636 34.307419 0.149754
840.000000 18.746666 192.747467 13.416470 32.633453 0.062286
840.000000 538.395081 158.629395 16.795898 41.929749 0.061225
870.000000 0.851011 203.260025 14.911392 37.851868 0.204922
870.000000 417.404968 178.547089 9.731750 28.430695 0.145519
870.000000 112.077507 197.337692 13.118042 29.672333 0.131071
870.000000 534.094360 164.487213 26.161133 63.809540 0.128984
870.000000 522.594421 172.512375 14.145264 33.312378 0.127459
870.000000 521.019653 175.246582 20.537598 48.687805 0.115236
870.000000 539.347351 166.642822 17.648682 42.467010 0.106439
870.000000 572.541260 157.653137 14.200317 30.416626 0.105585
870.000000 0.156722 186.007172 11.245431 58.876526 0.104082
870.000000 420.739746 176.720596 9.441772 27.230133 0.087452
870.000000 532.980408 168.985794 15.611572 37.646606 0.062354
870.000000 593.211914 172.829620 16.884399 39.569733 0.056242
900.000000 453.862762 178.494293 14.185913 34.742188 0.541985
900.000000 107.084953 192.663940 11.748688 30.763184 0.275487
900.000000 35.700321 176.334473 15.695930 37.461121 0.203112
900.000000 173.772095 193.551666 10.587921 26.866089 0.193385
900.000000 449.940430 176.030182 20.957336 49.519226 0.141535
900.000000 526.412842 89.706474 13.920288 31.837479 0.127678
900.000000 67.436371 190.577545 13.068176 31.955170 0.126877
900.000000 134.635422 171.753998 13.232727 31.590942 0.107864
900.000000 389.317413 192.345688 10.046936 26.940002 0.095996
900.000000 85.373878 182.541550 13.237930 31.607910 0.092902
900.000000 467.877014 171.154968 12.839722 31.167511 0.069532
900.000000 61.008488 193.160355 13.464848 32.973999 0.068063
900.000000 257.911713 122.449440 11.826355 26.236992 0.067820
900.000000 80.810089 191.400101 14.222122 34.450348 0.065093
900.000000 140.345703 198.576660 13.758881 34.071960 0.050195
930.000000 478.610168 147.905182 12.525513 32.134796 0.236317
930.000000 555.781311 118.120972 14.163818 34.573120 0.165149
930.000000 580.231506 87.747147 12.271606 27.248703 0.162275
930.000000 175.569412 192.177139 12.183716 30.090851 0.078732
930.000000 533.115295 137.045959 15.244751 37.390106 0.071541
930.000000 592.137939 94.926178 12.802856 27.953888 0.062043
930.000000 52.936836 208.023697 14.958565 35.564728 0.060562
930.000000 513.823364 144.994339 12.704224 30.817810 0.056521
930.000000 591.796265 111.486465 13.818115 33.442383 0.054191
960.000000 417.071960 175.003464 13.913086 32.403137 0.447652
960.000000 12.687778 217.020416 15.195621 36.102173 0.412859
960.000000 465.541626 144.029236 13.871399 34.754395 0.171034
960.000000 437.275330 178.888733 14.329285 35.265411 0.137125
960.000000 404.635437 191.676147 13.110352 33.785553 0.117678
960.000000 414.112854 181.757751 14.136658 30.715698 0.110518
960.000000 426.992035 173.661545 12.250183 31.317139 0.107530
960.000000 5.057524 205.292191 14.118162 32.526428 0.096028
960.000000 499.922882 165.310699 15.704376 40.038269 0.079149
960.000000 486.924652 153.739182 13.384277 33.293243 0.076530
960.000000 502.267639 163.420654 11.228394 28.632355 0.062665
960.000000 10.869063 215.507919 11.085286 25.455414 0.056433
990.000000 443.866699 169.379166 14.829346 35.134583 0.645344
990.000000 499.649017 133.247635 12.309265 30.784241 0.362990
990.000000 483.825409 138.763321 13.819275 35.091217 0.301452
990.000000 466.316498 161.732178 14.703430 36.019714 0.292913
990.000000 539.060974 134.518402 10.694458 30.589294 0.237177
990.000000 567.820923 133.743011 14.693115 39.789581 0.207494
990.000000 142.110779 24.896172 13.411896 31.909790 0.199456
990.000000 42.057911 202.845673 17.684059 44.871613 0.185874
990.000000 508.584229 136.878372 11.573242 30.026306 0.171058
990.000000 578.545532 163.684082 18.469727 43.955627 0.127617
990.000000 450.067261 169.442657 11.747437 29.543976 0.099081
990.000000 550.926514 136.223770 13.573730 35.585846 0.083585
990.000000 437.779816 170.526794 16.342163 41.206299 0.078881
990.000000 517.950378 133.211731 13.718506 33.534119 0.072281
990.000000 450.196655 143.493378 11.651917 28.783783 0.070422
990.000000 562.714844 135.664871 12.621338 35.114929 0.067394
990.000000 436.044556 177.714584 11.501953 31.326965 0.064374
990.000000 526.894409 131.409882 13.048096 32.799561 0.059565
990.000000 150.071365 31.881674 14.570557 35.266724 0.057836
990.000000 512.026855 135.308212 14.750000 35.841156 0.056229
990.000000 472.510162 162.403458 12.049438 30.093597 0.051613
990.000000 88.392563 189.835007 16.707703 41.698975 0.050633
1020.000000 464.611145 159.364273 19.889221 47.475739 0.937700
1020.000000 603.153015 112.916718 14.071899 34.765930 0.304156
1020.000000 585.862976 108.949394 20.192017 48.428719 0.206142
1020.000000 428.823273 175.980576 14.479370 34.123871 0.201284
1020.000000 592.642761 109.091560 14.086060 35.317833 0.172183
1020.000000 499.499115 168.968887 15.193146 34.884399 0.145448
1020.000000 623.681458 112.143806 15.638306 52.405586 0.093512
1020.000000 594.964844 110.194359 18.185181 44.115303 0.092518
1020.000000 516.921326 123.192116 17.625610 41.763695 0.084124
1020.000000 434.931915 175.250107 13.604858 32.742004 0.081048
1020.000000 586.722107 100.586769 16.633911 40.046043 0.069388
1020.000000 587.140991 113.803871 14.121460 34.100090 0.059084
1020.000000 475.159332 164.459610 14.089661 37.163147 0.051818
1020.000000 565.973694 119.088013 11.347778 27.296326 0.051525
1050.000000 484.745178 151.646591 35.271179 83.410767 0.912674
1050.000000 458.486542 168.973648 13.792175 32.591339 0.236862
1050.000000 567.756409 141.262238 20.975464 55.690582 0.181702
1050.000000 545.441101 141.984818 26.838013 69.659088 0.148161
1050.000000 499.231537 157.526657 31.478851 78.024567 0.146773
1050.000000 419.515015 126.638672 12.800476 31.473206 0.122627
1050.000000 617.490417 100.596771 15.598877 37.106262 0.120879
1050.000000 525.514343 169.010437 13.510742 31.095490 0.115923
1050.000000 512.254272 157.421265 22.410156 53.630310 0.115457
1050.000000 577.505737 135.493988 31.599976 74.993286 0.101185
1050.000000 621.391479 114.995369 18.576782 56.292976 0.097366
1050.000000 446.567780 169.687958 15.736938 38.882751 0.079670
1050.000000 613.509949 94.374405 24.848511 74.603668 0.078196
1050.000000 596.416992 106.799866 14.498291 35.999344 0.060322
1050.000000 551.125244 145.309937 19.152954 45.759155 0.057040
1050.000000 594.154114 115.896088 15.619751 37.711395 0.051777
1080.000000 495.777252 143.545395 45.602997 106.606720 0.950137
1080.000000 481.714630 161.222488 15.378235 37.852692 0.278761
1080.000000 590.623047 82.900177 47.580444 162.736084 0.258944
1080.000000 424.791931 121.594185 10.267944 26.289909 0.219900
1080.000000 469.663849 155.408432 14.642700 34.263428 0.214397
1080.000000 397.297913 126.707108 12.744324 31.555695 0.175290
1080.000000 493.298126 143.907318 33.964630 75.943939 0.132617
1080.000000 462.505615 134.635712 12.775757 32.517639 0.108488
1080.000000 513.343750 150.732147 38.109375 94.063080 0.103648
1080.000000 436.989563 122.375526 13.021118 30.104500 0.080871
1080.000000 557.664490 151.108765 17.672241 43.183441 0.073555
1080.000000 410.665375 123.358292 13.446533 30.258636 0.068416
1080.000000 478.400360 159.724075 23.815857 61.850525 0.065181
1080.000000 624.285522 112.430023 15.685669 55.514191 0.064849
1080.000000 620.323364 113.851074 19.487671 96.403168 0.059167
1080.000000 599.232666 97.495209 35.492920 109.021942 0.051820
1110.000000 433.356018 142.219147 59.852905 139.245453 0.809634
1110.000000 504.732361 154.476532 21.828247 51.818634 0.103088
1110.000000 498.633057 148.953415 40.439087 105.942535 0.096657
1110.000000 489.051300 158.311462 16.454407 38.119141 0.082552
1110.000000 591.558960 139.109619 19.586060 44.564636 0.056963
1110.000000 571.105286 181.920135 20.435913 46.884277 0.051541
1140.000000 305.022797 133.930481 72.143127 166.965363 0.990870
1140.000000 604.170044 166.025223 19.055786 47.324829 0.345003
1140.000000 611.751953 129.653595 28.248047 105.105255 0.282240
1140.000000 461.694092 110.376816 12.253296 29.215500 0.267352
1140.000000 505.771179 142.845810 16.280273 38.896759 0.263370
1140.000000 399.205505 126.380295 14.105164 32.310638 0.262548
1140.000000 388.829346 131.859314 16.984802 41.689117 0.134365
1140.000000 384.431854 142.934464 12.189880 29.825775 0.104970
1140.000000 599.963867 161.503204 27.430420 67.640656 0.103051
1140.000000 587.589905 144.080750 17.130127 39.510773 0.100064
1140.000000 621.580200 138.976471 18.174438 69.532959 0.070105
1140.000000 59.409695 172.850250 14.660061 33.512421 0.069023
1140.000000 359.049988 151.296722 11.325073 25.828918 0.068783
1140.000000 474.725342 107.658806 13.754395 34.252220 0.068040
1170.000000 138.315369 127.781990 84.234253 195.799286 0.995126
1170.000000 388.040131 136.664337 16.566895 40.265656 0.478118
1170.000000 620.846741 139.100098 19.100464 57.601166 0.396267
1170.000000 397.569000 130.721527 17.793396 43.400787 0.214001
1170.000000 613.909668 137.493378 26.054688 85.507812 0.141732
1170.000000 442.707733 137.840759 14.852783 33.996338 0.132972
1170.000000 428.737183 146.527985 11.593506 28.486633 0.085395
1170.000000 491.565338 109.651169 12.151917 27.185013 0.078666
1170.000000 508.382111 144.674072 15.625519 37.841797 0.077150
1170.000000 475.256897 115.162712 12.703247 28.233574 0.076438
1170.000000 403.136505 137.157928 15.611755 39.675751 0.066029
1170.000000 465.699951 114.654518 11.385559 27.017220 0.059749
1170.000000 352.158295 155.213425 13.787354 35.336060 0.056290
1200.000000 0.000000 135.859039 55.625664 204.097870 0.987014
1200.000000 513.954224 158.977448 13.945679 33.383789 0.465937
1200.000000 460.499146 143.351639 11.108093 27.129303 0.343294
1200.000000 455.779327 143.080643 16.148132 37.449127 0.232528
1200.000000 511.636322 161.229492 18.101837 47.412323 0.189214
1200.000000 397.568237 134.698410 13.931946 33.578918 0.152444
1200.000000 444.636108 141.835464 12.128540 29.289001 0.150152
1200.000000 545.528015 173.428925 18.677002 47.860840 0.144271
1200.000000 497.441010 137.978851 12.914795 30.612671 0.103458
1200.000000 498.037079 87.459808 12.931885 30.907883 0.097823
1200.000000 549.709473 174.677124 13.362061 32.228271 0.080853
1200.000000 547.739563 69.230850 11.945435 29.097153 0.070355
1200.000000 608.929565 117.092987 27.055054 83.311890 0.068685
1200.000000 465.025024 142.043121 14.101257 31.675262 0.067457
1200.000000 458.968170 115.833748 22.857666 55.610802 0.065482
1200.000000 388.068481 137.877960 14.432983 34.336456 0.063185
1200.000000 454.827942 142.174759 12.167908 28.379883 0.059381
1230.000000 396.987335 135.982559 18.197998 45.083649 0.545992
1230.000000 451.458954 127.448578 13.418335 33.520111 0.285397
1230.000000 130.002670 65.166992 14.395813 33.141830 0.196460
1230.000000 467.990540 146.843857 12.955383 27.496399 0.157086
1230.000000 449.397491 125.275650 20.615906 51.806305 0.151833
1230.000000 97.767151 72.727173 13.199341 32.352448 0.141111
1230.000000 499.414429 115.048943 13.126770 29.862907 0.140732
1230.000000 479.285492 156.621933 16.842957 41.028900 0.132562
1230.000000 42.612480 48.789322 15.616592 36.681686 0.126128
1230.000000 397.629974 135.559357 13.171692 31.351349 0.118580
1230.000000 100.148865 46.944435 24.274719 59.200104 0.103669
1230.000000 487.886810 105.647102 19.370056 44.933266 0.093560
1230.000000 512.171326 167.570557 16.163208 37.805786 0.091626
1230.000000 455.731506 125.598358 11.479431 30.307831 0.084765
1230.000000 387.070892 137.750488 18.585327 43.655060 0.076533
1230.000000 465.397369 118.380333 11.854919 28.440102 0.067772
1230.000000 611.915222 116.029495 24.711548 77.317261 0.060786
1230.000000 82.099144 56.805557 12.881989 31.960800 0.060031
1230.000000 475.983795 122.398033 15.053284 38.193825 0.059283
1230.000000 524.675415 77.950554 12.479492 30.304825 0.056344
1230.000000 460.625153 147.349045 12.527771 29.489288 0.056048
1230.000000 621.638367 57.150215 15.105835 38.177444 0.056008
1230.000000 482.279205 155.450943 12.365662 29.254944 0.054503
1230.000000 615.847839 116.099358 16.886963 39.707588 0.054479
1230.000000 124.323692 60.543541 21.735390 49.921707 0.054152
1230.000000 624.805664 145.223801 15.159180 49.613525 0.052935
1260.000000 476.102875 126.268806 14.155762 32.902458 0.385989
1260.000000 451.618256 131.059448 11.425476 28.339722 0.313029
1260.000000 463.248535 118.930321 15.105164 36.533775 0.299798
1260.000000 397.631897 138.159119 14.248596 33.281250 0.289923
1260.000000 532.548828 77.809143 12.224609 28.454880 0.217619
1260.000000 513.349426 167.036880 14.394897 33.285370 0.171060
1260.000000 460.638763 117.977928 20.355164 55.242439 0.161862
1260.000000 456.240723 129.922333 11.452576 29.692566 0.156313
1260.000000 389.351288 145.801468 15.275146 35.978363 0.129365
1260.000000 625.086304 176.816467 13.701660 39.942474 0.099521
1260.000000 466.825836 147.777466 12.259216 26.642334 0.092916
1260.000000 525.335327 70.483528 14.403687 34.724686 0.087680
1260.000000 606.053650 163.117172 14.415405 35.325989 0.084948
1260.000000 399.958466 140.906860 16.384644 42.676910 0.082431
1260.000000 481.259918 108.790253 26.056580 65.820038 0.074510
1260.000000 489.777893 109.080841 16.606873 38.285675 0.073644
1260.000000 622.681152 174.768005 17.186768 65.949921 0.067499
1260.000000 372.223389 149.245697 15.079407 35.433655 0.065534
1260.000000 495.556274 102.686813 13.093384 30.043732 0.062328
1260.000000 450.078186 126.205780 20.081238 51.726379 0.058657
1260.000000 588.046448 64.055298 10.965820 27.401016 0.057173
1260.000000 614.655518 163.197906 13.725220 28.779724 0.055626
1260.000000 490.526794 93.940414 22.335876 59.776978 0.051340
1290.000000 397.923737 139.370560 15.922607 38.111359 0.378977
1290.000000 613.227356 147.822937 26.772644 75.832153 0.347241
1290.000000 514.770020 165.997192 11.940796 29.315979 0.329583
1290.000000 410.782990 162.802063 16.746155 38.487305 0.216919
1290.000000 618.646484 148.300842 19.579712 50.157990 0.207596
1290.000000 450.842224 131.960678 13.375244 33.270935 0.150196
1290.000000 420.500305 166.495514 11.268982 30.187897 0.129479
1290.000000 605.970764 125.674957 29.316895 86.452271 0.127939
1290.000000 616.144531 118.622269 15.171509 35.370483 0.103856
1290.000000 625.489624 145.843124 14.454468 43.392395 0.096375
1290.000000 513.093384 167.373718 16.587769 40.776245 0.090043
1290.000000 400.849915 143.563705 17.116638 42.421234 0.075077
1290.000000 464.004303 120.990631 14.273193 32.623291 0.068473
1290.000000 110.964935 94.692032 12.520477 31.713272 0.065193
1290.000000 523.974670 72.806793 13.723633 31.771820 0.058691
1290.000000 596.054565 65.013443 11.771240 27.829575 0.058469
1320.000000 397.751709 139.384705 17.267578 44.233337 0.565457
1320.000000 514.125366 165.744263 13.690186 33.232483 0.343908
1320.000000 615.905212 147.925125 23.865967 80.467987 0.216643
1320.000000 621.554443 148.775955 18.409912 49.639618 0.179920
1320.000000 606.290955 161.634491 15.797485 39.975647 0.167400
1320.000000 614.169312 163.150497 14.046753 31.139374 0.166601
1320.000000 453.966919 128.509216 14.539734 34.582367 0.162271
1320.000000 451.305054 133.693771 11.630737 28.872498 0.097389
1320.000000 111.573486 94.875519 12.559357 30.835587 0.092441
1320.000000 450.190582 126.967026 19.863525 52.838776 0.092102
1320.000000 459.899536 148.974823 12.263306 29.297058 0.083573
1320.000000 610.898132 161.595917 19.292114 46.961670 0.078895
1320.000000 388.018707 144.912262 16.084412 36.790680 0.078171
1320.000000 395.692505 138.436798 14.763000 33.903259 0.062571
1320.000000 420.577942 166.383530 12.190308 30.003967 0.060549
1320.000000 618.340088 180.432526 18.932251 56.824371 0.053455
1320.000000 394.133392 135.097656 11.687622 28.097717 0.052286
1320.000000 452.908020 143.293533 11.389771 28.447845 0.050026
1350.000000 397.392365 140.261368 17.495117 44.274078 0.242078
1350.000000 81.781494 61.201054 12.750061 31.812031 0.199340
1350.000000 450.892181 134.488129 14.684570 40.331207 0.121138
1350.000000 513.118164 169.620758 15.479736 37.709747 0.110617
1350.000000 452.497864 146.071014 10.788086 26.855042 0.085137
1350.000000 625.972717 152.438248 13.994385 45.425018 0.066735
1350.000000 80.060135 0.379759 12.934448 31.197851 0.062606
1350.000000 457.176270 134.124008 10.613098 27.468658 0.057546
1350.000000 449.614471 133.497299 12.288757 29.986633 0.052266
1350.000000 618.963684 148.850220 20.911621 72.082428 0.051643
1350.000000 514.607178 167.695358 11.480347 28.208160 0.050704
1380.000000 397.494232 140.596222 17.898987 43.911591 0.502204
1380.000000 512.339233 169.650848 15.881226 39.036926 0.295196
1380.000000 453.296509 147.938004 25.704285 65.098511 0.267838
1380.000000 387.915985 144.081772 14.833069 34.848145 0.234676
1380.000000 398.841461 140.384125 11.903870 29.729401 0.180282
1380.000000 450.580444 130.745972 16.382629 42.184998 0.156581
1380.000000 403.673248 145.370087 12.484375 32.549011 0.130249
1380.000000 156.420609 101.582458 19.085297 42.312195 0.128510
1380.000000 618.433167 149.681183 21.494385 73.835541 0.112190
1380.000000 622.979370 152.466675 16.974487 45.605988 0.103507
1380.000000 433.618042 147.999420 30.504883 72.576263 0.100811
1380.000000 461.812286 151.179047 18.037476 41.779877 0.094803
1380.000000 423.897461 151.727783 10.736450 26.681427 0.087267
1380.000000 13.732166 209.263107 13.417286 33.492889 0.076879
1380.000000 499.795685 150.574387 11.902649 29.780731 0.075417
1380.000000 455.327179 133.088287 12.652832 28.828186 0.071764
1380.000000 467.182739 151.165466 13.977539 30.596497 0.066835
1380.000000 457.967896 152.340118 14.380066 31.320679 0.064169
1380.000000 394.208008 136.567215 11.187195 27.733826 0.050244
1380.000000 572.684265 206.175217 20.003906 50.564194 0.050104
1410.000000 396.818878 140.654312 17.758606 44.764191 0.514378
1410.000000 514.220215 167.379913 12.914062 31.746460 0.350925
1410.000000 386.362823 145.093155 16.631348 38.765259 0.344145
1410.000000 449.882294 133.135742 15.508057 41.038239 0.321612
1410.000000 399.586121 140.500198 11.501526 31.611237 0.310476
1410.000000 606.339417 164.516571 14.616333 36.504028 0.179673
1410.000000 623.495850 153.082199 16.266357 40.510864 0.177152
1410.000000 618.777466 151.341202 21.101685 69.293854 0.174856
1410.000000 613.899170 164.415466 15.000977 34.664581 0.172078
1410.000000 499.083954 146.589905 12.918182 30.715118 0.090871
1410.000000 523.043945 75.721962 15.077271 34.782913 0.088272
1410.000000 412.447449 142.310394 10.733826 27.344910 0.068440
1410.000000 427.878967 133.825943 12.864075 30.631165 0.065359
1410.000000 91.069565 197.142044 12.737183 32.489014 0.061158
1410.000000 404.522003 145.043579 18.379578 45.909424 0.059456
1440.000000 523.897827 74.185875 14.748169 34.991547 0.287700
1440.000000 513.567627 167.883713 13.118896 32.217010 0.267313
1440.000000 388.838165 147.955338 14.824219 35.808502 0.255838
1440.000000 446.101562 152.791367 26.584778 65.335388 0.220908
1440.000000 397.905396 141.169556 15.774170 36.825256 0.219789
1440.000000 450.632233 130.801590 15.693848 40.653259 0.185092
1440.000000 434.582397 148.750458 31.796021 72.346710 0.137445
1440.000000 605.864441 164.592773 15.114258 38.300720 0.111568
1440.000000 615.459473 120.362793 16.016235 34.106110 0.105083
1440.000000 454.586853 148.689606 26.470642 61.954956 0.103117
1440.000000 454.567719 132.407806 12.588196 27.843018 0.073004
1440.000000 466.507050 151.662735 16.579773 36.570038 0.063856
1440.000000 623.400513 154.444565 16.501587 35.077026 0.061112
1470.000000 397.970490 140.276611 16.728943 43.741791 0.275934
1470.000000 450.141998 130.819427 15.945984 44.357605 0.272260
1470.000000 513.698730 169.243729 13.031006 31.395233 0.223490
1470.000000 617.988770 149.988663 21.851318 72.475372 0.214069
1470.000000 622.482300 153.590088 17.341553 43.794220 0.198640
1470.000000 400.313904 140.197815 9.984985 28.458344 0.191162
1470.000000 451.467072 131.298248 11.702698 28.634705 0.148851
1470.000000 606.311768 163.848907 15.807617 39.950470 0.131664
1470.000000 616.932251 119.773773 14.521240 34.038086 0.129019
1470.000000 468.921509 149.527390 12.508179 28.318542 0.112162
1470.000000 524.219116 72.587425 15.789795 37.146530 0.109941
1470.000000 625.210327 183.378906 12.160645 30.064819 0.088295
1470.000000 457.003296 143.849487 14.836304 34.238556 0.077703
1470.000000 386.061188 145.399094 16.141785 38.723206 0.069596
1470.000000 606.313538 122.019814 28.501709 83.710411 0.058691
1470.000000 463.568787 121.908981 14.006531 31.572418 0.054512
1470.000000 466.394531 144.232422 11.653076 28.811249 0.051076
1500.000000 514.374756 168.189194 12.742554 31.627014 0.141094
1500.000000 451.315308 130.855469 16.022095 41.156494 0.125906
1500.000000 399.015228 141.118790 14.573181 34.513000 0.099499
1500.000000 605.655090 164.038544 15.676514 38.571075 0.060896
1500.000000 622.990295 186.421066 12.632690 27.548645 0.057368
1500.000000 623.820007 154.993271 14.748169 30.403839 0.051099
1530.000000 623.472778 183.250168 16.171143 41.064850 0.244212
1530.000000 607.406067 191.002289 17.456421 42.557678 0.188368
1530.000000 623.407104 185.942032 11.405273 27.543701 0.162014
1530.000000 398.545868 141.104553 14.498779 33.066803 0.133418
1530.000000 615.466309 148.522827 24.210327 83.620178 0.124229
1530.000000 513.646912 170.156097 14.101440 32.004517 0.123320
1530.000000 451.853302 131.791107 13.618774 32.736450 0.121003
1530.000000 618.327271 180.715530 21.431030 70.912201 0.101358
1530.000000 602.373047 189.224319 27.015503 55.919586 0.083661
1530.000000 388.433411 146.587036 13.997803 35.061676 0.081298
1530.000000 620.399475 153.486938 16.222778 40.099152 0.063745
1530.000000 610.325439 190.572159 11.986206 28.234955 0.059925
1560.000000 449.757477 131.502365 16.321716 44.531067 0.451051
1560.000000 605.906738 164.262115 15.121094 37.784943 0.303099
1560.000000 2.763482 208.583328 13.230295 37.881378 0.255664
1560.000000 613.802185 165.399780 14.927979 34.537842 0.190148
1560.000000 398.738953 141.022461 14.782166 34.952484 0.172449
1560.000000 387.761383 143.142715 13.121399 31.853851 0.118152
1560.000000 469.028503 149.644852 11.869568 25.506042 0.096908
1560.000000 458.508362 142.020935 15.458069 35.450287 0.092512
1560.000000 99.324234 197.293259 12.016098 29.846191 0.077363
1560.000000 515.060486 169.772491 12.753662 28.621521 0.077294
1560.000000 453.840698 134.049316 12.384155 28.976379 0.076011
1560.000000 623.750427 186.022324 12.504028 27.991455 0.075354
1560.000000 82.326653 60.765472 12.441238 30.037796 0.072081
1560.000000 449.335846 133.428925 11.513428 28.033447 0.065316
1560.000000 618.002014 149.190979 21.808350 74.599182 0.056696
1560.000000 78.951263 2.757088 12.413239 29.692799 0.055786
1590.000000 512.192566 168.502243 15.467407 36.227386 0.356532
1590.000000 398.341797 141.033096 15.038269 35.213623 0.293537
1590.000000 469.253754 150.128738 12.952881 29.342621 0.268315
1590.000000 464.057495 142.483948 13.166809 32.023041 0.235547
1590.000000 459.204498 143.900314 22.329895 55.980377 0.174904
1590.000000 450.959351 142.162140 13.082275 33.801239 0.143451
1590.000000 500.341248 150.477448 12.043274 29.088654 0.140668
1590.000000 216.878632 179.726135 11.174805 27.325653 0.100210
1590.000000 388.596832 143.353088 15.525879 37.601807 0.099645
1590.000000 459.482391 144.498489 12.335571 30.929016 0.083812
1590.000000 401.276642 144.173981 17.018433 44.368439 0.072375
1590.000000 509.599213 167.459000 22.199310 56.579987 0.072207
1590.000000 351.917664 164.787262 10.880432 26.525696 0.068516
1590.000000 433.945892 146.581451 30.008057 73.245361 0.065399
1590.000000 480.538544 159.832611 15.498596 37.487152 0.064831
1590.000000 99.514877 196.717422 13.065781 31.538147 0.058154
1590.000000 80.138443 1.640948 12.459930 30.651085 0.055991
1590.000000 451.506592 150.865280 22.588013 53.867401 0.054181
1590.000000 605.895630 164.438782 15.777466 37.769043 0.052979
1620.000000 397.493195 140.822769 16.380127 37.768738 0.383691
1620.000000 389.189270 143.295654 10.392090 27.358826 0.285766
1620.000000 502.156097 120.126839 12.355560 28.732903 0.280336
1620.000000 597.417603 65.236977 10.774536 27.251450 0.265836
1620.000000 565.157471 165.518204 17.623657 43.483765 0.211117
1620.000000 616.118042 119.701752 14.766235 32.945251 0.201861
1620.000000 387.515869 142.264771 15.934937 36.171875 0.198171
1620.000000 621.969971 180.345093 17.990356 56.033966 0.121405
1620.000000 474.903015 126.789612 15.162231 35.882965 0.117736
1620.000000 0.000000 208.567535 13.173023 39.481293 0.115594
1620.000000 352.072876 164.775558 10.160461 26.428314 0.104531
1620.000000 499.338287 123.653351 15.765228 41.279327 0.096525
1620.000000 428.312866 135.372711 12.065857 30.483917 0.087175
1620.000000 64.155746 204.687347 12.954910 31.645142 0.084231
1620.000000 508.910400 97.677788 12.423218 31.057045 0.083281
1620.000000 88.584579 197.440384 12.705185 30.893738 0.075632
1620.000000 471.570007 123.634125 19.964661 56.233765 0.072838
1620.000000 492.690643 101.758301 11.279419 25.581726 0.069662
1620.000000 496.961273 131.652176 13.986938 30.072723 0.061049
1620.000000 459.600708 150.603394 12.861023 29.750977 0.056405
1620.000000 543.909607 74.194824 10.122803 24.980164 0.052295
1650.000000 422.244232 138.438080 12.710632 31.087921 0.436784
1650.000000 332.931274 169.449371 13.437866 32.172943 0.264682
1650.000000 504.442352 92.136177 17.371613 41.207298 0.238048
1650.000000 400.733124 151.319122 15.082458 39.346283 0.216014
1650.000000 456.940460 130.892838 12.708740 31.606934 0.157367
1650.000000 405.837738 149.603470 15.211304 39.177185 0.152353
1650.000000 500.521576 91.046570 25.326691 58.757599 0.130460
1650.000000 428.498383 142.977112 14.953308 38.293854 0.126310
1650.000000 498.974609 99.467888 12.093201 29.790596 0.126125
1650.000000 583.887024 108.131920 55.674683 206.756134 0.122813
1650.000000 452.091217 133.338135 13.255371 33.137726 0.120716
1650.000000 467.886444 121.783707 13.480530 32.097626 0.115478
1650.000000 395.325165 144.493622 12.388000 27.621063 0.111195
1650.000000 513.404541 97.162750 14.897339 36.938019 0.110697
1650.000000 341.177338 154.245712 18.342773 44.195099 0.105614
1650.000000 409.148224 145.420746 10.283997 28.970490 0.075441
1650.000000 444.016083 136.090057 11.642212 26.797272 0.072007
1650.000000 496.120270 96.106796 18.352997 48.750748 0.057160
1650.000000 392.910950 146.358795 17.501831 41.797882 0.053137
1650.000000 531.700562 92.545425 12.953979 31.673553 0.050443
1680.000000 543.449768 175.018356 15.905396 37.057556 0.380727
1680.000000 611.436340 126.540695 13.457275 31.942078 0.226113
1680.000000 387.396851 149.598419 14.897583 33.780823 0.218740
1680.000000 472.322998 150.144791 14.843018 35.646759 0.208132
1680.000000 589.078003 129.263000 29.624512 80.134430 0.152266
1680.000000 564.374329 166.834137 14.648315 29.477875 0.142696
1680.000000 541.419739 172.637177 22.258545 55.720734 0.133124
1680.000000 527.897827 79.328178 17.821411 42.827515 0.131401
1680.000000 416.770905 143.980789 11.023193 29.411041 0.120998
1680.000000 39.438599 222.462112 14.858009 37.476700 0.108728
1680.000000 550.618591 173.450256 25.021606 61.046326 0.101291
1680.000000 560.687805 163.981918 21.796753 56.059937 0.085346
1680.000000 440.941345 133.961533 14.739380 36.094482 0.081656
1680.000000 538.048218 82.646965 16.472046 38.377472 0.075306
1680.000000 425.386139 147.679138 14.004089 33.369904 0.066048
1680.000000 582.275879 127.787331 42.013184 140.197662 0.057488
1680.000000 553.176941 170.886169 16.686157 39.835968 0.055499
1680.000000 42.449657 212.359177 15.046387 40.738251 0.054801
1710.000000 626.252625 107.904114 13.722900 46.015778 0.326123
1710.000000 433.185913 146.678955 13.065552 31.717194 0.211130
1710.000000 557.609863 85.697357 14.029663 35.783463 0.184621
1710.000000 495.892914 122.548447 15.680969 36.978241 0.179884
1710.000000 554.604309 85.799927 20.005249 54.572220 0.167675
1710.000000 546.100281 97.231255 16.281982 40.652977 0.164955
1710.000000 497.542755 154.171844 12.485779 29.464233 0.132296
1710.000000 458.944427 163.337952 18.395264 45.585938 0.128555
1710.000000 507.521881 107.000214 13.433319 30.991913 0.105929
1710.000000 540.134460 90.609894 23.396484 57.065430 0.103368
1710.000000 403.915192 153.899033 12.554077 29.848907 0.090016
1710.000000 611.163391 127.618996 14.270874 34.383263 0.077856
1710.000000 453.519135 139.468765 14.574707 35.652374 0.077051
1710.000000 462.348877 162.666840 11.630920 26.648041 0.075590
1710.000000 622.537964 120.198273 16.999268 50.776154 0.073408
1710.000000 504.707245 107.957352 21.358856 62.091797 0.071624
1710.000000 486.809601 123.328674 15.036316 34.158081 0.065156
1710.000000 562.150757 99.884659 16.767822 44.699402 0.064380
1710.000000 492.069641 113.836777 23.195129 62.508881 0.063775
1710.000000 541.477600 94.427597 15.154297 37.533493 0.052599
1740.000000 538.189087 183.260269 18.776001 46.414978 0.297180
1740.000000 497.718903 157.708221 12.060486 28.527405 0.270747
1740.000000 492.368805 159.043259 10.069702 26.652313 0.197773
1740.000000 486.373718 165.332352 15.628174 38.570129 0.166010
1740.000000 542.877563 180.315613 13.760254 34.764221 0.142010
1740.000000 411.858032 143.789948 10.935852 27.953674 0.124076
1740.000000 457.156433 146.775604 16.644104 39.897308 0.098226
1740.000000 498.137268 117.292580 13.097168 28.828453 0.092014
1740.000000 539.819580 182.037155 12.313354 28.760437 0.089337
1740.000000 409.275055 145.793488 18.162659 46.241791 0.085448
1740.000000 528.457397 183.008698 19.530762 47.543945 0.063311
1740.000000 533.795776 93.607269 17.572266 40.163712 0.061753
1740.000000 433.827545 143.423981 11.177612 27.153687 0.060290
1740.000000 393.487915 184.525116 15.783875 40.048157 0.053962
1770.000000 108.326294 194.673431 29.747543 70.150635 0.337859
1770.000000 522.167053 137.426422 13.921387 34.051788 0.303859
1770.000000 461.776123 132.604553 16.268250 37.929199 0.234756
1770.000000 614.317505 76.562180 18.418823 35.627853 0.163047
1770.000000 420.501343 138.068405 14.375061 33.489441 0.138807
1770.000000 440.115601 133.403366 16.514221 43.725586 0.133944
1770.000000 516.009399 138.241089 13.579712 32.041718 0.124593
1770.000000 492.208160 122.103996 17.265930 40.949318 0.120055
1770.000000 458.321533 138.847946 14.251526 36.046082 0.085510
1770.000000 501.736267 94.278191 13.967224 32.880722 0.078823
1770.000000 112.904472 194.266571 20.920357 49.433685 0.073075
1770.000000 513.571228 125.567429 19.623169 46.704834 0.063281
1770.000000 599.070129 69.081467 19.675293 46.686020 0.060557
1770.000000 484.311066 155.587067 11.154175 28.510803 0.057297
1770.000000 509.539246 106.046356 26.938721 69.732605 0.053890
1770.000000 612.965027 73.782852 25.056641 75.239838 0.052690
1800.000000 477.342316 136.064392 13.775269 33.324524 0.341238
1800.000000 489.715118 128.438553 17.452698 41.801453 0.324328
1800.000000 469.638306 141.127716 11.669922 29.454590 0.188893
1800.000000 427.525330 109.812614 14.460266 34.248207 0.155400
1800.000000 445.124542 118.416832 13.621704 34.296638 0.086959
1800.000000 537.042725 165.379013 12.899292 30.535004 0.064984
1800.000000 471.504456 136.376724 15.554565 34.810516 0.060621
1830.000000 360.267029 156.666092 16.016968 40.455933 0.140196
1830.000000 382.965210 158.996780 14.514099 32.396759 0.135573
1830.000000 402.238098 151.235687 19.307190 48.606689 0.093492
1830.000000 450.619354 120.994415 18.283447 42.525299 0.076491
1830.000000 504.439484 85.791962 17.563385 42.862000 0.073724
1830.000000 543.455811 150.480621 16.151367 37.873901 0.071312
1830.000000 193.237869 199.904556 11.267670 25.989380 0.061449
1830.000000 400.671906 144.168945 27.920349 74.950745 0.060038
1830.000000 417.280853 133.862366 18.421265 41.710907 0.057549
