30.000000 483.648132 178.028290 18.482056 44.502228 0.319821
30.000000 463.679413 64.609657 20.353455 48.720688 0.241785
30.000000 108.353455 178.454346 12.235703 32.065918 0.131984
30.000000 571.695435 176.738037 13.903198 33.969116 0.093005
30.000000 76.472397 177.031525 13.648453 32.389557 0.089155
30.000000 586.840637 172.924072 15.932861 38.896545 0.086540
30.000000 483.546356 176.318787 12.925598 32.328979 0.081178
30.000000 567.067871 160.443527 18.690674 49.793457 0.052652
60.000000 50.252502 179.096924 16.955292 40.783478 0.511013
60.000000 558.776367 174.958878 19.715820 45.324554 0.389163
60.000000 43.401447 178.956512 13.486633 33.459290 0.232783
60.000000 515.324585 179.827133 17.604980 41.639648 0.222503
60.000000 560.962402 176.561539 12.934937 31.596588 0.192435
60.000000 0.010904 181.969315 10.140156 39.955505 0.181167
60.000000 564.904114 178.064194 13.487183 33.081299 0.134464
60.000000 8.890457 180.312851 13.787649 32.844666 0.125070
60.000000 509.067780 176.819031 9.957733 28.795380 0.112196
60.000000 586.979431 172.002151 19.658936 46.542023 0.106197
60.000000 516.950378 178.804535 10.945068 30.758179 0.092661
60.000000 29.992723 176.391205 15.494497 30.853607 0.089282
60.000000 581.912109 170.584503 27.540161 67.970154 0.089111
60.000000 15.669250 177.483170 15.165680 36.993134 0.087734
60.000000 554.067871 176.658890 16.697998 38.595581 0.067508
60.000000 578.462341 180.735901 19.970947 48.624390 0.060349
60.000000 548.407227 174.808640 25.954834 53.146027 0.054965
90.000000 538.971008 168.159424 17.943481 41.411072 0.243127
90.000000 40.910934 189.021927 14.246170 35.030823 0.194381
90.000000 533.687439 167.962555 25.593994 60.937561 0.177534
90.000000 6.425146 194.091858 14.922192 37.904449 0.160544
90.000000 554.070374 164.709686 13.903564 34.137024 0.140530
90.000000 457.415161 184.117584 18.564575 48.613983 0.137365
90.000000 463.948608 184.031265 13.883057 34.176544 0.137317
90.000000 20.582153 186.650177 12.807846 30.720764 0.090276
90.000000 0.002655 195.097076 10.364861 40.698334 0.090092
90.000000 458.110901 185.340210 12.719543 32.142151 0.071920
90.000000 438.921692 178.750305 16.872864 42.559784 0.054546
90.000000 564.575012 183.672729 15.746338 36.223633 0.050788
120.000000 464.872162 180.422501 22.717529 55.161285 0.786695
120.000000 460.634338 157.418915 32.104309 79.133636 0.375144
120.000000 67.195297 168.654160 18.725861 47.849243 0.269968
120.000000 544.230713 178.082001 22.992432 58.633484 0.268129
120.000000 531.725891 177.080353 16.087158 38.822021 0.194265
120.000000 177.953278 164.832932 14.739044 33.140015 0.139906
120.000000 547.398010 176.412125 16.973267 40.307678 0.138751
120.000000 111.681778 150.388641 14.293686 34.141205 0.130816
120.000000 473.288208 155.332901 15.845093 36.472015 0.124341
120.000000 491.987244 157.108078 16.284241 41.692993 0.107810
120.000000 528.355408 177.683853 23.467773 52.006042 0.106737
120.000000 514.852234 182.156998 22.197266 53.102753 0.094265
120.000000 61.985611 157.327621 18.238937 42.875397 0.091181
120.000000 182.136597 162.687057 17.582703 44.074524 0.087136
120.000000 477.150818 187.172913 20.114075 48.348663 0.085732
120.000000 191.932144 173.633774 14.297760 34.111053 0.066206
120.000000 460.591797 185.159637 12.755371 30.827423 0.060376
120.000000 568.611877 171.546814 18.208984 44.218964 0.060114
120.000000 479.971802 189.434296 13.828064 32.325562 0.055035
120.000000 459.725800 160.348694 12.544189 28.792572 0.053771
150.000000 528.936157 178.278397 33.255249 84.949753 0.929811
150.000000 562.664978 201.236343 25.515991 68.381943 0.347150
150.000000 541.080872 191.830231 28.242798 69.535919 0.323124
150.000000 80.109787 197.091660 13.321777 33.777069 0.296890
150.000000 609.652954 176.421677 24.698730 61.559326 0.219201
150.000000 598.128662 176.627960 27.444824 60.731415 0.215200
150.000000 463.544434 181.805222 15.401550 37.526794 0.187806
150.000000 138.127975 191.433578 10.913208 26.534760 0.132892
150.000000 597.545593 179.472717 12.590210 29.181122 0.129815
150.000000 593.746765 177.242249 20.104004 50.706146 0.127919
150.000000 48.404205 201.372345 11.641060 29.327789 0.116573
150.000000 182.872208 175.288055 12.326843 28.899750 0.115477
150.000000 597.883911 168.010773 14.604492 35.088135 0.101819
150.000000 15.746876 205.130646 12.110760 28.985382 0.086639
150.000000 617.146729 176.036102 15.869751 40.220001 0.086441
150.000000 161.099854 164.801346 19.538391 48.922211 0.083787
150.000000 555.925049 154.485489 17.003418 37.217926 0.071673
150.000000 604.708984 177.114929 14.817993 35.677887 0.068801
150.000000 537.583618 179.211334 22.062500 57.216370 0.064698
150.000000 526.555115 186.492142 17.607422 41.858398 0.059483
150.000000 552.420532 204.539246 25.611206 63.010834 0.050413
150.000000 616.822144 231.657288 22.445312 67.128784 0.050407
180.000000 110.811310 191.699203 11.809753 27.621429 0.232602
180.000000 468.193970 181.208939 14.655029 34.161224 0.161603
180.000000 469.465698 183.798416 22.231201 50.561249 0.148706
180.000000 478.906464 184.299850 12.013428 27.960175 0.139125
180.000000 491.139313 183.611755 15.322998 34.771301 0.113038
180.000000 40.983047 137.369034 16.204552 38.818970 0.095554
180.000000 463.130524 191.775085 15.915344 37.881287 0.081902
180.000000 7.292358 196.721405 15.115210 34.593842 0.081078
180.000000 472.971222 183.868042 14.982056 32.969971 0.077795
180.000000 0.000000 196.206024 10.928841 46.628998 0.075738
180.000000 21.232519 193.985718 13.029333 31.370239 0.059307
210.000000 70.312035 191.557083 14.514771 31.561188 0.716724
210.000000 120.832535 153.638840 26.039185 63.085052 0.625471
210.000000 500.513336 183.939117 14.944977 34.855194 0.454192
210.000000 497.432678 181.399887 22.461121 52.762970 0.258387
210.000000 576.954895 193.032181 19.599731 46.095673 0.128158
210.000000 109.238983 199.572144 11.820999 31.603821 0.084046
210.000000 140.316666 174.996231 18.690094 43.659393 0.078110
210.000000 549.331421 41.508003 16.052002 35.656723 0.072743
210.000000 5.936712 196.893677 14.379131 35.743896 0.072010
210.000000 517.338684 192.823318 21.082153 47.101624 0.057623
210.000000 95.576477 199.280731 10.178528 25.367950 0.054045
210.000000 469.951416 186.272415 13.254944 31.787903 0.052121
240.000000 1.360784 190.802567 16.120743 38.679077 0.798859
240.000000 609.245056 189.925339 14.935425 34.649963 0.225737
240.000000 0.074131 189.536423 9.866804 37.128357 0.219442
240.000000 428.680359 176.326462 13.447083 33.020386 0.207882
240.000000 60.651463 140.729111 12.155704 29.410583 0.182913
240.000000 144.404419 199.710754 10.948059 26.747681 0.178123
240.000000 592.172974 190.516144 15.486450 35.779846 0.175650
240.000000 413.169861 184.567902 11.191223 27.892548 0.127066
240.000000 60.989666 197.174164 12.279881 31.555511 0.110807
240.000000 86.755608 140.146393 14.876816 32.741089 0.105509
240.000000 606.107666 189.350128 21.600708 52.317902 0.095472
240.000000 78.052864 141.143631 29.283340 73.722382 0.074134
240.000000 45.271179 199.839783 12.387245 27.105957 0.073053
240.000000 70.803726 143.448502 14.086792 34.859833 0.057476
240.000000 550.430664 193.609772 19.575195 49.050842 0.052543
270.000000 419.563599 182.064911 15.309143 37.333618 0.383806
270.000000 574.516052 175.929840 15.083984 34.268799 0.327972
270.000000 49.698303 201.415619 11.351456 27.961853 0.255505
270.000000 404.185974 121.916008 11.939453 28.154259 0.104279
270.000000 622.297546 179.340927 15.661133 45.721130 0.098554
270.000000 570.586487 177.175583 13.475586 32.758942 0.065923
300.000000 514.287659 176.065903 14.946045 33.964447 0.459942
300.000000 67.669350 183.713760 14.891724 37.932617 0.401656
300.000000 92.336609 176.393250 12.403793 29.964600 0.114474
300.000000 494.805573 170.825699 16.462280 39.769836 0.071286
300.000000 120.927132 172.303314 12.480034 30.504425 0.058172
300.000000 424.792664 100.183846 14.944458 35.707481 0.053067
330.000000 619.274231 130.639954 20.515625 76.416016 0.295831
330.000000 7.594065 166.972885 15.013847 36.590912 0.242683
330.000000 92.861771 153.005157 15.863846 37.781097 0.164483
330.000000 576.070251 172.461182 11.257446 28.727051 0.157395
330.000000 546.185974 157.968689 15.605591 36.014252 0.134670
330.000000 2.131973 167.013367 14.113571 34.087158 0.108405
330.000000 476.882782 160.012909 9.897217 28.029755 0.080419
330.000000 625.206970 145.396667 14.222534 37.127136 0.080357
330.000000 486.808563 160.548523 14.700134 35.766357 0.071115
330.000000 548.180298 156.695892 11.557617 26.082458 0.066941
330.000000 624.613647 159.227783 15.227661 37.206512 0.066918
330.000000 581.700806 159.544891 23.906738 59.650482 0.054349
330.000000 585.539917 176.201218 14.895264 32.033295 0.052157
360.000000 468.161346 153.354431 14.253113 36.059296 0.216420
360.000000 499.198517 151.763535 17.553070 40.951660 0.214018
360.000000 454.914856 49.968010 16.483398 37.767776 0.089568
360.000000 494.068329 150.302963 13.853943 32.703918 0.081014
360.000000 52.144947 146.483383 15.534626 35.192505 0.064929
390.000000 546.674622 166.522324 15.880981 37.119720 0.269661
390.000000 541.415039 166.243240 25.441772 55.890228 0.219800
390.000000 463.992676 182.799713 10.698364 25.428741 0.127394
390.000000 0.000000 177.436111 9.470642 48.203979 0.080174
390.000000 12.213428 174.929688 14.173150 34.738495 0.079301
390.000000 102.844536 180.870575 10.386078 26.893158 0.059150
390.000000 65.617027 186.648453 11.401184 30.891418 0.056394
390.000000 476.100281 181.409744 11.711426 29.289124 0.054143
390.000000 56.727573 177.382126 12.087093 29.219757 0.053152
390.000000 93.180328 180.626144 12.263123 30.361755 0.052645
420.000000 66.883659 184.798935 10.484787 26.561523 0.206091
420.000000 605.969971 173.127472 23.814453 58.216675 0.198446
420.000000 611.307617 174.646133 14.452393 35.545868 0.165535
420.000000 174.315002 189.101135 11.887817 27.688812 0.141389
420.000000 262.372284 169.736359 11.642334 28.509277 0.109855
420.000000 42.768681 189.505707 12.033936 29.665100 0.105935
420.000000 60.041538 193.454681 12.675121 31.531738 0.086131
420.000000 52.239353 189.727310 10.867859 27.742706 0.069315
420.000000 555.770142 152.589661 11.364014 27.974609 0.060274
420.000000 94.235847 183.757996 12.091003 30.561035 0.057618
420.000000 379.479431 181.462540 10.062500 23.784241 0.056231
420.000000 23.068562 191.996933 13.685432 33.461609 0.052251
420.000000 81.388474 182.948135 12.343735 30.180420 0.051464
450.000000 480.112213 178.556595 15.176697 35.973969 0.270921
450.000000 477.805847 179.449295 11.168823 29.021729 0.239128
450.000000 28.716091 180.037582 13.583488 32.810455 0.109204
450.000000 466.819946 179.489716 12.785889 31.437775 0.083044
450.000000 37.286217 189.576111 13.300079 30.805267 0.071430
450.000000 55.694183 206.749908 11.446312 27.782654 0.061723
480.000000 330.807007 186.809174 10.827026 25.917664 0.440633
480.000000 363.916077 188.505875 13.209412 32.174561 0.210981
480.000000 393.054321 148.102600 14.585449 33.267456 0.185769
480.000000 580.120300 207.182312 11.635010 32.706085 0.175678
480.000000 606.803894 206.378006 13.888550 32.282928 0.175087
480.000000 368.989594 190.044327 10.300476 28.543671 0.160006
480.000000 493.815948 185.141739 13.299500 32.832367 0.138785
480.000000 510.788635 186.446899 14.719604 35.578674 0.132600
480.000000 25.247520 195.487381 11.614029 31.567719 0.090103
480.000000 510.582031 159.389847 14.569458 34.777344 0.077841
480.000000 491.778900 183.655441 11.786621 26.800140 0.065137
480.000000 400.999451 149.250671 14.379211 33.661926 0.064200
510.000000 339.771942 185.065247 11.899048 28.939819 0.282475
510.000000 479.151886 181.980133 12.593201 30.713989 0.248688
510.000000 389.142120 191.956024 11.479919 28.843231 0.183925
510.000000 372.733063 191.021301 12.220947 30.778442 0.171933
510.000000 565.477783 182.019440 15.040771 38.973938 0.124474
510.000000 53.468773 196.222244 13.345352 36.813110 0.094657
510.000000 549.703491 136.634781 16.573853 37.676849 0.093122
510.000000 541.312744 186.447830 10.565552 28.606628 0.078511
510.000000 501.724854 183.369278 11.790894 29.138916 0.069807
510.000000 483.984344 182.914032 12.621033 28.852325 0.066470
510.000000 402.799805 193.112488 8.934387 24.088226 0.062468
510.000000 477.941711 163.787888 17.999390 47.654358 0.062111
510.000000 39.775711 198.473999 12.594070 29.979340 0.057811
510.000000 457.454376 175.048416 14.940979 37.852325 0.056945
540.000000 421.207581 195.544937 12.895325 32.627899 0.516489
540.000000 362.963806 185.870270 12.500000 30.343628 0.463050
540.000000 426.411591 193.405502 13.015015 33.548004 0.399956
540.000000 612.404419 176.746460 18.186646 45.644592 0.363874
540.000000 379.718109 187.054306 13.949158 34.615967 0.323297
540.000000 582.984131 182.618973 17.126099 40.811371 0.290144
540.000000 606.264404 177.405502 15.873535 40.035309 0.239019
540.000000 599.726013 183.155762 11.901001 28.139038 0.138769
540.000000 614.794556 129.629852 25.169312 97.812866 0.104447
540.000000 437.463928 192.197845 14.569031 34.292725 0.098275
540.000000 557.394043 179.396149 15.736572 36.914124 0.088762
540.000000 382.283295 200.905457 11.658020 30.055115 0.072758
540.000000 468.538513 195.977158 13.014526 33.102997 0.071636
540.000000 408.674133 197.852402 13.428528 33.158752 0.069674
570.000000 489.476685 204.418488 14.957275 36.250000 0.818889
570.000000 406.123596 188.955795 18.791748 46.035706 0.796402
570.000000 495.798340 205.790421 13.221191 32.661896 0.465738
570.000000 409.897552 189.621460 13.049438 31.915253 0.439000
570.000000 442.676849 213.781067 13.676392 30.687408 0.374119
570.000000 399.978180 189.762833 15.281372 35.004089 0.326012
570.000000 464.002197 207.183075 17.282654 38.658417 0.168449
570.000000 432.742828 208.717072 14.828796 35.168610 0.141809
570.000000 295.753448 177.981018 12.634949 31.436005 0.115074
570.000000 6.943295 189.388901 13.233032 30.972351 0.114872
570.000000 439.212769 211.740692 12.031555 30.644653 0.094465
570.000000 558.150513 178.811340 24.828979 70.251282 0.089772
570.000000 469.617767 198.720245 11.918579 28.446747 0.080983
570.000000 500.886627 205.366196 12.169098 29.644836 0.075570
570.000000 447.264984 212.050461 13.957092 31.954651 0.072826
570.000000 474.094910 203.999512 17.005188 37.051300 0.069612
570.000000 545.354248 205.963013 17.025513 41.548706 0.066452
570.000000 378.005066 190.451706 14.211548 34.738556 0.053733
570.000000 428.729828 209.258179 13.034912 30.544189 0.051832
600.000000 453.299011 183.373047 25.823669 65.630737 0.978485
600.000000 573.960022 199.436371 19.810059 47.643250 0.584104
600.000000 605.485046 207.337433 16.138794 38.268890 0.558169
600.000000 555.322083 216.022751 16.543457 40.789322 0.548411
600.000000 566.479126 214.630066 14.675659 32.731873 0.281354
600.000000 19.153206 187.856400 12.579090 30.102844 0.243348
600.000000 385.555328 185.679764 10.640564 27.870148 0.235495
600.000000 532.340698 210.835632 12.815063 27.837036 0.201381
600.000000 543.268372 213.949142 12.019775 28.364288 0.165707
600.000000 570.775757 199.548157 15.571167 38.097748 0.161531
600.000000 458.794983 182.872925 16.232605 36.973297 0.158090
600.000000 610.134766 209.416153 12.527954 26.625244 0.142727
600.000000 450.413208 192.394791 13.862976 30.755096 0.141400
600.000000 600.752747 210.299301 12.567261 28.032806 0.130092
600.000000 560.699097 215.758682 13.168823 31.277496 0.122803
600.000000 619.364990 204.428467 12.365723 30.375153 0.102660
600.000000 527.822205 208.320145 17.826660 43.267334 0.094622
600.000000 542.672424 195.470535 18.923462 44.592133 0.094300
600.000000 628.091309 202.274963 11.900757 37.102661 0.091850
600.000000 538.693787 212.459122 17.900024 40.092377 0.080318
600.000000 602.712097 192.585205 14.356323 34.477600 0.078318
600.000000 520.036133 206.518555 16.046997 38.008759 0.074913
600.000000 439.253021 196.615601 12.802551 28.722748 0.069073
600.000000 537.985168 211.057785 13.106934 28.383118 0.066183
600.000000 578.716797 215.863358 14.683594 32.203430 0.064097
600.000000 500.859375 198.316360 14.407349 33.600128 0.060496
600.000000 577.930298 199.517975 11.881836 30.458069 0.059474
600.000000 557.614807 214.765869 11.817627 28.370605 0.057214
600.000000 374.618469 187.595856 11.047668 28.648438 0.056638
600.000000 381.220001 183.595078 12.481079 31.981567 0.054320
600.000000 546.991150 197.384064 13.669434 29.272156 0.051062
600.000000 398.246521 191.335739 9.564209 22.147614 0.050452
630.000000 508.666901 173.519409 37.449432 88.780334 0.950873
630.000000 208.869186 178.686722 10.373932 27.013580 0.483207
630.000000 30.842972 180.460663 13.166855 32.962402 0.426328
630.000000 47.265076 184.378235 11.036560 24.352051 0.192597
630.000000 464.272583 179.769989 11.827332 26.842590 0.053462
660.000000 484.094177 166.087646 42.725952 100.412384 0.882287
660.000000 553.500488 166.930817 19.742432 49.886719 0.599458
660.000000 486.541290 167.146454 30.254303 68.465668 0.433990
660.000000 453.018677 183.758987 15.221558 34.508698 0.285539
660.000000 509.069061 177.786423 16.508881 38.276154 0.235319
660.000000 115.113419 189.909790 12.809128 31.678406 0.233603
660.000000 578.086487 186.290421 13.105225 28.633118 0.145209
660.000000 439.233429 171.819031 13.805908 33.529938 0.126636
660.000000 547.264038 183.706223 15.455688 34.554993 0.125800
660.000000 18.151035 137.770142 27.281662 65.783020 0.092724
660.000000 38.262096 165.238800 14.803894 38.814514 0.090377
660.000000 542.055420 182.801682 14.151001 34.784912 0.084483
660.000000 532.884888 184.873123 13.485840 31.388885 0.081912
660.000000 481.189301 176.869537 16.523926 38.057343 0.063974
660.000000 432.894928 169.660614 15.223633 36.674896 0.061412
660.000000 595.130554 170.342728 10.261841 26.901978 0.058330
660.000000 493.540833 166.961792 20.353210 46.194519 0.056788
690.000000 397.583313 145.136017 55.276794 131.035126 0.975549
690.000000 43.980721 172.117264 13.410637 34.927948 0.808364
690.000000 32.119324 174.483124 12.798859 31.562775 0.735538
690.000000 578.738281 161.650299 19.932739 47.560303 0.547501
690.000000 499.097443 171.173767 12.486023 31.915894 0.316570
690.000000 401.752594 153.639587 15.491394 37.450897 0.175033
690.000000 565.527527 181.294525 14.797119 34.329437 0.171645
690.000000 394.683136 154.686920 16.017639 38.122711 0.163242
690.000000 118.384628 172.895386 12.314865 30.366913 0.158689
690.000000 581.392761 160.629776 14.376465 30.513611 0.126262
690.000000 114.232422 177.429810 10.577988 27.399323 0.125725
690.000000 394.211700 153.097153 25.506836 51.789978 0.123642
690.000000 457.441681 166.258575 14.610718 34.146881 0.082902
690.000000 585.832336 161.163208 15.272583 34.550842 0.074810
690.000000 204.710297 112.287361 12.079468 29.836754 0.074406
690.000000 422.771393 159.764755 20.070801 54.647858 0.069025
690.000000 237.767303 173.407181 10.607208 25.884827 0.068333
690.000000 612.363770 167.641876 13.552124 28.092316 0.065550
690.000000 597.304993 158.606384 13.629761 31.871704 0.064988
690.000000 21.698551 169.440735 14.996197 38.574402 0.051000
720.000000 254.371506 130.507568 62.752243 158.290955 0.979987
720.000000 25.551914 174.885513 13.778732 33.277618 0.575389
720.000000 597.533142 161.967102 15.723022 38.727631 0.449035
720.000000 105.414604 169.087677 13.115158 30.995728 0.425580
720.000000 593.066833 165.973099 20.974854 50.243866 0.345440
720.000000 516.048584 166.959427 14.081787 33.815918 0.214453
720.000000 507.717072 169.467743 10.041351 22.596375 0.212248
720.000000 520.695984 166.946762 12.372681 28.864777 0.149996
720.000000 475.537811 156.330978 12.559265 31.750305 0.144994
720.000000 471.613220 163.114960 17.688171 44.506165 0.140884
720.000000 407.807831 157.550095 11.343018 30.339020 0.140828
720.000000 477.380646 165.801224 14.400513 36.635956 0.135599
720.000000 239.877182 170.904663 12.771637 30.480713 0.124004
720.000000 56.141056 172.336288 13.203541 32.450195 0.116928
720.000000 605.321777 162.987076 13.825073 34.236938 0.111123
720.000000 31.072727 175.614258 11.484779 28.590393 0.101920
720.000000 606.678223 175.783157 17.791016 42.829468 0.099838
720.000000 213.925644 171.287781 12.519623 30.221863 0.097022
720.000000 16.231995 169.939056 15.295898 37.672913 0.082572
720.000000 161.695999 105.683685 13.603638 30.302841 0.076629
720.000000 205.794128 107.500351 12.402710 31.849319 0.068157
720.000000 314.086548 153.661819 12.339417 28.985687 0.062289
720.000000 549.933350 182.150772 15.304810 37.883545 0.053816
750.000000 72.423553 124.904144 70.417068 172.816864 0.988472
750.000000 69.634277 172.884399 13.587799 34.148163 0.791298
750.000000 21.950798 176.564911 13.630054 34.243988 0.720783
750.000000 609.182312 162.389267 18.900146 47.049713 0.598635
750.000000 523.883301 169.756058 13.886963 35.236908 0.278102
750.000000 554.910156 168.942749 15.600586 36.460602 0.252451
750.000000 594.913635 180.195404 15.998291 39.240723 0.220515
750.000000 613.317200 164.682739 13.561279 28.180511 0.183766
750.000000 506.844818 169.073410 11.593536 29.764038 0.165039
750.000000 27.005266 178.968414 12.165960 31.176178 0.156030
750.000000 445.159393 168.196014 14.229553 34.139038 0.145689
750.000000 75.291840 147.795822 28.710327 61.991913 0.144293
750.000000 34.197300 178.538315 10.715332 27.445862 0.118519
750.000000 602.394226 175.068054 19.422974 46.211426 0.112615
750.000000 165.424271 176.681183 11.616394 28.568115 0.111284
750.000000 607.230347 169.160156 15.073730 34.569977 0.091298
750.000000 538.348389 181.137009 10.488037 24.399933 0.078450
750.000000 547.452515 168.283630 23.195923 55.746094 0.074764
750.000000 604.041626 175.398422 13.461548 31.594910 0.058099
750.000000 12.562639 169.679657 13.758110 35.953888 0.055245
780.000000 80.735817 176.428848 13.813736 34.275970 0.845750
780.000000 615.712769 160.977295 23.676636 66.317261 0.805679
780.000000 18.457253 181.350769 14.006641 34.443298 0.713487
780.000000 448.532196 170.330185 15.630493 37.874054 0.336683
780.000000 620.542053 163.305145 17.488403 43.073639 0.320919
780.000000 370.751343 156.751007 14.596558 35.539856 0.123580
780.000000 483.009003 172.483185 18.357117 42.453369 0.101701
780.000000 379.715668 158.744797 11.252441 27.568817 0.084455
780.000000 2.918964 176.973022 14.489635 36.131439 0.082320
780.000000 494.842590 175.349945 13.437561 33.217163 0.077323
780.000000 491.999084 187.237549 16.690247 40.557312 0.071727
780.000000 89.567307 175.473129 11.006073 25.138855 0.068510
780.000000 489.381409 175.631470 16.082153 38.842957 0.060581
780.000000 156.373505 179.397308 12.677734 32.507416 0.055554
780.000000 7.530098 178.321930 16.586464 38.092255 0.055045
780.000000 319.816498 159.265228 14.335449 35.414490 0.050286
810.000000 17.094475 182.731277 14.669460 36.178284 0.728542
810.000000 66.757706 179.269897 16.714874 38.950714 0.594608
810.000000 541.505249 174.872177 13.347046 32.391968 0.514685
810.000000 517.522583 172.807083 13.043213 32.099487 0.335334
810.000000 440.005768 186.992477 16.189209 38.811401 0.157677
810.000000 513.730591 171.276321 19.710205 51.270782 0.108124
810.000000 537.184998 175.837708 13.265625 31.532837 0.104279
810.000000 492.865417 170.820084 19.624573 45.816193 0.096641
810.000000 63.170719 178.668274 14.631741 34.498230 0.093290
810.000000 457.010010 172.328796 17.044128 40.878479 0.083942
810.000000 32.519390 188.077271 11.966835 31.810944 0.076248
810.000000 48.683475 182.772003 13.778008 33.065186 0.068565
810.000000 70.479248 177.665604 12.278931 28.423279 0.063669
810.000000 7.459785 181.870117 16.197613 42.567535 0.060852
810.000000 22.915148 183.612976 13.546614 31.031250 0.053010
840.000000 90.940414 181.274261 13.085754 32.612579 0.822329
840.000000 507.598907 175.992310 17.185699 40.951691 0.294016
840.000000 516.167236 179.845123 12.860840 30.210754 0.207228
840.000000 558.728088 177.410553 14.369507 34.386841 0.185153
840.000000 561.729919 188.467560 12.266724 27.341553 0.167964
840.000000 554.010132 176.916473 11.377563 29.930267 0.130051
840.000000 63.677910 189.085403 12.250107 29.948578 0.073861
840.000000 586.004822 174.706345 17.778320 39.839905 0.069595
840.000000 522.060425 181.984894 10.679565 28.107941 0.068786
840.000000 503.868042 171.704941 24.477173 58.030396 0.065678
840.000000 511.678497 177.130280 11.942535 27.618805 0.063345
840.000000 455.721466 189.060196 12.251221 31.483704 0.058641
840.000000 246.328430 183.865448 10.469360 27.039520 0.057030
840.000000 275.923065 175.888794 11.581909 30.936066 0.054806
840.000000 465.584869 190.652740 15.336060 37.217590 0.054282
840.000000 500.572205 172.122513 14.126587 37.689423 0.051818
840.000000 114.948959 190.505737 10.110901 23.934845 0.050358
870.000000 6.964301 189.567856 16.984306 39.300568 0.804580
870.000000 100.462944 185.132233 14.464233 36.357666 0.801853
870.000000 478.635437 178.376694 15.370667 35.405029 0.513044
870.000000 573.631348 181.914810 13.855347 33.144348 0.384315
870.000000 37.935150 187.671432 14.218491 34.906738 0.368132
870.000000 480.604523 179.349411 18.765747 47.555817 0.347784
870.000000 1.656759 183.473038 22.597584 61.934082 0.170767
870.000000 624.669983 184.042175 15.192993 38.057068 0.168300
870.000000 496.893311 177.393188 19.084045 51.469513 0.165253
870.000000 473.863708 177.500046 20.571960 53.846649 0.158316
870.000000 580.642883 180.655960 15.252319 36.542023 0.111005
870.000000 249.885880 188.667969 11.231339 28.769257 0.096463
870.000000 473.388000 184.661133 13.216125 32.607849 0.077694
870.000000 285.222290 182.666611 11.918091 30.700378 0.071517
870.000000 594.442993 189.909760 12.635132 30.591858 0.070213
870.000000 572.711487 208.736938 14.119751 31.244751 0.069432
870.000000 525.899963 180.740921 17.872925 43.470428 0.063474
870.000000 588.403137 197.872208 11.322388 23.894836 0.058382
870.000000 581.372009 172.145264 21.082764 49.351166 0.054400
870.000000 405.592316 163.772186 11.913330 27.497803 0.053521
870.000000 487.192841 181.037521 13.029541 31.122864 0.051390
870.000000 569.818359 180.016968 20.719727 45.100403 0.050465
900.000000 95.213814 189.322327 15.936234 38.835297 0.634528
900.000000 236.031647 192.970673 12.922272 32.387878 0.287504
900.000000 298.768738 191.960541 10.859253 26.353149 0.231415
900.000000 539.637024 204.354828 15.303101 34.820740 0.167467
900.000000 546.361450 209.564133 16.658813 39.112061 0.128884
900.000000 347.379089 172.595093 13.411682 32.704010 0.113384
900.000000 507.461395 175.071625 16.574493 39.045715 0.089000
900.000000 444.313995 174.379852 10.767090 25.729309 0.087828
900.000000 449.138580 169.341766 12.822937 28.403442 0.067541
900.000000 482.693451 181.783569 13.019470 30.722534 0.064377
900.000000 45.128864 190.270279 12.947617 32.241669 0.052395
900.000000 440.017273 175.804962 9.253174 24.988861 0.051689
930.000000 77.033279 190.914261 15.779892 40.257233 0.780891
930.000000 210.526642 194.031082 14.748718 37.671844 0.655212
930.000000 52.205933 206.680283 13.111908 29.725525 0.572282
930.000000 290.123657 191.924271 12.259644 29.764709 0.182127
930.000000 71.968102 192.715424 16.104401 42.087433 0.082470
930.000000 65.778976 209.078537 13.307693 28.461090 0.081063
930.000000 61.726440 204.764496 12.544235 31.045532 0.077314
930.000000 150.671417 199.396637 10.819916 27.800903 0.071544
930.000000 556.388000 191.910675 15.311646 34.807312 0.069107
930.000000 57.449715 205.489212 12.924049 31.273651 0.060547
930.000000 547.018433 188.402191 19.902344 44.449463 0.054035
960.000000 28.357754 187.654327 17.746452 44.685516 0.947315
960.000000 609.061707 185.558502 14.672607 35.580078 0.571940
960.000000 165.063751 190.599426 17.829346 43.912933 0.558877
960.000000 102.271835 201.785583 13.302994 32.102844 0.538183
960.000000 604.211304 181.691940 22.607544 56.614502 0.407674
960.000000 268.917786 191.566422 11.283203 29.031525 0.144469
960.000000 0.085726 202.803513 13.719742 38.699371 0.133127
960.000000 257.215698 193.982895 12.969971 30.643280 0.109139
960.000000 531.839539 194.075729 13.532471 31.539948 0.108536
960.000000 186.592407 195.152832 11.287506 30.144287 0.089689
960.000000 620.953613 218.506287 18.194458 57.836487 0.081686
960.000000 579.062378 182.874939 17.373413 40.745453 0.062453
990.000000 102.921783 186.688583 15.117508 35.961700 0.824433
990.000000 71.117485 192.006485 22.096588 53.739471 0.789197
990.000000 107.990730 186.660995 14.330917 32.994781 0.252794
990.000000 43.937420 188.944519 14.569496 36.350403 0.185257
990.000000 149.022858 201.814758 12.325439 31.036072 0.142634
990.000000 492.217865 187.329910 10.559387 26.822327 0.130339
990.000000 618.181824 177.572433 16.343384 42.011993 0.129051
990.000000 181.170807 188.730942 13.660919 31.766235 0.116752
990.000000 600.926758 165.997055 17.108398 37.557373 0.108452
990.000000 18.946251 200.814102 12.359032 29.698425 0.106485
990.000000 59.266270 187.470047 13.414288 33.311707 0.105374
990.000000 597.526978 163.565948 25.223755 64.477264 0.100297
990.000000 79.137062 193.452896 20.489731 50.018494 0.082764
990.000000 221.737427 187.381821 13.820374 33.400574 0.073038
990.000000 575.436157 187.423965 18.424316 43.482300 0.072838
990.000000 517.473267 185.885147 11.763184 30.465729 0.068978
990.000000 521.136108 185.546692 12.932251 33.055817 0.067605
1020.000000 3.556377 181.092361 22.089743 49.928284 0.848464
1020.000000 160.491257 182.904099 16.400848 39.329620 0.457996
1020.000000 19.912209 186.988831 15.873692 39.052856 0.447896
1020.000000 571.125610 174.936325 19.858765 48.689209 0.265244
1020.000000 63.263977 199.338272 14.915695 37.478027 0.253430
1020.000000 581.657349 169.570023 15.266968 36.552246 0.228837
1020.000000 571.731689 179.111557 11.386719 28.212189 0.153739
1020.000000 35.428505 194.871704 16.325989 39.739227 0.142173
1020.000000 577.490540 177.472244 12.192505 31.652954 0.118124
1020.000000 0.184990 182.979156 14.171101 49.875916 0.115903
1020.000000 128.073013 180.004349 14.116882 35.292664 0.071040
1020.000000 72.365685 196.504562 15.752350 32.799683 0.070326
1020.000000 142.473175 183.850616 17.615662 43.832245 0.056103
1020.000000 57.308994 190.907425 13.978092 33.158264 0.052887
1050.000000 77.799644 185.028564 19.050659 43.454590 0.673989
1050.000000 417.952545 183.937454 12.832642 32.618347 0.387445
1050.000000 620.843018 157.843857 19.047241 55.504944 0.208424
1050.000000 456.391907 177.315613 13.872803 34.145874 0.186949
1050.000000 610.139526 152.921417 28.157227 73.335602 0.169591
1050.000000 603.153076 170.910797 23.593750 56.464996 0.134133
1050.000000 626.084900 157.759415 11.752930 32.831390 0.122169
1050.000000 540.608215 184.860855 13.957886 35.178619 0.071540
1050.000000 609.751709 152.970154 21.022949 49.569031 0.051916
1050.000000 579.970032 181.667618 16.276367 38.349884 0.051751
1080.000000 15.061127 186.465485 19.581818 49.996277 0.857577
1080.000000 406.963440 182.406219 17.687073 41.985901 0.667829
1080.000000 81.664780 198.688461 15.673813 37.115479 0.481593
1080.000000 313.457336 182.618103 11.589111 27.870361 0.248305
1080.000000 619.039001 183.298279 20.571655 65.573212 0.224628
1080.000000 571.145386 180.129791 22.757690 59.081299 0.122629
1080.000000 601.288452 199.345947 16.416626 42.750977 0.102487
1080.000000 591.616516 184.168869 18.728394 42.538879 0.095542
1080.000000 468.156250 129.635345 13.257874 32.145050 0.089962
1080.000000 567.813599 183.932449 17.598877 41.551056 0.079582
1080.000000 622.435974 185.272583 15.206543 40.090088 0.076054
1080.000000 6.526034 186.460983 20.239834 48.551361 0.057279
1110.000000 560.805725 150.383743 15.460815 37.526184 0.569491
1110.000000 557.337280 151.899948 22.213989 52.787445 0.423602
1110.000000 281.548492 185.756317 12.644043 29.301788 0.376307
1110.000000 550.825439 150.688431 31.787720 74.916107 0.199727
1110.000000 450.715088 181.164307 14.519714 34.997986 0.176469
1110.000000 430.815460 179.858093 27.470520 67.723267 0.146948
1110.000000 433.635101 180.545929 19.765259 46.028717 0.084171
1110.000000 549.825684 155.982391 17.939697 43.267914 0.057020
1140.000000 238.667252 187.838303 12.384491 30.855713 0.854097
1140.000000 448.885864 181.158310 15.160217 37.888306 0.621917
1140.000000 463.825287 180.499146 16.054443 37.165680 0.500253
1140.000000 70.350647 173.017227 17.271057 40.260834 0.355545
1140.000000 610.802002 157.104248 19.187744 46.877380 0.300281
1140.000000 502.390167 170.892624 38.384918 83.873199 0.222946
1140.000000 448.319336 181.067444 21.305298 54.883850 0.190960
1140.000000 619.693604 151.039795 20.102173 79.918945 0.152991
1140.000000 454.032806 181.968857 15.335938 34.933350 0.128931
1140.000000 93.098129 164.501984 19.715118 48.686249 0.098654
1140.000000 451.212830 180.527008 10.926880 24.847717 0.078077
1140.000000 456.978790 183.145233 18.630127 38.997711 0.067763
1140.000000 465.566956 180.341995 11.618652 25.835052 0.063045
1140.000000 468.747375 179.017044 17.162720 39.715759 0.051619
1170.000000 474.544342 181.450378 13.983459 33.511719 0.642226
1170.000000 458.142212 182.593552 13.398743 31.029236 0.626535
1170.000000 91.546768 184.632950 13.811127 31.769775 0.469492
1170.000000 489.350372 177.758667 14.808228 34.897369 0.327891
1170.000000 450.355591 182.432281 12.554626 31.484161 0.316391
1170.000000 496.716583 172.453552 17.449127 46.629669 0.288701
1170.000000 250.028595 161.783844 13.019531 32.119110 0.282771
1170.000000 3.695249 194.164856 17.222515 42.277802 0.248405
1170.000000 65.068863 187.531403 12.205292 27.462341 0.247661
1170.000000 488.576263 175.080811 20.943359 51.612915 0.210126
1170.000000 222.070114 158.631302 14.107269 34.055969 0.207856
1170.000000 149.701736 162.171661 13.803345 31.120667 0.191376
1170.000000 237.806763 167.211090 10.769958 25.597076 0.178573
1170.000000 471.279053 180.639069 22.159180 47.440735 0.163589
1170.000000 485.126740 181.202667 12.224915 30.828766 0.118842
1170.000000 187.207825 182.396484 12.501495 31.033600 0.108795
1170.000000 256.867249 163.442413 13.186829 30.655762 0.083694
1170.000000 0.000000 191.960938 9.090963 42.496094 0.068515
1170.000000 497.512665 171.249146 12.728333 33.691833 0.063605
1170.000000 243.807739 166.545654 11.197662 31.324310 0.059493
1200.000000 490.024902 183.890717 17.327087 42.636414 0.765925
1200.000000 502.426880 181.731140 13.907837 34.968475 0.607127
1200.000000 57.532810 182.136963 14.017605 34.328491 0.479210
1200.000000 474.918671 183.048935 13.338501 33.329590 0.455931
1200.000000 129.308334 186.844925 16.270050 39.873840 0.336926
1200.000000 486.802185 182.483948 15.007935 37.704681 0.277425
1200.000000 519.512451 183.664429 16.863159 40.827942 0.257030
1200.000000 495.384125 182.343002 18.865509 47.625366 0.241793
1200.000000 497.237213 183.623215 12.799683 33.391602 0.201268
1200.000000 487.801117 180.862457 11.118896 27.636810 0.169337
1200.000000 534.913147 165.445557 15.050537 34.339294 0.156046
1200.000000 459.078125 182.508377 10.555115 25.926819 0.121317
1200.000000 39.003159 151.203674 28.821007 65.707001 0.119578
1200.000000 532.193542 181.280640 11.960083 30.978363 0.086141
1200.000000 529.986267 163.321426 26.557739 56.024536 0.080517
1200.000000 527.505127 184.565521 12.175293 29.947937 0.077503
1200.000000 524.180542 183.023163 11.554443 27.950958 0.071179
1200.000000 492.384766 184.247025 11.487793 29.095825 0.068349
1200.000000 523.425354 181.073288 21.113770 49.295074 0.067270
1200.000000 62.976994 182.807312 12.838512 32.391205 0.050960
1230.000000 517.253845 180.739914 21.081421 49.908600 0.920272
1230.000000 527.375549 177.804810 20.828735 50.986786 0.895418
1230.000000 83.957458 184.037369 17.942490 44.981873 0.872462
1230.000000 37.154480 184.968338 14.986862 32.843933 0.722226
1230.000000 508.774628 180.138367 15.875519 36.628998 0.540324
1230.000000 18.476051 186.135742 15.300911 31.774445 0.372675
1230.000000 576.750366 182.351257 18.719238 41.818970 0.362095
1230.000000 513.878052 180.984238 16.418091 35.567780 0.221880
1230.000000 112.512558 189.107391 13.204514 31.862396 0.154786
1230.000000 602.313110 191.646103 16.283081 40.256134 0.144037
1230.000000 610.672302 170.582245 28.669434 76.019012 0.131224
1230.000000 530.427917 177.823303 13.936768 34.599182 0.117721
1230.000000 373.992157 180.553192 8.856750 23.450043 0.114732
1230.000000 519.195557 177.640274 11.315674 27.214111 0.114276
1230.000000 567.933350 177.637604 18.940552 44.060944 0.100475
1230.000000 11.617331 180.245361 15.028397 35.618286 0.091507
1230.000000 163.406693 180.736252 11.821655 30.880554 0.076016
1230.000000 606.550659 175.899063 24.043335 58.663696 0.072734
1230.000000 387.674347 177.883759 11.103333 31.564850 0.066674
1230.000000 616.436951 171.467407 19.714722 54.657928 0.063126
1230.000000 505.295044 182.979233 13.015503 30.342377 0.060680
1260.000000 537.350586 178.506729 23.237915 56.863251 0.943970
1260.000000 23.421688 187.128296 18.694481 51.173584 0.884382
1260.000000 2.644036 186.881546 14.925712 34.452576 0.820133
1260.000000 527.609497 179.362320 21.788940 53.258392 0.805094
1260.000000 238.566696 160.511353 12.582489 30.393219 0.332107
1260.000000 255.578247 160.185822 13.350464 32.653046 0.312238
1260.000000 158.177933 151.888763 14.914551 34.502228 0.251501
1260.000000 47.589062 192.600266 11.987267 30.248260 0.242730
1260.000000 191.989044 157.857773 12.265686 29.217804 0.234357
1260.000000 528.366150 177.508560 15.590698 39.957092 0.228985
1260.000000 0.032573 184.862061 10.119076 37.278229 0.213143
1260.000000 241.251587 162.176498 13.615601 35.044159 0.194932
1260.000000 26.198837 188.720306 14.019554 34.043243 0.184147
1260.000000 526.066772 184.172516 12.071167 30.642395 0.158240
1260.000000 8.225156 188.949097 12.002475 31.827118 0.130589
1260.000000 140.940475 180.201752 13.756256 33.166962 0.100292
1260.000000 567.317566 185.791412 12.396240 29.715729 0.099432
1260.000000 162.054779 150.423615 10.080200 23.923279 0.091383
1260.000000 115.550507 147.418655 24.424393 65.944885 0.089482
1260.000000 77.956467 195.311478 12.213974 32.038696 0.086167
1260.000000 184.140823 170.294327 13.834991 33.822815 0.083115
1260.000000 561.918518 177.709457 15.475098 34.371002 0.080920
1260.000000 222.379120 151.168304 13.583374 35.757721 0.065360
1260.000000 245.388458 163.542450 14.534119 35.503448 0.062598
1260.000000 168.233154 147.001831 12.043884 28.184265 0.062231
1260.000000 492.162231 181.839600 15.226196 35.924347 0.055246
1260.000000 230.501984 169.834869 12.807037 32.392395 0.053337
1260.000000 539.546143 177.555725 15.924927 40.573303 0.053206
1260.000000 155.358429 148.632446 22.567078 51.922180 0.051707
1290.000000 562.075073 180.580643 26.559204 63.652405 0.987844
1290.000000 534.769043 177.085236 27.798096 65.498718 0.970301
1290.000000 52.872963 182.806137 17.224274 40.231293 0.333457
1290.000000 127.774292 182.502853 13.537018 32.125214 0.316333
1290.000000 586.628662 180.798233 20.990479 48.129761 0.312641
1290.000000 175.411331 168.894699 16.350830 39.713745 0.187902
1290.000000 599.634460 192.486298 12.170288 29.938751 0.176588
1290.000000 111.328300 185.088745 14.232025 34.247009 0.172003
1290.000000 535.715271 179.042007 16.126099 40.174164 0.153057
1290.000000 41.541237 199.605057 14.990822 35.097046 0.104265
1290.000000 15.737228 197.235733 13.175392 31.174255 0.101425
1290.000000 578.562195 179.972458 27.913208 68.808624 0.089276
1290.000000 568.086121 179.243942 18.318115 44.065277 0.072797
1290.000000 571.067566 177.630829 12.665771 30.253174 0.053980
1320.000000 575.269775 188.686035 28.861450 68.774811 0.959102
1320.000000 482.084167 204.294342 20.526550 48.626312 0.820850
1320.000000 475.787811 180.552795 28.907654 71.336395 0.486620
1320.000000 563.986877 176.963287 21.543213 50.422028 0.393934
1320.000000 614.387878 176.981964 21.865845 55.760681 0.213311
1320.000000 567.417358 175.506256 13.327515 31.468689 0.204906
1320.000000 478.979828 176.935349 14.586365 34.869385 0.196791
1320.000000 558.715393 173.611267 14.386475 35.740143 0.133526
1320.000000 31.289631 177.836685 17.813377 42.424164 0.105298
1320.000000 401.465240 183.345474 12.400452 32.903137 0.085772
1320.000000 115.622704 190.447220 10.912521 27.227295 0.085145
1320.000000 53.067352 196.248611 12.446014 30.480774 0.075229
1320.000000 619.001099 186.880295 12.797119 28.309479 0.073818
1320.000000 614.849976 191.622559 13.383057 29.093414 0.066125
1320.000000 571.777649 186.819214 17.163208 40.912598 0.063412
1320.000000 577.278870 190.522079 19.718750 40.989594 0.059962
1320.000000 80.839279 192.272095 12.427444 31.079102 0.053887
1320.000000 480.896454 187.348923 19.878662 47.758301 0.053650
1320.000000 487.117859 204.863998 14.814514 33.047943 0.052283
1320.000000 443.338806 186.651459 12.619751 27.837585 0.050914
1350.000000 498.339325 180.343323 32.541290 83.533081 0.957406
1350.000000 323.399139 160.184402 38.797058 94.309387 0.872012
1350.000000 596.471069 173.467865 15.724976 36.089050 0.530355
1350.000000 110.075684 189.006638 13.898010 35.265594 0.428512
1350.000000 30.483236 192.230652 13.708639 36.341064 0.313983
1350.000000 92.020294 192.551056 12.939377 33.245850 0.292748
1350.000000 101.077667 197.705154 13.170547 32.035248 0.277125
1350.000000 544.431519 185.338104 13.372803 31.054291 0.231255
1350.000000 501.629425 181.800613 22.635529 53.485657 0.227562
1350.000000 95.835587 194.183731 14.423889 34.821136 0.180113
1350.000000 591.455811 171.077621 22.154419 51.834412 0.161995
1350.000000 538.411865 188.816437 12.522583 27.076233 0.159517
1350.000000 405.808014 178.751724 11.535156 28.505951 0.151161
1350.000000 57.850784 191.621979 13.250641 33.709717 0.146138
1350.000000 98.568092 186.170944 12.569519 31.305450 0.134255
1350.000000 559.394836 177.903839 19.557129 45.937012 0.132885
1350.000000 502.352142 180.476212 16.387421 37.272125 0.111769
1350.000000 106.382111 194.535080 13.128784 33.448669 0.093937
1350.000000 107.411453 183.787170 13.272858 32.462555 0.089629
1350.000000 103.351730 178.309143 19.989960 47.647522 0.081131
1350.000000 604.816040 175.622955 13.104614 28.823975 0.078125
1350.000000 503.002869 177.226135 12.732666 28.054749 0.074895
1350.000000 36.535141 198.632462 12.821655 31.847961 0.064238
1350.000000 18.713634 190.997955 14.795498 35.945770 0.057434
1380.000000 85.666718 152.298813 45.532669 111.508865 0.980645
1380.000000 318.413391 163.470886 47.301819 107.116364 0.954556
1380.000000 607.877258 165.926025 25.020142 62.583527 0.900792
1380.000000 47.213135 174.436707 21.691582 55.094971 0.750672
1380.000000 9.705117 184.208206 16.301430 42.037689 0.413734
1380.000000 64.293304 177.366486 16.689011 45.558807 0.394992
1380.000000 507.141113 177.756378 12.116699 30.912201 0.279658
1380.000000 567.064209 184.542633 12.140381 27.650360 0.243688
1380.000000 56.732567 182.923462 17.298111 42.981445 0.226246
1380.000000 54.831490 174.819580 14.095253 34.223328 0.203325
1380.000000 68.384193 176.649445 12.651718 31.154785 0.180580
1380.000000 0.000000 182.640900 9.781021 41.145111 0.175161
1380.000000 39.280788 189.388580 14.634232 35.319611 0.159845
1380.000000 50.748413 177.952560 14.831100 38.035370 0.154093
1380.000000 609.723328 162.241959 19.177734 44.487305 0.145989
1380.000000 626.681519 168.172028 13.208008 34.039185 0.143371
1380.000000 11.589582 182.699493 11.519714 30.515411 0.112170
1380.000000 73.969261 183.459381 14.214233 35.957977 0.103819
1380.000000 331.639984 160.290970 19.018982 43.748535 0.083759
1380.000000 414.907562 175.929169 12.508423 33.666626 0.079662
1380.000000 465.124878 178.329346 13.845337 33.527252 0.075422
1380.000000 594.892822 181.145157 21.165527 52.881775 0.075017
1380.000000 1.639991 185.593491 12.853590 31.912872 0.073843
1380.000000 62.890987 177.219330 12.529804 29.335419 0.072903
1380.000000 43.937828 183.516479 11.545494 27.354492 0.068844
1380.000000 418.296295 176.315430 14.566528 37.078949 0.065529
1380.000000 613.173462 164.548813 12.538208 29.690460 0.058757
1380.000000 43.476242 182.988693 17.561783 43.759949 0.057549
1380.000000 48.427444 178.682693 12.332779 29.702209 0.055438
1380.000000 623.551514 169.393005 16.379272 70.061127 0.050047
1410.000000 15.211487 150.599701 56.152275 139.947144 0.983326
1410.000000 11.800718 180.276489 19.341728 45.399048 0.433431
1410.000000 513.931396 180.101883 12.308472 29.705231 0.257978
1410.000000 0.128036 189.547623 15.417694 40.371124 0.217136
1410.000000 87.641365 169.492126 14.494644 35.776611 0.215079
1410.000000 580.588562 186.564117 11.817261 27.099152 0.209646
1410.000000 474.165344 179.572083 11.539307 29.513550 0.163135
1410.000000 57.831451 170.717896 22.554443 55.092682 0.162051
1410.000000 63.708889 175.323822 15.081371 36.940155 0.113921
1410.000000 5.065738 187.910599 20.244030 47.808685 0.092686
1410.000000 44.514214 170.583939 14.832611 35.685486 0.068365
1410.000000 575.825012 182.436188 13.885620 33.830933 0.062007
1410.000000 42.520134 177.816956 17.500893 46.853790 0.060265
1410.000000 59.685013 173.147507 13.463760 32.659393 0.054308
1440.000000 78.691895 169.677002 13.714249 34.313873 0.289819
1440.000000 52.445503 182.867920 13.628189 32.299225 0.114890
1440.000000 13.209658 182.105637 13.017757 29.910400 0.111905
1440.000000 49.394257 177.882004 13.187538 33.232147 0.097192
1440.000000 420.303192 173.319077 10.575867 27.254578 0.053292
1470.000000 485.464478 182.904449 15.148010 34.614502 0.242341
1470.000000 30.709282 181.004044 15.725082 35.363739 0.161364
1500.000000 51.151722 179.118622 13.836864 34.600220 0.223415
1500.000000 494.688995 184.891144 17.705353 39.232178 0.154158
1500.000000 580.910522 117.697128 12.081421 29.604187 0.096068
1500.000000 25.280479 192.190140 11.726353 26.722473 0.065308
1500.000000 156.545151 191.468887 11.537994 28.870453 0.062480
1500.000000 7.465490 190.182159 15.133785 36.050720 0.056663
1530.000000 27.559177 181.194916 15.765106 35.902496 0.488175
1530.000000 83.353981 197.696045 15.772110 38.621155 0.348643
1530.000000 23.972103 177.286118 22.747566 54.700317 0.167418
1530.000000 6.203591 150.001221 13.632551 33.380585 0.101057
1530.000000 2.175241 150.881897 17.755405 53.321411 0.095207
1530.000000 0.000000 150.835938 12.602772 69.101685 0.085700
1530.000000 1.332928 150.352386 11.069481 33.499756 0.051698
1560.000000 60.572124 196.901382 12.382832 31.130432 0.278342
1560.000000 464.047119 192.103363 14.206848 32.248871 0.217751
1560.000000 516.554932 179.194092 17.633423 42.025726 0.201927
1560.000000 477.446136 181.476669 20.077148 45.006226 0.103498
1560.000000 46.615955 192.333450 13.489639 33.028107 0.093118
1560.000000 597.382019 179.894653 15.179565 37.364960 0.086334
1560.000000 0.000000 178.212982 10.638400 46.102722 0.078726
1560.000000 531.260803 176.604187 14.679810 36.722687 0.068911
1560.000000 513.891052 177.296722 26.798340 62.992493 0.053254
1590.000000 619.245300 172.091064 20.333374 66.958496 0.357765
1590.000000 594.792419 165.432938 24.379639 56.322327 0.194001
1590.000000 610.956421 165.167496 16.782593 42.463928 0.190371
1590.000000 621.285156 172.547745 15.560791 41.180481 0.165959
1590.000000 609.453186 177.490784 14.736084 33.877686 0.109738
1590.000000 448.075012 180.506897 14.652893 35.942200 0.091418
1590.000000 601.411926 167.124710 15.306152 33.719482 0.086887
1590.000000 582.346375 184.241089 15.221680 35.390594 0.065182
1590.000000 209.900650 188.971008 11.338654 28.974579 0.053923
1590.000000 516.147400 188.501343 14.339844 33.861298 0.053189
1620.000000 466.543732 177.427536 15.709473 36.692993 0.227073
1620.000000 70.569305 191.425980 12.821732 32.505249 0.143663
1620.000000 624.037354 191.566956 13.306274 39.870758 0.102954
1620.000000 523.613647 183.545456 11.961060 32.026123 0.074361
1620.000000 484.743469 175.125519 16.301819 41.332367 0.072911
1620.000000 607.804199 190.058624 19.542847 47.141113 0.070298
1620.000000 621.612671 183.508179 18.133057 73.034607 0.053733
1650.000000 453.726227 181.065720 14.144165 36.031189 0.203243
1650.000000 50.189552 189.747589 11.924759 28.679443 0.156304
1650.000000 1.667916 203.107605 14.155359 36.202850 0.142627
1650.000000 604.742798 185.902481 15.673950 37.002502 0.129441
1650.000000 450.859985 184.475983 12.328125 30.240204 0.125720
1650.000000 432.383423 187.806976 11.737305 30.513336 0.104371
1650.000000 514.768311 173.345688 17.711670 42.762817 0.077904
1650.000000 479.385284 192.315475 17.080261 39.391815 0.075018
1650.000000 505.337433 173.018677 18.789032 44.555908 0.073501
1650.000000 501.342590 169.894150 28.940186 61.351440 0.072761
1680.000000 552.901062 176.903534 17.515015 44.688812 0.171115
1680.000000 496.856476 179.507050 16.533051 42.867218 0.147400
1680.000000 588.676208 182.258667 12.263550 28.267456 0.142244
1680.000000 586.292664 185.383987 16.854370 40.819519 0.125709
1680.000000 581.814636 184.556915 24.923706 56.535858 0.077774
1680.000000 550.750122 174.768555 25.618530 64.342926 0.057428
1680.000000 111.935303 191.194763 11.194061 27.931610 0.054273
1710.000000 552.782959 179.090302 21.596069 49.259521 0.665268
1710.000000 576.081482 194.613724 14.802246 33.925476 0.507727
1710.000000 523.049927 190.861847 10.700073 26.364990 0.295908
1710.000000 478.668304 192.465500 12.909729 30.944794 0.226020
1710.000000 604.457092 208.221024 12.930542 29.205505 0.188163
1710.000000 461.806976 189.922546 13.555115 33.334045 0.176865
1710.000000 556.777405 195.482773 13.768677 32.482025 0.137718
1710.000000 546.820374 190.377197 10.609497 29.042511 0.123413
1710.000000 79.362434 196.825287 11.570053 31.744415 0.120916
1710.000000 166.873489 191.484360 8.821167 23.174988 0.107054
1710.000000 488.417358 199.801605 9.153809 24.976837 0.100440
1710.000000 555.320190 179.317810 14.785767 31.002869 0.093993
1710.000000 486.488983 186.585815 13.258240 35.936646 0.087495
1710.000000 571.327942 194.407669 14.607178 33.456421 0.087210
1710.000000 60.854961 193.096985 12.544758 29.471252 0.082718
1710.000000 550.290039 191.327560 12.379150 31.121277 0.076318
1710.000000 522.378601 192.121231 14.899536 38.698517 0.074186
1710.000000 614.899536 207.300873 11.218140 26.313904 0.072403
1710.000000 452.181915 192.347366 12.495422 32.056091 0.063622
1710.000000 482.648468 184.043732 13.326782 30.840759 0.058998
1710.000000 501.058472 187.677246 12.321533 27.590363 0.057111
1710.000000 86.487114 198.728531 11.003525 27.464874 0.053197
1710.000000 94.359909 204.627289 9.355072 23.967651 0.050973
1740.000000 491.462830 191.008713 12.905823 30.668427 0.334162
1740.000000 135.917053 177.300964 13.395782 33.071350 0.155351
1740.000000 550.530273 200.147049 15.967285 35.200928 0.142006
1740.000000 99.025803 168.889343 22.757309 53.993408 0.128448
1740.000000 608.943420 178.971985 19.125366 50.971039 0.121446
1740.000000 509.765045 190.182373 10.792633 28.640411 0.109057
1740.000000 130.355469 184.340332 12.038422 30.095917 0.106207
1740.000000 94.758194 180.465942 13.282364 31.605957 0.100176
1740.000000 445.610992 202.902649 13.089722 31.986206 0.098096
1740.000000 621.230042 176.087204 18.769958 79.904724 0.087442
1740.000000 419.333832 191.206146 10.263672 22.814362 0.073565
1740.000000 625.417175 183.805954 13.477173 46.689453 0.073135
1740.000000 219.081177 180.723755 11.009491 26.388885 0.067343
1740.000000 106.844299 169.037674 14.417740 33.732208 0.062356
1740.000000 475.598755 188.550049 13.521179 34.059143 0.057512
1770.000000 140.115021 174.257004 13.190857 33.697510 0.461540
1770.000000 593.329590 174.711578 17.047607 41.822357 0.443684
1770.000000 86.782875 188.071716 13.899567 33.958588 0.440354
1770.000000 588.162354 176.175461 16.016235 38.094482 0.288291
1770.000000 79.541039 185.265579 13.452301 33.965424 0.199831
1770.000000 494.134735 186.702942 13.412415 32.110138 0.193800
1770.000000 567.590027 173.565125 14.938599 34.541046 0.185117
1770.000000 94.054436 178.047256 12.700439 30.016266 0.162564
1770.000000 102.786621 187.137070 14.352890 34.723938 0.149212
1770.000000 112.641747 186.217712 14.806595 34.909607 0.131306
1770.000000 121.787338 178.303818 14.192841 35.645447 0.126338
1770.000000 438.533203 187.622467 12.961975 31.457001 0.112488
1770.000000 126.628792 180.063187 16.303734 34.913788 0.097810
1770.000000 565.844543 174.808685 19.681763 50.776459 0.097524
1770.000000 198.035049 169.336899 14.204498 33.238586 0.096570
1770.000000 211.185699 167.878738 15.648682 38.979645 0.095883
1770.000000 27.157381 205.272217 13.891424 34.808746 0.092307
1770.000000 584.527771 177.108276 14.267334 31.133118 0.089462
1770.000000 133.269958 179.433533 15.526337 38.307648 0.089200
1770.000000 584.419067 173.341660 25.065430 58.134247 0.087379
1770.000000 74.898376 182.860168 13.078384 30.694122 0.076352
1770.000000 15.673217 191.775269 15.216416 36.034271 0.075355
1770.000000 84.983574 184.779144 13.164032 27.173981 0.075322
1770.000000 455.476440 184.757080 12.858521 31.404419 0.072194
1770.000000 80.137390 182.661926 19.127701 46.217804 0.065471
1770.000000 90.888245 189.507721 15.444153 32.348816 0.050328
1800.000000 93.259460 181.331573 16.154297 41.691010 0.793761
1800.000000 34.748146 188.157562 13.951721 34.407959 0.703471
1800.000000 50.020485 180.810181 12.922699 30.121429 0.689508
1800.000000 14.274302 192.118668 15.040428 34.036438 0.685014
1800.000000 559.640076 174.878799 15.811768 39.482666 0.500086
1800.000000 470.603271 185.622955 14.387756 29.890625 0.356718
1800.000000 206.609497 166.121063 15.191925 36.708038 0.354589
1800.000000 57.411625 181.460266 13.718128 33.225372 0.310461
1800.000000 46.362312 177.202591 19.361519 45.779755 0.297052
1800.000000 0.253535 171.937027 20.005898 65.064117 0.242967
1800.000000 86.820267 181.275131 13.802505 32.722534 0.159025
1800.000000 6.031728 206.381683 14.483103 34.318726 0.152610
1800.000000 211.462936 166.989044 12.626953 30.271729 0.151102
1800.000000 458.668610 180.828369 15.540710 36.103577 0.149572
1800.000000 80.077682 190.500183 13.190033 34.284851 0.139550
1800.000000 7.342403 182.077499 15.974033 37.465851 0.130467
1800.000000 189.563629 153.216125 22.003906 55.283630 0.122338
1800.000000 0.202043 169.988464 15.567970 39.225342 0.120187
1800.000000 61.356628 183.707687 15.139923 35.852722 0.116650
1800.000000 158.681427 126.407402 31.660522 82.818459 0.106919
1800.000000 31.517292 185.183456 21.239410 45.543610 0.094379
1800.000000 471.641968 186.445450 18.877197 41.492401 0.082192
1800.000000 465.707428 185.731369 17.205200 40.009766 0.081818
1800.000000 0.083957 178.786530 12.516357 49.969391 0.080426
1800.000000 453.513031 185.576279 17.464600 39.537598 0.072928
1800.000000 200.336578 166.317368 15.928619 34.916260 0.065300
1800.000000 175.326782 162.286163 19.760925 46.715820 0.060483
1800.000000 70.808365 174.714798 13.049896 31.207367 0.058441
1800.000000 32.672581 185.283447 13.045219 28.045319 0.053775
1800.000000 616.387207 134.950607 23.608887 93.123718 0.053609
1830.000000 11.184579 168.755249 19.758724 51.619324 0.710524
1830.000000 407.794525 160.323364 18.903503 45.436218 0.698948
1830.000000 467.424835 182.644073 21.969971 49.256287 0.643409
1830.000000 40.133820 185.966782 16.323845 40.402924 0.549306
1830.000000 473.041504 183.043976 13.959717 33.059235 0.328565
1830.000000 28.496513 180.232544 15.282852 35.454529 0.263456
1830.000000 414.233612 166.867752 15.598267 36.794006 0.176713
1830.000000 22.348007 179.751663 15.065662 35.400787 0.151701
1830.000000 69.586014 186.507095 13.634964 34.281647 0.139534
1830.000000 31.146381 180.102783 20.138573 46.213013 0.137910
1830.000000 479.007660 179.821625 17.163696 40.594849 0.132200
1830.000000 493.387360 180.603989 12.988037 31.271790 0.128490
1830.000000 619.237122 176.353256 13.972412 36.074646 0.126129
1830.000000 477.877380 183.366089 11.985291 27.734863 0.111104
1830.000000 605.493896 169.268524 17.848755 43.187134 0.103343
1830.000000 0.226367 154.402527 17.697418 70.971375 0.095787
1830.000000 594.300110 161.588943 26.199829 60.911957 0.094156
1830.000000 628.072083 161.636398 11.927917 43.342163 0.093722
1830.000000 524.380676 178.750977 16.642334 40.673920 0.089606
1830.000000 64.521454 180.172791 13.906738 34.032135 0.077832
1830.000000 417.896912 163.363022 12.950623 29.496643 0.076105
1830.000000 464.940002 184.408508 17.081482 37.656464 0.075392
1830.000000 14.144484 163.975525 14.967224 37.112701 0.058347
1830.000000 87.395424 182.628723 12.813461 30.100830 0.057301
1830.000000 480.542786 177.486710 12.770569 28.126648 0.054766
1830.000000 510.998566 181.038086 17.947113 40.086365 0.051565
