30.000000 428.785370 179.982193 19.189270 50.370880 0.760324
30.000000 450.820557 183.536987 14.862122 36.779724 0.494086
30.000000 383.423065 177.445602 15.381958 37.284668 0.212697
30.000000 499.150635 180.398361 14.786804 35.613678 0.162430
30.000000 464.704315 167.885651 25.283081 62.531921 0.159544
30.000000 515.642029 176.744812 21.267212 53.069672 0.159118
30.000000 506.803467 183.160385 17.700073 42.372986 0.150181
30.000000 496.578552 178.363312 22.075256 51.914978 0.136154
30.000000 445.546234 182.193832 13.429504 34.607422 0.127349
30.000000 568.830750 180.021805 20.299927 45.708435 0.102174
30.000000 433.912781 182.535950 12.182861 31.726044 0.088195
30.000000 426.836548 183.200165 12.721619 32.238495 0.070774
30.000000 406.307709 168.737854 12.616089 31.279877 0.068147
30.000000 474.210632 190.955307 18.603577 44.328186 0.062767
30.000000 517.043762 175.957703 14.746948 35.900482 0.058649
30.000000 504.922394 182.292130 12.751862 31.828705 0.058522
30.000000 380.156281 184.066223 12.701355 30.504974 0.052514
30.000000 435.315308 188.101517 15.698486 40.085266 0.051499
60.000000 461.901642 174.980530 23.819336 60.022491 0.389667
60.000000 475.369385 181.149445 18.317871 43.325653 0.267934
60.000000 453.618378 163.020172 23.648804 59.681763 0.250644
60.000000 144.534744 206.103470 12.953796 33.263611 0.221023
60.000000 482.551819 175.201355 18.778931 49.697937 0.164362
60.000000 174.476562 185.853622 14.506317 36.887451 0.149118
60.000000 103.944984 195.393829 16.150467 38.689789 0.135231
60.000000 167.031342 196.453812 12.440704 28.242645 0.103435
60.000000 447.805023 165.655151 18.514526 45.240784 0.066389
90.000000 95.935730 181.369614 17.950073 43.537537 0.489960
90.000000 45.484421 196.630234 13.525780 32.538483 0.297888
90.000000 25.673899 212.691742 12.671606 31.216339 0.188738
90.000000 14.571295 210.035034 12.427773 30.038422 0.138165
90.000000 154.600235 200.320221 11.125610 25.871368 0.132452
90.000000 113.110550 194.930420 13.264267 33.620422 0.120164
90.000000 621.941833 135.210373 14.865234 38.578552 0.112414
90.000000 512.880615 177.489197 19.595825 49.816101 0.103311
90.000000 601.922974 151.578995 12.428467 29.059448 0.097505
90.000000 117.016190 192.777374 14.128632 34.641327 0.097480
90.000000 128.518997 202.682343 12.361267 27.198334 0.096999
90.000000 41.434998 195.506577 19.438087 46.277100 0.073062
90.000000 558.959839 149.711212 30.115723 83.696472 0.069585
90.000000 377.044556 182.300308 13.556763 32.908142 0.069392
90.000000 406.330872 186.337097 13.790344 32.564056 0.064634
120.000000 604.552795 186.035431 22.965454 56.618164 0.843070
120.000000 616.882629 173.016113 23.092651 64.813538 0.606649
120.000000 53.231358 168.085052 24.965435 62.178131 0.580142
120.000000 58.147823 190.330017 17.378605 39.801697 0.547219
120.000000 65.557884 191.341522 15.685822 38.848145 0.544638
120.000000 492.542694 202.745636 11.516785 28.829163 0.241618
120.000000 589.856140 162.909882 27.205811 71.519318 0.118821
120.000000 590.413269 193.887589 13.853882 26.703278 0.103433
120.000000 376.724823 178.028458 14.689697 37.270386 0.096289
120.000000 604.623718 192.898819 15.207886 41.599884 0.091427
120.000000 512.848328 183.442596 18.830444 42.162140 0.090314
120.000000 595.229431 190.850861 19.684448 45.588776 0.079415
120.000000 123.703400 185.985321 10.848022 26.046448 0.075309
120.000000 609.150146 189.939667 16.187622 39.922668 0.060500
120.000000 556.058594 208.327469 12.305664 29.092438 0.058700
120.000000 592.372375 166.885406 15.859009 32.539368 0.056063
120.000000 59.442596 169.117218 17.723740 43.542969 0.050394
150.000000 484.974518 177.662628 15.080444 35.033722 0.840456
150.000000 584.223877 183.225891 18.584473 45.912811 0.710751
150.000000 563.492859 184.421265 18.761963 43.942139 0.664201
150.000000 578.753784 186.668823 17.751587 42.368164 0.648474
150.000000 8.348207 209.080002 12.448586 30.069641 0.357253
150.000000 16.138254 188.540771 21.858953 50.472595 0.337504
150.000000 20.018967 208.442352 12.921391 29.882477 0.330915
150.000000 575.066650 195.225952 14.776489 35.309540 0.162671
150.000000 482.029846 175.602661 13.035522 32.065369 0.156954
150.000000 25.949625 197.466049 13.354277 28.764038 0.108355
150.000000 590.243591 180.507568 21.202026 57.233551 0.098924
150.000000 569.639954 182.100677 12.619507 29.482513 0.089844
150.000000 439.556549 168.723007 15.310974 37.731842 0.081952
150.000000 117.547394 197.128662 11.936752 29.924683 0.080765
150.000000 589.549133 186.655365 11.750000 29.619263 0.074946
150.000000 111.612862 192.943832 13.522247 32.741943 0.074507
150.000000 498.478088 173.594421 14.812866 36.276398 0.064397
150.000000 13.783790 208.175323 13.511857 30.578308 0.061181
150.000000 441.151703 154.831024 17.764465 47.537354 0.060495
180.000000 517.877258 172.860489 18.536987 43.459045 0.952484
180.000000 624.435974 168.855042 14.702637 36.356873 0.196235
180.000000 86.210594 181.418076 16.969620 36.949860 0.103628
180.000000 514.215088 176.229691 14.035278 32.500854 0.083706
180.000000 322.730316 183.586487 14.255859 36.040131 0.063955
180.000000 75.107651 189.409775 15.897995 38.530487 0.063174
180.000000 531.651306 185.546860 12.454102 29.922638 0.056358
210.000000 552.180725 165.457565 23.300171 53.592285 0.779865
210.000000 522.353760 162.630676 21.652344 48.798279 0.391916
210.000000 553.540100 159.955338 14.536255 32.387634 0.117855
210.000000 547.331787 170.014130 15.842041 33.547943 0.104689
210.000000 20.745808 208.049454 11.826740 25.733398 0.103916
210.000000 11.647707 207.585312 10.979321 26.191376 0.101051
210.000000 525.096375 164.480011 15.661621 32.309723 0.068098
210.000000 45.123199 197.073730 13.186691 32.471283 0.062344
240.000000 420.298706 176.966003 13.731934 34.055115 0.345019
240.000000 0.258141 181.199066 13.162580 38.079559 0.121788
240.000000 449.606018 177.949921 14.276978 35.181152 0.058894
240.000000 399.945862 175.546402 13.741211 36.156403 0.054540
240.000000 391.043427 173.995865 14.940308 38.082520 0.052564
270.000000 439.384979 188.258881 17.954163 43.530487 0.108571
270.000000 409.403107 189.502609 13.888367 34.976410 0.102697
270.000000 417.510223 175.783737 15.339844 38.198425 0.068621
270.000000 458.168488 189.832657 17.578491 41.528412 0.067334
270.000000 12.416695 197.284546 11.754040 27.482971 0.056773
300.000000 547.707336 204.197922 19.179688 45.465454 0.454780
300.000000 509.096985 185.743469 23.459351 62.651337 0.431758
300.000000 509.229065 184.576019 17.997070 42.470642 0.242677
300.000000 379.429260 184.562973 16.926941 40.266632 0.206198
300.000000 496.106689 181.338486 15.994812 35.926331 0.204610
300.000000 524.374451 203.617447 19.299927 47.546509 0.192602
300.000000 386.075470 183.565842 12.736389 31.242676 0.147203
300.000000 500.680481 178.584656 24.293091 59.793396 0.138885
300.000000 540.678955 193.334915 22.973389 59.857056 0.133607
300.000000 539.513428 192.455429 17.077271 42.766266 0.124285
300.000000 1.857445 194.688614 13.861504 36.585114 0.116507
300.000000 467.456390 182.831406 14.117981 32.442688 0.115097
300.000000 512.982239 184.466797 11.411133 27.084961 0.103352
300.000000 36.360626 199.426712 12.383873 26.536285 0.072479
300.000000 461.858215 179.301193 22.133240 50.346466 0.056821
300.000000 491.371674 180.084793 25.680023 50.139069 0.055429
300.000000 503.447052 181.684830 18.228241 38.489655 0.050390
330.000000 519.743225 178.019211 28.046997 59.382172 0.294160
330.000000 528.186218 181.739685 17.938965 42.950073 0.218272
330.000000 571.665100 180.675476 20.720337 44.794922 0.191281
330.000000 0.861663 207.312927 12.242763 32.346283 0.146100
330.000000 575.658386 180.106079 14.810669 30.821198 0.102675
330.000000 543.326721 188.332840 17.850098 42.677124 0.058433
330.000000 514.505432 125.243507 15.447021 36.740883 0.057555
330.000000 583.993042 176.665451 26.901733 60.646545 0.057003
330.000000 535.991455 191.673279 16.912842 39.681274 0.055489
330.000000 546.779358 184.141449 12.634155 32.366608 0.052910
330.000000 541.093323 191.083862 10.812134 30.840912 0.051031
330.000000 88.913666 185.049133 14.408157 35.890839 0.050637
360.000000 521.609741 6.796000 14.283691 31.316151 0.209354
360.000000 573.758911 176.784409 15.885376 31.686462 0.122947
360.000000 84.359596 182.000183 13.596954 33.346313 0.109200
360.000000 77.920372 192.175720 17.874466 36.841522 0.106014
360.000000 526.570557 8.220042 13.932373 30.592926 0.105691
360.000000 104.528404 181.224823 14.352203 35.209198 0.085950
390.000000 0.921773 194.158539 13.667549 37.513062 0.459463
390.000000 566.828430 176.521439 14.243408 34.317322 0.151179
390.000000 19.170715 205.071579 14.704807 32.597626 0.105255
390.000000 561.997070 180.069504 17.966675 41.816132 0.068814
420.000000 619.288330 181.582214 15.137329 34.895691 0.336969
420.000000 134.222000 181.654633 12.814545 30.875336 0.168464
420.000000 615.915527 179.542053 22.523926 49.608459 0.115252
420.000000 111.433388 198.419540 11.619629 30.025177 0.080397
420.000000 582.645996 198.198792 13.151978 31.777222 0.065407
450.000000 523.468689 190.320801 18.005249 44.265564 0.223999
450.000000 509.771027 183.698196 17.295013 41.750092 0.190294
450.000000 0.000000 179.608261 16.157284 58.756927 0.095202
450.000000 76.639748 201.546951 16.025009 33.292145 0.082286
450.000000 130.940308 200.522034 10.093903 24.925079 0.066346
450.000000 150.849976 195.517151 10.723541 26.797089 0.065697
480.000000 456.869751 188.974426 11.855408 29.220612 0.719215
480.000000 452.482422 189.299789 10.365906 28.798004 0.092405
480.000000 494.668915 177.702545 21.706024 54.914276 0.091683
480.000000 47.120979 196.042694 13.331177 33.380554 0.072323
480.000000 493.006104 207.421844 10.309326 27.173218 0.068962
480.000000 527.255859 191.114609 11.543091 28.345032 0.067640
480.000000 140.133942 184.164154 12.850403 32.841797 0.065691
480.000000 219.743927 176.527557 13.898163 33.776215 0.064833
480.000000 515.425964 189.699844 14.633789 36.012604 0.058231
480.000000 6.074842 197.784576 14.109877 37.550354 0.053083
480.000000 507.713776 193.822235 10.923370 28.712799 0.053058
510.000000 508.104584 187.216110 14.990265 35.776489 0.967920
510.000000 584.230225 181.650864 20.538330 52.948578 0.377472
510.000000 548.788818 181.739136 18.543701 47.144287 0.219558
510.000000 443.550201 185.153809 12.615601 31.208832 0.166063
510.000000 15.884874 200.558456 13.443001 31.224487 0.163970
510.000000 519.115051 185.502777 10.360718 26.897888 0.153341
510.000000 463.316498 178.523346 12.583130 29.579071 0.126531
510.000000 8.504366 195.369705 13.462502 30.074860 0.116745
510.000000 457.578613 182.832108 11.440002 29.711731 0.115861
510.000000 385.818878 177.661087 10.468018 26.291992 0.114458
510.000000 139.846237 183.909348 10.885284 27.579956 0.095965
510.000000 485.570038 182.174622 12.211975 30.271240 0.089238
510.000000 594.245422 155.636948 30.657471 87.503906 0.084777
510.000000 75.608284 201.666229 11.567749 28.794159 0.080089
510.000000 436.659363 186.288513 10.313049 27.117157 0.066606
510.000000 514.504333 187.821960 10.337280 26.537384 0.064892
510.000000 548.807617 188.391464 13.101440 31.193481 0.061739
510.000000 588.036865 187.156876 12.263062 34.813995 0.057659
510.000000 198.525070 193.573914 10.859070 28.301331 0.057549
510.000000 586.718872 158.290009 28.851074 76.228546 0.055102
510.000000 96.238457 205.905731 11.553177 28.898010 0.054749
510.000000 405.470215 179.154694 10.299194 26.932983 0.050970
540.000000 568.383118 186.753632 18.747803 45.142426 0.990544
540.000000 0.000000 203.960861 15.318016 51.491882 0.256137
540.000000 539.145142 183.237411 15.352051 37.457214 0.218563
540.000000 578.718079 190.435074 12.655396 34.020142 0.194381
540.000000 38.169674 194.107376 18.312454 44.892120 0.151245
540.000000 565.238098 190.247711 10.251953 28.133881 0.116999
540.000000 541.269897 181.842285 11.283936 25.353363 0.100242
540.000000 146.436279 193.156769 12.630859 32.089630 0.086733
540.000000 42.292416 192.558563 12.523018 30.257538 0.081865
540.000000 25.347340 197.296158 12.960560 33.343079 0.056098
540.000000 552.379089 194.518616 11.812256 27.872009 0.052216
570.000000 162.156509 122.621399 18.455353 44.291504 0.292285
570.000000 538.334473 195.497818 17.234863 38.628204 0.164311
570.000000 540.733765 195.554398 11.317627 29.192871 0.115151
570.000000 482.233856 193.549042 14.643188 36.379608 0.079152
570.000000 155.576523 120.739922 29.364410 67.121468 0.073709
570.000000 171.562759 128.170990 16.423859 37.556885 0.068425
570.000000 181.933411 142.460602 18.740570 44.096283 0.066936
570.000000 566.499329 192.736420 14.529785 35.083221 0.066456
570.000000 533.236450 194.192825 11.930542 29.462128 0.059442
570.000000 595.907715 176.790756 17.402832 37.777344 0.057881
570.000000 536.811646 192.356812 11.383545 24.344513 0.052597
600.000000 0.063293 181.909866 12.382307 44.537537 0.114235
600.000000 581.696716 183.027267 17.624268 43.930969 0.080545
600.000000 595.778625 182.608688 12.390991 31.372681 0.066088
600.000000 50.808945 0.389137 16.668411 35.844986 0.065652
600.000000 28.297419 178.277451 16.378088 37.481934 0.052572
600.000000 151.352295 181.068863 13.984375 33.425201 0.051614
630.000000 55.601494 170.396866 13.332108 34.540436 0.487935
630.000000 165.265320 178.369812 15.236603 34.155212 0.336453
630.000000 585.794617 178.697144 12.790283 33.029968 0.303294
630.000000 622.263550 169.424042 15.880249 47.641693 0.179628
630.000000 142.002579 179.657883 13.200653 33.433929 0.160438
630.000000 603.002197 176.265686 15.681396 41.246063 0.125834
630.000000 146.893539 183.951492 14.926575 33.542175 0.093833
630.000000 595.976929 181.229980 12.697998 31.242310 0.090906
630.000000 210.612274 178.376968 11.579071 28.342285 0.079059
630.000000 157.977692 182.130020 13.740356 33.452057 0.068991
630.000000 599.109741 180.046158 14.404785 38.019928 0.052590
630.000000 136.453262 181.469269 12.900421 29.850769 0.050155
660.000000 508.778229 187.610458 14.077240 27.866821 0.101218
660.000000 22.564096 92.737778 13.759161 34.409393 0.086777
660.000000 200.197235 171.709976 12.581787 31.161407 0.066225
660.000000 94.404251 181.762100 13.756516 34.961884 0.059008
660.000000 126.057800 162.313690 20.873291 53.834625 0.055911
660.000000 203.700958 169.245178 15.386169 35.493469 0.051363
690.000000 17.966364 169.382141 13.924862 34.662659 0.450405
690.000000 495.691528 187.889740 15.938049 36.243774 0.346843
690.000000 49.072823 181.960342 13.049362 30.290222 0.329343
690.000000 43.655563 182.127182 16.457024 37.899445 0.263543
690.000000 498.035248 188.087097 10.397095 25.993744 0.160728
690.000000 14.481158 166.960007 19.640823 51.671356 0.142980
690.000000 555.754578 193.287277 13.982178 29.188660 0.116991
690.000000 63.666908 179.853287 13.154175 32.015900 0.113730
690.000000 34.806686 171.379333 16.279877 39.812561 0.084430
690.000000 36.701485 169.385498 22.659790 54.609253 0.075981
690.000000 546.890442 132.067398 12.103638 29.795074 0.074783
690.000000 494.787781 189.484161 11.008118 27.966248 0.074390
690.000000 624.560303 198.896088 13.388062 31.688568 0.072923
690.000000 52.570377 183.190048 17.445507 40.521149 0.065154
720.000000 520.223083 188.648163 20.892822 52.583252 0.260623
720.000000 530.362671 188.756332 25.547607 55.500092 0.200368
720.000000 524.246338 188.453827 14.571899 37.295349 0.199946
720.000000 536.226196 187.282379 13.384033 31.053406 0.128827
720.000000 95.795692 179.392822 13.051651 31.936035 0.126426
720.000000 542.893677 190.679626 17.265747 40.057343 0.067417
720.000000 532.404480 190.127365 14.487183 34.287903 0.052565
750.000000 554.106384 193.895279 20.476685 48.035614 0.428064
750.000000 29.711105 186.676071 14.662460 35.593842 0.334150
750.000000 100.520393 179.166489 12.737610 30.700073 0.203778
750.000000 619.572571 201.292664 19.177368 46.372284 0.183225
750.000000 627.974731 204.617783 11.992310 42.154083 0.172435
750.000000 0.000000 186.330917 10.345469 42.581848 0.137951
750.000000 102.557571 180.728683 15.626831 35.838379 0.126216
750.000000 109.864777 176.761261 12.447235 28.970001 0.100628
750.000000 625.797424 202.355469 11.301636 31.343353 0.089552
750.000000 389.600342 169.796249 17.716919 44.027710 0.077204
750.000000 23.590462 185.759186 18.096466 44.799988 0.069534
750.000000 620.734924 204.139740 12.137451 30.436768 0.066087
750.000000 560.657593 193.791809 11.774780 26.997864 0.058370
780.000000 86.213921 183.102264 12.555161 31.914490 0.181942
780.000000 13.903988 179.518585 12.719067 30.974731 0.146432
780.000000 32.971874 175.523453 12.424561 32.276398 0.136040
780.000000 0.000000 181.728561 9.699080 42.517578 0.101114
780.000000 41.685043 179.762665 12.279137 30.886688 0.088036
780.000000 16.303270 187.390594 13.055614 31.903839 0.086695
780.000000 1.728441 186.866638 13.127981 34.675781 0.085764
780.000000 105.081917 179.483475 13.994705 33.979492 0.081909
780.000000 52.039543 164.617950 14.525482 35.253479 0.063249
780.000000 617.040955 152.947174 19.618652 49.572571 0.054849
810.000000 0.958128 191.940704 17.952868 35.362854 0.670712
810.000000 33.948597 186.725052 14.700378 35.158386 0.417115
810.000000 339.809174 175.811127 11.069458 25.770020 0.258222
810.000000 11.962296 19.109415 18.297672 40.900291 0.221125
810.000000 51.367249 168.458588 14.229904 35.751801 0.148773
810.000000 70.225204 162.760925 18.700531 43.360046 0.132673
810.000000 29.586548 189.971649 15.529663 38.116730 0.102196
810.000000 405.426453 144.430878 10.357483 28.100830 0.072170
810.000000 79.781059 160.048096 17.426208 41.574951 0.069529
810.000000 345.269348 176.590515 9.915039 24.904114 0.060319
810.000000 33.034843 185.735214 11.159126 25.837677 0.058735
810.000000 51.058022 166.163055 21.443375 53.401276 0.051005
810.000000 44.940605 167.889923 19.777382 51.469849 0.050573
840.000000 68.381943 156.794098 17.230682 42.580017 0.251269
840.000000 391.274750 165.933533 13.742004 34.264740 0.207524
840.000000 360.991852 164.635727 10.646729 28.827850 0.141142
840.000000 401.908264 160.246475 13.456421 33.675903 0.113488
840.000000 371.787323 170.748611 11.616821 29.507660 0.097306
840.000000 365.304810 167.647079 10.563354 27.732330 0.090091
840.000000 422.617126 133.118103 18.030579 41.317688 0.055537
840.000000 374.914551 164.879837 12.963867 31.330383 0.054248
840.000000 393.586700 162.579865 10.917847 26.322449 0.050556
870.000000 513.447937 166.216278 15.430176 36.042206 0.360757
870.000000 182.225082 151.343063 14.580444 35.828674 0.295905
870.000000 127.450119 158.941727 15.079803 36.433075 0.161361
870.000000 343.176971 168.940643 10.884949 28.649078 0.126246
870.000000 431.673401 124.798607 24.826355 58.628914 0.109343
870.000000 113.251457 169.924133 13.277222 33.770508 0.079965
870.000000 122.339638 156.496841 23.642448 57.578705 0.068709
870.000000 0.000000 144.099075 36.120895 103.636993 0.064742
900.000000 494.036530 153.139389 20.161835 46.108490 0.361079
900.000000 538.670898 164.033630 16.381714 40.373505 0.312676
900.000000 584.198853 152.944672 18.370483 44.841217 0.149029
900.000000 618.334778 146.278793 18.968018 51.960480 0.147733
900.000000 551.164001 167.725616 15.119995 35.638580 0.114521
900.000000 85.900551 152.886826 16.845413 39.957336 0.106660
900.000000 545.671265 168.922684 12.298828 31.758240 0.090039
900.000000 556.225647 163.666687 16.749756 41.751831 0.088770
900.000000 392.103638 162.950928 12.697266 30.400909 0.080663
900.000000 422.505066 168.668030 9.751953 24.888245 0.076868
900.000000 574.207031 164.909119 13.216431 34.973663 0.073900
900.000000 586.799072 153.372314 13.564941 29.989288 0.066263
930.000000 94.594254 168.819504 13.387650 31.020844 0.252385
930.000000 444.332153 160.362549 12.532898 31.287872 0.083804
930.000000 470.825562 178.846451 11.836243 31.330902 0.078966
930.000000 189.551544 167.906326 11.622223 29.380219 0.075941
930.000000 184.165726 164.201355 11.283691 29.508453 0.061759
930.000000 418.597168 160.341705 10.908997 28.078735 0.058179
960.000000 620.073120 160.148239 17.699829 44.980255 0.481169
960.000000 610.217041 167.966858 16.454712 40.816437 0.278659
960.000000 483.092346 179.558914 12.310303 28.832123 0.264668
960.000000 502.097412 179.874100 10.333130 24.822876 0.230157
960.000000 225.856659 165.189285 11.708923 30.107025 0.135977
960.000000 85.662086 173.076050 12.252930 31.228973 0.110399
960.000000 66.875534 153.012848 12.725433 29.567474 0.085153
960.000000 434.738586 166.505722 11.470154 29.096649 0.076759
960.000000 128.539154 159.680740 15.116882 35.315674 0.069557
960.000000 606.050415 173.095444 14.960815 36.122101 0.063650
960.000000 502.839020 180.973175 14.252045 33.975220 0.056167
990.000000 178.346710 173.022095 14.340057 33.152222 0.492653
990.000000 156.567093 180.071274 12.774200 31.120941 0.258871
990.000000 208.006195 169.020111 14.322266 35.143066 0.231931
990.000000 620.895752 170.433716 17.651123 46.333313 0.179227
990.000000 453.116211 178.165436 14.920959 35.670288 0.159499
990.000000 88.009285 181.722046 11.764771 28.063812 0.141698
990.000000 289.237457 175.885315 11.986145 28.774445 0.139437
990.000000 167.798798 184.193710 13.126526 32.611633 0.138275
990.000000 300.591400 179.397308 12.058960 28.720703 0.132721
990.000000 201.132568 157.137772 20.692657 49.361908 0.123653
990.000000 125.572800 181.438980 13.731995 32.800507 0.106955
990.000000 82.213943 182.364258 11.584839 31.016815 0.092855
990.000000 611.436707 169.146530 18.618042 48.439056 0.088695
990.000000 211.278366 163.992401 15.151123 37.146667 0.088165
990.000000 296.479980 181.604034 21.958862 48.374268 0.072634
990.000000 623.822693 174.102005 12.048462 32.918213 0.065404
990.000000 111.612305 192.819290 15.247696 34.625824 0.060578
990.000000 296.948120 183.022522 10.146667 24.353394 0.057982
990.000000 150.957947 180.512543 15.459717 36.050629 0.056701
990.000000 444.441986 176.293640 11.299805 31.593628 0.054929
990.000000 459.009521 178.722961 12.540771 30.463470 0.050625
1020.000000 187.281799 159.463776 22.470001 55.246063 0.857354
1020.000000 620.378235 177.858582 19.391968 48.817230 0.497995
1020.000000 82.529610 189.017273 11.881439 31.829407 0.419536
1020.000000 191.171127 157.694687 14.540802 37.406799 0.216517
1020.000000 149.227066 186.697220 12.712738 31.487823 0.197189
1020.000000 113.285904 189.691086 13.739594 32.238495 0.194827
1020.000000 238.946991 161.317139 13.306610 33.714081 0.190155
1020.000000 190.734283 177.180634 16.524292 37.492157 0.158052
1020.000000 436.017914 182.433945 12.499023 30.855164 0.151775
1020.000000 88.759872 189.330017 11.650040 29.186157 0.142076
1020.000000 457.849945 181.374771 12.279602 30.410980 0.131284
1020.000000 165.379929 183.324173 13.586914 33.081451 0.131245
1020.000000 159.888397 196.635727 14.313171 36.185913 0.102490
1020.000000 252.075073 171.275742 12.042725 30.522644 0.096581
1020.000000 624.419434 180.585617 12.765137 36.654480 0.087596
1020.000000 120.096596 185.457870 14.100533 32.656036 0.073975
1020.000000 157.963058 183.372131 14.782104 36.823730 0.071576
1020.000000 225.930847 159.656006 12.296417 32.310181 0.060390
1020.000000 123.596756 185.616364 16.256989 39.063690 0.058557
1020.000000 615.524536 182.009201 24.364746 78.826523 0.057803
1020.000000 229.781967 167.278961 12.057587 30.381073 0.052671
1020.000000 272.299377 170.190689 11.233887 31.991089 0.051729
1020.000000 199.030350 162.701080 16.263275 37.651337 0.051703
1050.000000 159.571060 184.439896 15.067078 34.438385 0.793044
1050.000000 180.644760 160.879654 22.396057 59.176361 0.686741
1050.000000 184.356094 181.673203 16.703400 38.372742 0.230179
1050.000000 191.176544 181.262680 14.321594 32.044373 0.201837
1050.000000 111.580025 192.457687 14.320312 34.641357 0.184954
1050.000000 151.180573 186.940353 13.312500 34.721130 0.148413
1050.000000 457.364380 183.842758 13.565735 33.147247 0.142761
1050.000000 249.485489 176.924026 14.054703 35.410156 0.129769
1050.000000 371.312103 176.216599 12.294434 30.619415 0.119772
1050.000000 623.762146 181.703003 15.122681 45.435181 0.113698
1050.000000 142.284378 190.877182 12.816772 32.761963 0.096365
1050.000000 544.860291 198.124893 10.427002 24.865356 0.068050
1050.000000 190.909973 163.333740 14.458649 35.755371 0.068010
1050.000000 125.818314 187.515289 13.439178 33.136383 0.057899
1050.000000 136.344086 190.434235 14.766083 36.030090 0.057296
1050.000000 81.986183 192.234131 11.965286 24.325043 0.054414
1050.000000 486.164764 199.759964 11.059021 26.398346 0.053174
1050.000000 185.448090 163.666931 15.475647 36.780609 0.051002
1080.000000 90.803246 196.805237 14.153732 33.259521 0.344601
1080.000000 142.413483 193.279770 13.186310 33.038544 0.281353
1080.000000 572.399597 178.483521 12.200928 29.228363 0.270277
1080.000000 623.415344 185.446640 15.245117 44.528564 0.262420
1080.000000 157.992981 187.557724 14.380798 34.343475 0.225578
1080.000000 486.249359 204.809418 13.276794 32.557831 0.222625
1080.000000 185.605621 163.004684 20.576172 53.042969 0.189294
1080.000000 457.720154 186.182800 13.697266 33.904358 0.145431
1080.000000 569.397156 176.459457 17.969360 45.573273 0.142509
1080.000000 191.445496 181.604431 15.075409 34.522705 0.138153
1080.000000 626.341187 187.250046 10.190552 31.453857 0.126223
1080.000000 576.068726 174.099731 14.092773 34.576599 0.102289
1080.000000 566.911499 182.738190 11.199829 27.193512 0.080437
1080.000000 183.951324 184.737686 16.234894 36.111908 0.073092
1080.000000 616.774109 185.848755 17.413086 46.951782 0.069636
1080.000000 111.780876 195.166000 14.695374 34.112976 0.065993
1080.000000 191.344147 165.597778 15.052582 35.927979 0.061830
1080.000000 147.145660 192.447845 13.227417 34.076569 0.057050
1080.000000 139.719299 190.759689 18.986969 46.312378 0.055086
1110.000000 486.577301 207.204407 12.725708 30.762451 0.310171
1110.000000 273.690247 177.556412 12.677307 30.578522 0.288093
1110.000000 157.348923 189.011353 14.664764 35.363007 0.246526
1110.000000 108.828087 194.463913 14.521698 33.948029 0.207459
1110.000000 227.915283 174.436279 12.454468 30.642426 0.132805
1110.000000 457.691589 188.845673 13.305725 32.468445 0.122941
1110.000000 625.664490 185.455246 14.312134 45.982727 0.116375
1110.000000 150.508850 188.510529 16.090729 40.389313 0.088438
1110.000000 142.946701 193.699173 12.873566 33.255829 0.082086
1110.000000 284.094360 175.233337 13.514832 32.210449 0.081510
1110.000000 505.319733 60.666481 15.716095 36.950012 0.081071
1110.000000 183.757309 186.854340 15.776123 35.397705 0.070663
1110.000000 181.553467 157.039734 23.854004 63.177460 0.067241
1110.000000 189.077637 163.129608 16.652252 43.772583 0.066749
1110.000000 113.979469 195.576096 15.679375 36.242096 0.052001
1110.000000 437.297821 190.768066 12.472839 30.953583 0.050117
1140.000000 182.566742 162.808701 23.711517 63.686005 0.678820
1140.000000 159.334961 193.105148 14.537292 34.011444 0.442227
1140.000000 274.809052 181.414474 11.982483 29.979401 0.338198
1140.000000 456.564758 192.476913 14.639282 35.789581 0.213246
1140.000000 621.755554 197.964203 15.794434 41.139191 0.205893
1140.000000 190.742065 169.889755 14.448425 36.797607 0.202422
1140.000000 438.329620 193.787903 13.045410 32.102692 0.191100
1140.000000 143.065125 196.995972 12.680969 32.877777 0.174364
1140.000000 189.498703 177.700317 18.888641 45.522583 0.160459
1140.000000 151.470825 193.570343 14.039642 34.858917 0.144257
1140.000000 284.065979 181.063095 14.754211 34.245026 0.136626
1140.000000 183.077698 190.838547 15.785614 36.457672 0.096456
1140.000000 458.113373 180.611786 14.010437 32.901001 0.095713
1140.000000 227.354233 174.397751 13.322571 32.152069 0.093478
1140.000000 502.015320 62.320518 17.380981 39.472656 0.089920
1140.000000 471.703583 191.886368 16.769348 43.009857 0.065953
1140.000000 624.238831 190.572952 15.620728 35.919800 0.060725
1170.000000 190.361923 176.251221 14.124237 34.540283 0.549594
1170.000000 274.708069 189.504868 12.261719 30.803192 0.375040
1170.000000 143.995712 204.566483 14.796082 36.446594 0.295315
1170.000000 159.189758 200.599380 12.532471 31.617554 0.284019
1170.000000 187.226227 172.731659 19.187866 52.145538 0.263772
1170.000000 146.954330 202.146942 17.548645 43.154907 0.257990
1170.000000 176.012924 203.829880 17.582886 42.895599 0.256777
1170.000000 190.535172 193.263489 16.496704 44.855347 0.201869
1170.000000 179.272842 199.167786 21.925476 52.301697 0.191884
1170.000000 96.327339 212.318451 14.801163 33.412506 0.167778
1170.000000 224.849289 184.805084 17.638885 42.688477 0.166518
1170.000000 492.058105 80.804024 13.866394 32.251602 0.165257
1170.000000 149.642838 197.602005 13.377014 34.495117 0.139252
1170.000000 138.540649 204.807648 15.552765 37.813568 0.129805
1170.000000 227.865952 184.384995 12.736023 29.721710 0.125677
1170.000000 513.470459 76.314362 17.215210 40.953415 0.106931
1170.000000 4.990320 206.876617 13.932636 35.183807 0.106257
1170.000000 154.381104 200.136368 18.933929 45.269745 0.096006
1170.000000 183.149811 195.281586 16.388428 34.874481 0.094282
1170.000000 185.067627 181.386169 24.224823 66.792297 0.080196
1170.000000 107.211899 207.759521 15.880417 37.219177 0.077755
1170.000000 270.798431 190.547104 19.993042 49.763855 0.072465
1170.000000 625.814941 199.406296 12.113281 32.850494 0.066520
1170.000000 143.331635 198.784393 25.644958 59.705231 0.061391
1170.000000 504.990387 77.954933 16.005646 36.745911 0.060323
1170.000000 161.803253 204.413773 15.578705 39.744995 0.059930
1170.000000 93.314369 210.958893 21.847290 52.504333 0.053949
1170.000000 457.719879 199.454895 13.041748 32.123901 0.051572
1170.000000 1.764447 208.579041 19.733582 52.200409 0.051161
1200.000000 151.281921 194.909927 15.832825 38.765991 0.443307
1200.000000 619.852478 192.312912 17.201660 47.561981 0.321885
1200.000000 177.373047 195.460800 15.563690 34.726257 0.236561
1200.000000 172.768967 172.397705 24.794769 58.001251 0.158829
1200.000000 626.058960 193.934799 11.267700 33.242096 0.121790
1200.000000 192.143585 172.953293 12.460632 30.535522 0.104129
1200.000000 485.865540 211.132233 13.615723 32.816467 0.097726
1200.000000 612.255554 199.889420 13.344482 28.548401 0.089143
1200.000000 91.636200 174.592224 29.547958 69.350464 0.084372
1200.000000 143.537933 195.694962 16.840057 37.996826 0.074727
1200.000000 456.542236 196.096130 13.627075 30.175934 0.063970
1200.000000 133.963165 176.286057 27.274689 67.333252 0.062721
1200.000000 144.066193 192.407791 22.583832 56.181000 0.056890
1200.000000 95.139069 176.885651 18.764969 45.317810 0.056451
1230.000000 620.582397 187.882919 18.066650 50.676514 0.292071
1230.000000 610.962830 198.507751 14.045166 32.375000 0.187068
1230.000000 486.756256 211.612320 13.002319 31.087891 0.166104
1230.000000 611.641418 190.225296 20.171021 48.210083 0.152155
1230.000000 150.661789 189.105103 13.441467 32.268066 0.140501
1230.000000 438.076782 197.281616 12.588989 29.346954 0.128995
1230.000000 96.022568 204.217941 13.214920 31.544220 0.107709
1230.000000 107.001694 201.105270 16.569397 38.918457 0.102502
1230.000000 457.623535 195.113647 13.039490 30.950165 0.082898
1230.000000 104.587814 201.584106 13.384750 32.762482 0.076326
1230.000000 153.546860 199.047150 12.918701 33.421143 0.057509
1230.000000 171.573898 195.134811 15.178619 32.654175 0.054932
1230.000000 173.817688 206.026474 9.888214 23.244720 0.054545
1260.000000 487.340637 210.754395 13.674255 31.890533 0.238755
1260.000000 457.688629 193.370880 14.097351 33.683380 0.183576
1260.000000 504.466583 212.098389 9.761322 22.874023 0.131845
1260.000000 144.297501 192.076813 14.628937 38.240631 0.122838
1260.000000 438.041290 196.747421 12.658936 31.323700 0.112334
1260.000000 90.968849 205.930664 15.466156 35.603973 0.111567
1260.000000 299.941376 192.977280 16.603394 38.205658 0.110817
1260.000000 624.448914 189.708710 15.521973 50.502075 0.104593
1260.000000 492.855865 221.839874 14.983398 35.187408 0.086055
1260.000000 567.755371 181.426483 18.019043 42.257568 0.081838
1260.000000 500.841217 213.083252 15.885223 38.451508 0.080721
1260.000000 295.899628 192.008408 23.166687 58.492493 0.076366
1260.000000 102.971443 201.625870 14.775543 36.348267 0.073526
1260.000000 625.997864 192.614319 11.014404 31.304199 0.072194
1290.000000 620.982971 192.116699 18.517334 46.036346 0.237274
1290.000000 427.619202 208.006760 11.851196 29.649200 0.189887
1290.000000 435.995453 195.691101 13.846130 34.476471 0.163709
1290.000000 487.872314 208.998489 14.221375 33.086945 0.155466
1290.000000 84.133446 202.754318 13.980164 32.340729 0.092418
1290.000000 459.049591 198.559555 12.589600 29.577484 0.080903
1290.000000 149.014923 198.643982 12.994019 28.794861 0.072630
1290.000000 583.229492 195.341278 14.498535 37.538910 0.064522
1290.000000 321.037598 192.570801 13.476562 31.464142 0.063281
1290.000000 130.540192 198.778778 12.703308 32.174774 0.057622
1290.000000 625.433411 192.802185 11.413696 32.187347 0.054952
1290.000000 500.844025 209.002563 13.237701 33.041260 0.050129
1320.000000 137.037186 200.436798 16.270325 37.578064 0.188709
1320.000000 621.962463 194.255905 17.655396 43.374786 0.184955
1320.000000 458.866516 192.164520 12.468506 30.618378 0.145812
1320.000000 143.441696 201.111786 12.307007 30.238342 0.086320
1320.000000 485.924377 202.410950 11.223511 31.050537 0.082951
1320.000000 583.481567 196.983749 14.736572 36.704773 0.071434
1320.000000 76.028030 204.293915 13.899109 33.569183 0.062533
1320.000000 325.042389 194.687820 14.271729 34.326843 0.059916
1320.000000 436.693390 195.621155 11.889038 31.568054 0.059496
1350.000000 506.042725 202.001221 13.269653 32.555267 0.291080
1350.000000 460.414856 196.880386 13.122742 31.515350 0.098119
1350.000000 131.330902 190.555893 17.291046 41.946716 0.086902
1350.000000 589.291199 201.275940 12.399292 33.999207 0.085020
1350.000000 188.848816 170.942734 16.641052 39.881561 0.074187
1350.000000 21.158516 216.891510 13.442825 29.849518 0.062149
1350.000000 48.154156 202.842346 12.679611 32.895660 0.059651
1380.000000 466.438141 196.412628 13.805725 32.991760 0.195670
1380.000000 327.365845 200.945633 13.109131 30.754303 0.161560
1380.000000 444.913269 200.591568 13.347961 33.314056 0.133339
1380.000000 499.214600 195.181442 17.433044 42.393921 0.059372
1380.000000 35.367584 145.792114 15.520416 38.323517 0.058748
1410.000000 8.756972 216.812714 16.499920 38.027863 0.553181
1410.000000 611.397827 177.793274 28.520264 65.309967 0.437737
1410.000000 59.857780 212.689590 15.258392 37.990051 0.296063
1410.000000 458.539795 196.743637 13.348389 31.393585 0.139663
1410.000000 474.533600 193.002808 12.005615 28.471283 0.120290
1410.000000 332.614685 197.732590 11.265137 25.015625 0.118942
1410.000000 490.678680 201.523148 16.544128 41.765106 0.096377
1410.000000 490.831940 199.275024 11.760559 28.927582 0.077062
1440.000000 488.745087 187.116211 19.414062 49.438416 0.416736
1440.000000 566.583679 200.884766 14.896729 37.490997 0.337919
1440.000000 490.598175 186.280396 14.274292 32.958588 0.213306
1440.000000 611.996399 207.259766 13.071289 29.320587 0.155708
1440.000000 508.042847 191.948151 14.143188 33.818237 0.081185
1440.000000 163.914566 192.076660 11.487274 28.174011 0.079928
1440.000000 545.866760 190.634201 14.171143 34.152740 0.075059
1440.000000 190.122482 193.378647 12.749756 32.478546 0.064785
1440.000000 335.197205 191.893631 11.586548 27.813141 0.063126
1470.000000 501.645172 181.825653 14.077545 33.495300 0.469771
1470.000000 498.044617 180.270309 21.234436 49.952301 0.384448
1470.000000 16.003666 181.099274 13.887905 33.063995 0.330331
1470.000000 195.954376 175.978241 11.230560 26.994659 0.319126
1470.000000 512.654419 187.302383 14.062744 33.854065 0.272946
1470.000000 70.964897 180.499954 13.457565 33.935516 0.231386
1470.000000 508.053802 184.222778 14.338837 32.988312 0.216164
1470.000000 116.396133 179.882553 15.524384 37.699707 0.214635
1470.000000 542.552246 190.202118 19.765259 49.652191 0.194292
1470.000000 199.384598 177.749634 12.580383 30.628693 0.194166
1470.000000 12.654126 180.983017 20.751514 50.117523 0.181709
1470.000000 5.564498 183.648621 14.468946 36.955658 0.180740
1470.000000 582.062195 180.547089 16.458862 40.190613 0.178924
1470.000000 606.660583 190.275818 20.128052 46.691284 0.154000
1470.000000 580.293457 177.114731 23.820312 55.623596 0.116950
1470.000000 585.723816 178.569305 11.811646 30.881683 0.108792
1470.000000 88.452438 184.013062 11.146103 27.002441 0.095771
1470.000000 443.307281 185.131134 13.554810 31.036469 0.079170
1470.000000 495.252960 181.839523 32.200836 63.479706 0.076690
1470.000000 185.297806 174.931686 12.856720 30.603729 0.076473
1470.000000 483.417328 192.456284 17.363159 40.060120 0.075910
1470.000000 489.509460 192.305710 18.441895 38.426178 0.067374
1470.000000 555.260193 194.083420 17.768555 47.891052 0.065840
1470.000000 39.573353 179.512772 14.760696 35.635468 0.065604
1470.000000 112.671120 179.080887 13.329636 31.711060 0.063844
1470.000000 203.725800 171.196411 13.983765 34.890778 0.059055
1470.000000 451.815155 182.884613 13.554871 33.087646 0.054763
1470.000000 135.866394 184.358459 11.744232 28.998352 0.054495
1500.000000 574.999023 180.801559 25.226562 58.660889 0.376967
1500.000000 565.392700 181.576019 36.246826 83.647888 0.218994
1500.000000 94.314209 183.053024 11.656235 28.026825 0.180879
1500.000000 567.054199 185.221527 24.283936 56.970642 0.174712
1500.000000 576.784912 180.981934 17.198853 37.821198 0.118877
1500.000000 583.141113 181.530380 13.418945 31.577423 0.060406
1500.000000 152.720490 178.769897 13.270966 32.310211 0.059381
1500.000000 115.875130 179.389664 14.173088 35.144592 0.055317
1530.000000 572.911499 175.885345 21.621704 52.992950 0.631607
1530.000000 571.917419 177.663742 14.737549 35.842468 0.541491
1530.000000 577.741821 177.035782 12.688477 33.988495 0.365910
1530.000000 530.111389 185.686844 16.593750 40.173157 0.233809
1530.000000 582.406982 179.354858 14.862549 34.985474 0.216931
1530.000000 564.882324 174.976883 20.527100 47.325043 0.185179
1530.000000 569.294189 177.723541 12.032837 30.789764 0.147497
1530.000000 588.726379 172.532852 17.190796 42.936157 0.092928
1530.000000 566.957397 173.665192 33.437866 68.763092 0.090307
1530.000000 599.436646 158.403702 29.174316 66.415649 0.082525
1530.000000 592.753296 174.235779 11.180908 30.603699 0.074877
1530.000000 586.705078 175.989456 13.802856 33.238678 0.069876
1530.000000 562.587219 174.619263 14.974609 35.662109 0.060835
1530.000000 578.838562 172.897583 21.592163 48.975189 0.056841
1530.000000 581.025146 173.939377 12.192749 29.506989 0.053818
1560.000000 109.936249 186.956894 13.260605 34.027863 0.094813
1560.000000 117.035233 188.690704 12.203827 30.058899 0.055374
1560.000000 20.441549 155.386520 16.180315 38.499908 0.050223
1590.000000 21.077911 192.053207 13.742901 35.021149 0.422885
1590.000000 392.747284 147.057434 15.102356 32.181244 0.320561
1590.000000 454.951691 116.472763 36.276001 98.949585 0.299053
1590.000000 460.551300 117.993881 27.200012 65.487915 0.197251
1590.000000 418.368042 133.897430 12.589539 30.089752 0.149058
1590.000000 55.947914 165.056900 22.943954 58.014740 0.128829
1590.000000 14.161920 191.796524 14.454379 34.964996 0.115438
1590.000000 53.899998 185.937561 14.769917 38.123322 0.105778
1590.000000 407.248840 137.832565 12.354065 31.101440 0.100607
1590.000000 552.298645 177.358185 17.101807 42.429474 0.079035
1590.000000 465.978546 118.137665 17.164673 40.690857 0.076308
1590.000000 418.232697 178.416061 12.765869 29.152924 0.075063
1590.000000 33.927681 174.450851 16.628654 40.460632 0.074833
1590.000000 124.737511 175.352921 13.434669 33.426971 0.069515
1590.000000 8.297066 189.885864 15.792324 37.040619 0.066286
1590.000000 59.549496 183.789261 15.564564 39.233734 0.065431
1590.000000 401.863708 138.877945 19.391968 46.998566 0.063799
1590.000000 78.893082 185.368362 12.145554 28.046906 0.061982
1620.000000 141.081726 173.566589 10.930450 28.038696 0.151735
1620.000000 88.765160 177.920532 12.934280 30.784912 0.146100
1620.000000 104.067810 178.285309 11.686035 29.124023 0.083241
1620.000000 84.061584 178.278427 13.011719 30.214813 0.062250
1620.000000 97.460915 178.119934 11.390228 29.149292 0.057722
1620.000000 536.690735 172.181915 12.186523 32.465088 0.055082
1620.000000 109.699089 174.082901 12.474747 31.018097 0.051771
1650.000000 32.760197 179.951965 12.765228 31.781158 0.454978
1650.000000 465.207794 177.386993 13.193481 32.640167 0.259638
1650.000000 88.142036 176.411438 12.866791 33.774933 0.249141
1650.000000 13.932183 182.397552 16.170067 35.941010 0.233132
1650.000000 73.923996 176.750183 11.915207 29.924408 0.137880
1650.000000 19.933750 183.525757 10.408737 25.258942 0.128519
1650.000000 77.936783 175.733658 11.990768 29.584259 0.114950
1650.000000 6.848814 176.388199 18.132496 41.972198 0.114587
1650.000000 6.190795 175.264221 13.371102 31.624023 0.104167
1650.000000 450.068329 168.696442 13.101257 34.618378 0.086837
1650.000000 488.429718 170.264023 14.332092 38.428619 0.063301
1650.000000 462.359192 175.017441 18.754395 48.035034 0.057475
1650.000000 493.204651 181.338821 12.925110 34.507507 0.054727
1680.000000 509.620117 173.934906 12.723267 32.464935 0.447669
1680.000000 23.966450 174.086761 13.794392 33.613342 0.300395
1680.000000 506.500397 173.872528 18.727875 48.797913 0.235109
1680.000000 112.911743 165.312531 12.564056 30.418182 0.132705
1680.000000 6.131812 174.512772 14.474638 34.889893 0.131720
1680.000000 472.059509 179.333435 17.265503 41.420807 0.105000
1680.000000 442.978973 177.588165 16.566528 35.731110 0.103399
1680.000000 144.112274 159.729675 14.137360 33.935883 0.096226
1680.000000 92.458084 163.105392 12.530746 31.951263 0.089026
1680.000000 1.230148 174.456955 12.469461 34.839111 0.065255
1680.000000 118.107689 163.323410 13.245705 31.048737 0.065015
1680.000000 11.227551 174.787704 12.436226 28.096130 0.062934
1680.000000 21.117165 173.653702 20.445637 45.381958 0.060263
1680.000000 108.256668 165.626999 12.065430 28.640839 0.059326
1710.000000 563.775879 184.873749 17.161621 42.997101 0.260174
1710.000000 142.161743 159.732285 13.656799 31.914948 0.233925
1710.000000 0.000000 186.041214 9.767092 37.035553 0.226651
1710.000000 11.565763 176.414780 17.503353 43.864319 0.179539
1710.000000 586.196838 181.713852 20.235352 49.932953 0.161672
1710.000000 2.433384 185.014679 12.865234 35.848541 0.124252
1710.000000 558.999878 183.323425 25.111938 59.992249 0.118644
1710.000000 517.618286 183.562469 12.907837 32.070068 0.113419
1710.000000 132.038681 164.403717 13.683350 31.980225 0.105600
1710.000000 182.381439 165.665054 13.264221 31.907990 0.070514
1710.000000 491.654663 191.934753 14.985107 33.593781 0.070400
1710.000000 567.745605 183.610413 11.719116 30.579987 0.068900
1710.000000 590.385803 180.697357 13.740723 32.922821 0.058001
1710.000000 581.006836 179.610672 30.824829 71.227905 0.053944
1710.000000 522.285217 194.920517 19.348999 44.326752 0.051308
1740.000000 601.968872 174.985168 25.319092 62.074371 0.537273
1740.000000 558.016663 175.300430 19.639648 45.885803 0.371334
1740.000000 494.754852 167.857040 18.264435 45.429382 0.359094
1740.000000 0.304886 193.985138 11.198330 37.774994 0.348480
1740.000000 561.963257 177.351974 12.451172 30.180695 0.259690
1740.000000 606.978638 173.908310 16.613403 40.514923 0.175224
1740.000000 53.092667 168.912201 13.757126 34.748688 0.172790
1740.000000 109.037689 158.683044 19.707336 49.368927 0.167443
1740.000000 558.161377 168.731689 13.981323 33.843567 0.132618
1740.000000 552.794739 172.420837 29.142456 65.719543 0.118839
1740.000000 587.373657 178.655975 17.309937 39.586121 0.109719
1740.000000 11.292376 185.131134 14.868526 34.719757 0.107366
1740.000000 568.548828 177.967377 12.490479 28.635925 0.094877
1740.000000 596.495422 175.250763 37.673706 85.049072 0.087483
1740.000000 54.734978 169.234375 18.922089 43.712097 0.075937
1740.000000 546.840088 165.028244 15.745972 39.101654 0.055362
1770.000000 82.527985 163.239838 19.269608 46.699310 0.691872
1770.000000 27.851357 181.465790 10.959816 28.417267 0.368525
1770.000000 204.402115 175.257324 11.814484 29.015930 0.160345
1770.000000 426.465973 184.777206 14.767090 35.923004 0.150440
1770.000000 545.594055 161.192841 15.856567 38.628967 0.128045
1770.000000 564.488159 145.883926 28.694702 69.190735 0.106861
1770.000000 6.606648 180.922028 18.447086 40.876678 0.072983
1770.000000 22.595129 181.003433 14.535215 34.120056 0.065951
1770.000000 454.631256 178.150253 19.059326 45.955994 0.052490
1800.000000 43.802902 161.630432 23.214722 58.211914 0.593387
1800.000000 32.912148 159.999100 25.463013 63.953247 0.291699
1800.000000 51.397823 162.655975 17.115414 42.376984 0.173804
1800.000000 92.752853 180.174728 12.759628 32.669647 0.146699
1800.000000 444.223206 186.626831 14.138123 33.246796 0.128325
1800.000000 386.952545 179.482513 13.864136 33.757935 0.107170
1800.000000 484.890533 185.286728 18.339905 43.322327 0.098696
1800.000000 137.617279 178.191208 13.256866 34.440613 0.088049
1800.000000 89.473763 179.517075 19.013245 45.144073 0.078382
1800.000000 80.187881 191.915222 13.255676 31.639771 0.069807
1800.000000 593.239380 82.988228 46.021973 161.565399 0.063800
1800.000000 485.518463 183.512360 13.095093 30.220062 0.054298
1830.000000 0.000000 165.650070 21.203815 101.960892 0.257085
1830.000000 571.519592 180.451309 15.233521 35.538208 0.252650
1830.000000 518.660156 174.077667 16.164917 41.015076 0.189053
1830.000000 129.141464 189.207962 12.880646 31.434723 0.133062
1830.000000 529.668091 180.945328 15.270142 35.297028 0.132199
1830.000000 567.201660 178.976334 22.738281 50.606110 0.121039
1830.000000 108.674797 191.404907 13.158676 31.932404 0.121029
1830.000000 165.075562 189.656494 12.196289 30.448364 0.114995
1830.000000 36.387093 190.453156 15.572662 34.689026 0.105509
1830.000000 335.217834 188.238586 13.468262 32.862671 0.097137
1830.000000 181.877899 185.377625 15.399231 35.109741 0.091214
1830.000000 535.054932 181.377518 14.404419 33.696930 0.087260
1830.000000 579.707397 177.707413 25.025146 59.474121 0.074921
1830.000000 597.336548 173.025879 12.324341 30.816833 0.061647
1830.000000 593.587097 177.073914 23.010620 55.529968 0.061380
1830.000000 468.804688 183.754166 13.799072 34.148804 0.057461
1830.000000 546.963501 185.861679 12.652466 33.112183 0.057096
1830.000000 513.556091 175.310791 24.544678 59.149567 0.051231
