30.000000 67.191925 190.182526 17.753113 45.948883 0.585443
30.000000 14.383974 79.905212 14.626213 34.893967 0.295914
30.000000 171.651367 77.045937 14.273376 34.789810 0.194936
30.000000 249.394196 163.659317 23.270874 60.119202 0.153909
30.000000 70.025360 189.659805 13.676102 30.580780 0.148301
30.000000 8.744743 79.201500 15.147350 34.009216 0.124957
30.000000 39.979385 80.271584 13.810104 30.549408 0.108004
30.000000 588.644714 146.805603 15.264282 34.098572 0.101422
30.000000 148.875305 83.417488 13.176483 31.532593 0.093910
30.000000 184.838425 75.206696 12.812531 29.031708 0.087973
30.000000 583.290833 141.586548 21.206177 51.699646 0.077441
30.000000 0.497383 71.791725 18.150736 46.348114 0.061434
30.000000 61.456829 188.530823 25.826939 68.255066 0.053206
30.000000 155.572159 86.413933 12.151855 26.327530 0.050822
60.000000 231.060440 187.096207 17.028076 41.360901 0.629596
60.000000 9.777243 80.689362 20.413532 47.744644 0.620369
60.000000 184.857590 187.182312 17.363342 42.079071 0.552898
60.000000 110.613190 196.910782 17.537277 41.150818 0.524191
60.000000 46.190422 189.867828 17.737778 42.369904 0.374699
60.000000 253.033768 165.558395 17.441422 44.067566 0.257911
60.000000 219.030884 191.631866 13.858765 33.029907 0.205321
60.000000 333.052704 157.985840 20.578247 49.347565 0.198312
60.000000 37.808395 82.262390 15.928787 36.629150 0.122989
60.000000 577.065430 137.665527 12.388672 27.782990 0.113359
60.000000 267.343109 149.375610 20.457458 48.340118 0.112946
60.000000 480.895264 167.582855 19.174438 51.520569 0.111236
60.000000 124.299774 205.327194 17.096558 40.290649 0.107456
60.000000 331.223907 155.650223 28.623657 72.631409 0.098211
60.000000 529.984436 17.450356 19.614380 45.619415 0.097031
60.000000 510.676788 55.110321 14.959625 34.103897 0.081459
60.000000 317.747833 155.238831 25.116516 66.179443 0.078062
60.000000 563.103455 177.696609 13.755371 31.283844 0.075996
60.000000 119.860504 195.929840 14.031021 34.123871 0.075498
60.000000 578.280457 192.845184 15.375000 37.490967 0.064191
60.000000 6.152837 81.201447 17.075157 36.813248 0.062474
60.000000 179.794434 193.685654 17.021667 39.286072 0.061242
60.000000 0.063895 70.833725 10.856361 51.582443 0.061152
60.000000 259.998291 165.372284 14.896851 37.080139 0.059975
60.000000 417.245758 10.365358 15.730286 37.106323 0.055590
60.000000 284.035675 172.297134 18.461365 45.264374 0.053226
60.000000 322.239685 154.711990 18.051697 43.915802 0.052824
90.000000 32.895523 190.082840 23.357063 56.741119 0.614038
90.000000 11.922956 79.415176 16.634651 38.295120 0.329974
90.000000 28.718794 189.963791 33.889771 80.294632 0.295171
90.000000 443.346344 15.675291 14.600586 35.089432 0.229647
90.000000 39.341358 81.416901 13.748428 32.681213 0.188688
90.000000 7.179449 78.130280 24.131073 56.650482 0.171255
90.000000 49.121925 187.821899 21.879776 54.441376 0.168404
90.000000 518.098022 187.399323 13.397949 32.382965 0.140668
90.000000 471.269989 189.028275 17.114441 39.620819 0.110514
90.000000 171.306046 77.099884 14.757263 35.762115 0.098223
90.000000 43.366524 80.017471 13.484291 30.539932 0.072976
90.000000 184.338165 74.082092 15.104889 35.141327 0.070331
90.000000 457.621185 182.415268 13.195068 33.270752 0.063512
90.000000 148.153931 82.636551 12.181091 27.047546 0.057122
120.000000 37.637962 188.067963 23.114632 56.833466 0.649805
120.000000 167.602386 187.493454 18.293243 43.987274 0.621788
120.000000 78.221695 194.588120 14.173325 33.269073 0.617160
120.000000 121.405548 186.168991 17.644440 40.361572 0.427916
120.000000 458.187500 180.019699 11.951111 30.122253 0.365597
120.000000 39.918369 79.162056 14.685966 34.790634 0.328748
120.000000 113.649673 190.171448 14.448761 35.512634 0.232142
120.000000 10.380338 77.532867 13.902205 33.388916 0.195562
120.000000 171.359390 75.447960 15.426575 36.416809 0.189984
120.000000 472.507690 188.275345 15.092896 36.577148 0.174703
120.000000 185.007645 73.148430 13.833252 31.636063 0.150080
120.000000 70.454735 194.560837 16.225372 37.173431 0.143413
120.000000 454.395172 178.047028 18.659058 46.581909 0.139500
120.000000 34.672455 191.320511 19.556274 40.480103 0.130972
120.000000 61.788265 78.249855 14.208027 31.819794 0.130623
120.000000 14.515685 78.989807 16.041855 35.621765 0.113708
120.000000 22.390526 188.272247 14.657555 34.583710 0.107673
120.000000 53.429955 79.705994 12.806435 31.290100 0.091192
120.000000 469.841034 185.398041 13.263733 30.366699 0.083464
120.000000 483.949799 180.135056 14.922119 36.372406 0.076606
120.000000 0.931821 153.448730 28.314316 116.246887 0.075730
120.000000 92.747856 82.595490 12.815308 31.590393 0.071497
120.000000 42.550297 188.094559 16.549522 36.406189 0.067566
120.000000 563.025085 185.428177 12.801392 30.613403 0.067277
120.000000 158.072220 194.269775 16.142670 37.677704 0.066268
120.000000 383.269318 192.357513 14.504395 36.005341 0.066083
120.000000 69.726662 78.892021 13.368896 31.337204 0.066026
120.000000 24.462149 187.237930 18.508684 43.975159 0.061691
120.000000 52.894039 193.194733 15.395786 37.630768 0.058157
120.000000 26.181509 183.329437 12.580427 32.294281 0.055475
120.000000 517.799133 185.952332 12.884155 31.592468 0.055269
120.000000 125.615829 177.910233 21.417633 55.380219 0.055131
120.000000 72.964256 193.372192 21.737778 45.178589 0.050811
150.000000 98.151146 185.358307 23.055389 56.719330 0.825020
150.000000 140.153305 187.661896 20.762115 49.890472 0.779271
150.000000 41.388798 190.820953 15.458344 37.806274 0.588925
150.000000 74.192581 193.779556 17.379120 42.278687 0.561667
150.000000 146.648849 188.283356 14.900269 34.068481 0.495017
150.000000 42.389687 79.874138 13.836472 30.325928 0.427899
150.000000 515.752014 54.564789 12.228394 29.047043 0.333465
150.000000 12.005414 79.296844 16.603848 38.481598 0.317315
150.000000 37.578960 80.517441 15.525078 35.849167 0.306550
150.000000 38.081261 188.323746 21.889122 55.483582 0.296155
150.000000 19.822947 192.636200 15.869467 34.317871 0.239516
150.000000 135.191513 195.067871 18.718872 42.862427 0.189404
150.000000 67.591125 189.828217 19.600571 49.349701 0.187410
150.000000 472.790283 189.906631 16.106506 38.403473 0.178400
150.000000 69.196152 187.883820 14.297073 34.084595 0.173586
150.000000 499.506165 51.907864 12.815613 29.852627 0.170066
150.000000 517.577271 187.454147 12.686890 32.011047 0.127040
150.000000 47.833237 185.699585 20.772186 57.003784 0.124592
150.000000 128.771347 198.149597 15.848053 39.322571 0.112995
150.000000 95.258904 191.490860 15.406509 37.823700 0.111673
150.000000 68.526413 207.353790 13.771164 32.596954 0.102905
150.000000 563.656433 189.088791 12.529053 28.183929 0.101662
150.000000 63.562195 195.878296 16.523071 41.322815 0.099481
150.000000 457.963470 16.346163 14.689697 35.822830 0.086295
150.000000 184.330795 74.725708 16.727325 36.567337 0.083966
150.000000 442.041199 15.012909 14.071167 31.265465 0.076929
150.000000 53.140686 187.410461 13.419281 33.665680 0.076892
150.000000 572.147278 187.328537 9.063232 22.441589 0.073510
150.000000 8.153287 77.496964 24.191166 58.156860 0.068291
150.000000 461.537476 182.980988 12.026489 29.297485 0.065785
150.000000 105.435135 186.802734 15.427841 34.955780 0.063902
150.000000 483.586670 177.021133 16.334290 39.599121 0.056012
150.000000 52.935425 81.616585 13.376083 31.908310 0.050813
180.000000 98.694153 184.413391 23.809845 57.455963 0.912095
180.000000 130.910507 190.537231 20.003937 50.105743 0.685192
180.000000 39.382557 187.987289 22.305061 57.958710 0.544469
180.000000 73.467171 194.720200 16.314972 39.867737 0.489878
180.000000 9.467124 80.059509 19.703831 44.204605 0.431704
180.000000 42.956627 185.946060 12.481476 29.952637 0.376570
180.000000 39.515663 81.022812 14.194016 33.137695 0.295261
180.000000 44.469528 79.727386 13.209282 31.311432 0.274067
180.000000 471.807404 191.953339 16.280334 36.921021 0.269691
180.000000 50.950348 182.810165 12.085152 30.818054 0.251082
180.000000 135.421967 192.346268 14.876282 32.973053 0.240157
180.000000 49.910053 186.425079 16.230618 39.370941 0.234762
180.000000 94.911766 187.736343 18.232117 42.625519 0.217686
180.000000 384.147797 192.659317 14.527039 34.540802 0.214832
180.000000 576.285706 134.398651 13.087524 30.190674 0.187222
180.000000 518.081116 186.836014 12.429321 31.370667 0.159408
180.000000 10.298672 78.325226 14.087860 33.430374 0.150224
180.000000 485.015198 185.454498 12.898804 31.379700 0.137813
180.000000 119.897491 197.993469 16.779114 42.855896 0.116136
180.000000 74.875961 180.265244 13.617828 32.652039 0.099659
180.000000 107.629448 186.391602 13.400681 32.423309 0.091394
180.000000 43.545517 211.027985 14.802505 34.956940 0.085588
180.000000 71.545624 187.639008 14.469040 34.489868 0.083598
180.000000 88.778282 189.082886 20.316635 50.506073 0.079893
180.000000 111.091545 205.863632 14.827148 35.195496 0.079473
180.000000 457.968750 183.323151 13.299194 32.633698 0.073323
180.000000 516.119385 54.322701 12.318481 28.567825 0.067391
180.000000 411.893585 191.485229 13.167786 32.426666 0.062765
180.000000 0.000000 68.566536 11.500216 50.431137 0.056345
180.000000 462.845520 183.261185 11.382385 29.950439 0.053334
180.000000 562.681396 187.548599 12.447021 29.368011 0.051059
180.000000 17.728987 81.209633 14.637690 35.134918 0.050622
210.000000 40.387413 190.319702 18.781853 42.844910 0.823881
210.000000 94.938339 189.955429 25.136368 56.374176 0.767783
210.000000 115.748642 190.479813 21.739594 53.265259 0.667308
210.000000 71.855278 195.603943 21.385452 50.604492 0.470037
210.000000 13.618870 79.677574 13.241898 33.913223 0.397556
210.000000 105.538834 192.086090 19.979828 51.579224 0.296353
210.000000 472.669525 192.858871 15.049011 35.541595 0.241025
210.000000 40.085262 81.617577 14.946205 32.856720 0.235666
210.000000 93.458588 190.931747 15.687378 37.586029 0.209633
210.000000 75.138351 197.268677 13.906448 33.111603 0.186141
210.000000 100.061478 191.155930 17.203598 40.115021 0.155733
210.000000 86.743683 189.988068 24.888138 56.556976 0.118645
210.000000 39.448372 189.504272 13.846169 30.727173 0.113147
210.000000 499.879364 54.114773 11.772583 27.252018 0.112562
210.000000 485.248108 182.171341 14.767761 36.573883 0.105332
210.000000 112.170708 193.828171 14.922943 37.326874 0.104014
210.000000 576.743591 135.399902 11.868286 26.600250 0.082266
210.000000 67.441360 195.998062 16.897156 39.429047 0.076839
210.000000 563.746643 187.146011 12.920288 30.481201 0.064533
210.000000 72.063416 189.349442 12.549149 31.437195 0.058922
210.000000 383.075165 189.613892 13.663208 34.376312 0.056701
210.000000 89.091370 193.788940 14.275452 32.274780 0.050542
240.000000 89.157639 187.286438 24.470825 59.236115 0.848352
240.000000 112.612679 191.092621 20.944389 51.916138 0.726922
240.000000 71.506866 190.696732 20.555511 55.912964 0.524871
240.000000 39.322697 190.834229 18.258507 42.883179 0.479280
240.000000 29.764759 198.071671 16.881508 37.717957 0.375051
240.000000 14.757051 80.756378 14.385937 34.345535 0.339506
240.000000 109.782990 192.220840 16.393661 39.754730 0.312932
240.000000 70.708519 189.768295 15.735687 37.887054 0.306575
240.000000 471.759338 192.731323 16.289795 37.017761 0.290345
240.000000 42.209534 80.417641 13.394005 28.349091 0.257678
240.000000 118.132965 194.498291 15.197540 33.639526 0.192900
240.000000 171.858200 77.522858 14.970215 35.080338 0.157482
240.000000 41.020981 186.801727 13.738846 32.157837 0.150111
240.000000 38.380604 81.577751 14.036209 33.058685 0.144900
240.000000 514.354858 55.151260 12.507202 30.393005 0.143750
240.000000 184.486374 75.423874 14.149414 32.602600 0.137322
240.000000 148.925446 84.421829 13.304993 31.839264 0.130758
240.000000 517.149780 188.562485 13.264160 32.960693 0.129814
240.000000 53.524689 191.582733 15.803452 38.705780 0.121915
240.000000 88.106918 189.040512 18.080093 41.838409 0.114401
240.000000 268.297333 144.251205 19.932861 50.515198 0.109989
240.000000 100.910721 192.201233 16.931107 43.192627 0.100291
240.000000 540.770569 61.786507 13.752686 30.867004 0.090405
240.000000 43.643414 190.487808 21.000019 49.746460 0.087713
240.000000 499.256958 53.899200 11.930054 27.691086 0.079287
240.000000 576.404114 135.097519 12.109009 27.383301 0.075578
240.000000 539.476135 191.358978 11.474731 28.963074 0.071053
240.000000 10.373359 79.011909 12.659123 27.807098 0.066936
240.000000 563.291626 190.606552 12.327271 27.208588 0.066595
240.000000 59.527504 194.327744 18.863327 44.538574 0.066492
240.000000 0.000000 68.282990 13.152098 50.288849 0.063107
240.000000 484.810608 185.526321 13.656006 32.710724 0.062153
240.000000 68.753395 79.581795 12.713303 31.188919 0.060857
240.000000 79.305389 198.617065 15.339340 36.113464 0.055944
240.000000 263.182098 144.528229 29.484436 76.771790 0.054424
240.000000 50.006710 189.889816 22.531345 54.815369 0.051575
270.000000 91.689705 189.144348 22.987595 54.797913 0.834255
270.000000 39.292782 192.970184 16.338585 39.952209 0.774337
270.000000 113.404366 193.144974 20.538750 49.511505 0.772844
270.000000 73.368187 197.619278 14.358932 34.048645 0.624105
270.000000 99.296173 193.166245 17.272766 41.869354 0.383058
270.000000 46.928154 192.101715 16.193443 38.184875 0.323910
270.000000 68.082069 194.906128 21.243484 46.447205 0.275701
270.000000 523.734680 178.503464 13.942139 32.133026 0.193507
270.000000 485.384979 187.723511 12.798218 30.972412 0.148102
270.000000 84.933807 206.326218 13.387314 32.151459 0.125943
270.000000 116.831764 193.214233 13.757896 32.889526 0.123986
270.000000 577.844055 135.708710 11.278442 27.273438 0.114859
270.000000 92.062515 187.657288 16.310471 35.730591 0.096539
270.000000 37.527599 81.752342 15.713760 37.015991 0.087034
270.000000 50.929909 191.380203 10.075363 27.483887 0.079130
270.000000 104.888939 196.350281 18.328079 46.546173 0.076542
270.000000 49.976189 190.962067 20.612099 45.268646 0.074940
270.000000 60.376282 193.006256 13.704895 36.651978 0.074284
270.000000 500.523346 54.310860 12.302094 28.547745 0.069652
270.000000 511.305634 56.910439 11.554352 28.460922 0.063632
270.000000 471.382294 190.010910 15.994934 38.455597 0.058042
270.000000 563.816589 190.314835 11.661743 27.562408 0.053996
270.000000 44.559799 191.800644 11.551872 28.184021 0.050835
300.000000 127.597115 192.494217 21.923744 52.726807 0.965755
300.000000 28.470627 190.850296 19.077324 45.679871 0.700973
300.000000 85.354851 190.795364 22.634003 54.744934 0.662466
300.000000 63.701759 198.719696 17.889252 41.913544 0.518621
300.000000 92.494606 194.710785 14.997009 36.756622 0.425716
300.000000 485.041840 186.198578 13.428711 31.713135 0.302869
300.000000 97.318848 192.098465 14.293137 34.696991 0.234399
300.000000 518.611145 185.795349 13.953369 33.850403 0.205512
300.000000 604.749268 149.008072 13.266602 32.232544 0.200712
300.000000 620.328491 148.843201 11.005859 27.164368 0.141591
300.000000 33.167488 187.233185 12.608246 31.508179 0.137379
300.000000 475.964630 189.367661 12.652405 29.118164 0.122276
300.000000 87.380859 188.161026 12.478180 28.212280 0.112739
300.000000 171.393295 198.320831 13.656097 32.634247 0.109545
300.000000 67.587418 198.506531 13.103287 28.870544 0.109142
300.000000 601.651428 149.638138 19.654907 48.704681 0.108705
300.000000 57.868740 208.408249 14.973614 35.142090 0.098853
300.000000 78.357620 200.114960 17.877487 46.119965 0.096523
300.000000 31.318445 84.505829 15.406118 38.019409 0.095005
300.000000 51.685276 202.172287 16.063580 38.444122 0.085024
300.000000 109.352333 185.863907 20.369164 53.606262 0.078733
300.000000 126.517792 189.974457 16.947845 39.908020 0.076242
300.000000 499.182373 50.677307 12.673645 28.893799 0.070445
300.000000 82.277000 186.416321 12.636978 30.896484 0.068952
300.000000 616.763672 149.695969 18.089111 46.124268 0.067381
300.000000 38.957661 81.834366 13.442123 32.154388 0.058293
300.000000 140.349823 198.516922 14.915619 38.546234 0.054045
300.000000 456.451447 185.421143 15.639038 38.031464 0.052023
330.000000 123.715446 195.084839 21.717247 52.854797 0.980676
330.000000 73.935402 189.539444 22.217255 53.009583 0.856318
330.000000 13.103142 189.038330 21.855373 51.523438 0.722257
330.000000 48.256096 195.364410 21.679413 50.002716 0.637833
330.000000 30.772474 77.763351 14.549799 34.152451 0.444533
330.000000 11.782764 86.429977 12.224411 27.880661 0.254551
330.000000 77.279686 77.763786 13.643967 31.920853 0.196990
330.000000 523.810486 57.370899 11.399780 26.048504 0.177418
330.000000 498.096954 50.446526 11.850952 28.771194 0.163103
330.000000 28.272480 208.105072 17.446159 41.528290 0.160324
330.000000 456.614166 179.208145 14.742920 36.076080 0.119518
330.000000 546.847839 64.891273 12.821167 30.197906 0.117278
330.000000 80.966034 192.659210 16.410767 38.510162 0.105206
330.000000 24.427311 77.579590 22.578239 46.838760 0.098602
330.000000 568.404419 185.293915 12.856567 31.072662 0.088328
330.000000 17.402857 186.649246 14.267006 35.106201 0.081105
330.000000 88.684120 78.742645 11.363220 27.591187 0.079523
330.000000 129.811890 195.447327 14.689026 36.707733 0.075709
330.000000 488.061798 185.278534 13.473633 33.619324 0.074251
330.000000 604.096436 149.255295 13.929810 32.333832 0.073544
330.000000 617.548279 149.391083 16.652222 43.544586 0.072546
330.000000 539.573120 62.432484 10.522827 25.142300 0.067103
330.000000 74.692825 186.666275 14.166031 32.647827 0.065958
330.000000 69.780518 194.316528 17.159485 42.745911 0.062987
330.000000 601.760803 150.566574 19.548096 46.633057 0.062633
330.000000 451.820404 174.830765 23.851318 54.298035 0.059978
330.000000 60.191658 208.199509 18.015060 41.908752 0.058855
330.000000 520.632690 185.544525 13.544800 31.875183 0.057655
330.000000 22.413658 83.500641 14.425163 32.355240 0.056055
330.000000 507.593903 49.534401 13.754181 31.468796 0.053074
330.000000 577.545959 133.635040 12.561768 29.977539 0.052715
330.000000 64.365005 189.356049 25.078751 61.116486 0.051639
360.000000 59.066521 188.892593 25.869766 59.297180 0.797755
360.000000 100.802513 194.948608 22.744690 55.601776 0.734371
360.000000 34.055969 196.106354 18.859528 45.257996 0.587283
360.000000 0.462494 192.869049 17.957989 48.220520 0.448911
360.000000 152.319855 68.959854 15.508606 36.420303 0.226152
360.000000 117.726929 194.716843 13.701920 33.699158 0.165941
360.000000 47.132580 207.470551 15.504318 37.038940 0.162775
360.000000 66.177658 191.520660 17.002472 39.329315 0.155270
360.000000 57.967213 190.934662 19.123730 43.466034 0.135605
360.000000 378.321625 185.262772 15.880371 40.869446 0.123640
360.000000 571.220703 188.532913 11.528076 27.073334 0.116599
360.000000 54.961605 207.701630 16.494862 37.142120 0.088472
360.000000 37.893917 205.447250 17.703461 46.862762 0.086682
360.000000 480.473450 187.717300 13.291931 32.014435 0.075570
360.000000 466.678833 182.933044 12.851257 30.036194 0.070510
360.000000 25.778414 199.431717 21.303007 41.060150 0.070032
360.000000 72.338425 194.808807 15.833481 37.052094 0.067167
360.000000 261.773132 144.047394 19.475769 47.593781 0.061414
360.000000 3.061709 204.942368 19.765041 49.258057 0.055823
360.000000 490.835754 185.539917 12.462524 31.939728 0.054290
360.000000 11.323689 209.788391 17.797291 40.225098 0.052413
360.000000 31.244272 198.810837 13.088953 31.777649 0.051843
390.000000 44.780514 190.166336 24.902752 59.297607 0.827468
390.000000 80.602280 192.699799 26.122269 62.937103 0.756921
390.000000 15.628247 197.351852 23.208809 52.947357 0.595877
390.000000 572.991272 184.111847 12.171265 29.110931 0.381258
390.000000 497.714691 43.984509 12.731873 30.063305 0.273383
390.000000 20.502073 197.231552 15.536257 36.264832 0.229360
390.000000 50.050373 191.674210 18.400890 38.942749 0.206712
390.000000 37.112312 208.942780 21.836563 47.507751 0.114409
390.000000 524.065491 182.657669 13.210571 30.440765 0.109287
390.000000 40.990997 192.570511 17.854584 39.219604 0.107333
390.000000 491.635681 183.134674 12.510437 31.561829 0.102161
390.000000 30.402803 208.031601 19.196814 41.905151 0.101788
390.000000 145.995407 64.179001 12.409424 29.621109 0.092451
390.000000 10.623389 211.740021 17.765938 39.867950 0.069459
390.000000 22.696400 203.704010 21.118774 52.622009 0.066436
390.000000 380.945953 186.144104 15.218323 40.282715 0.058263
390.000000 481.046295 186.272446 14.789612 34.389771 0.054383
390.000000 592.671265 166.117905 15.513916 38.202271 0.052805
420.000000 65.618973 185.927460 25.663071 67.794067 0.946537
420.000000 25.570854 184.599640 29.968582 72.198273 0.871916
420.000000 0.941099 198.648468 17.166464 45.081329 0.549709
420.000000 495.210449 178.933624 14.559326 36.339539 0.365633
420.000000 17.885979 201.435059 19.260777 47.695068 0.293660
420.000000 68.694168 183.766327 15.176117 35.243134 0.144100
420.000000 0.080303 195.427139 10.833860 39.869720 0.127720
420.000000 484.536194 152.305847 27.647400 63.150482 0.098036
420.000000 44.330463 217.001328 16.435097 40.217331 0.073831
420.000000 618.767639 144.517975 17.611206 51.230469 0.073442
420.000000 43.068569 192.208282 13.668152 33.723145 0.065064
420.000000 36.242741 205.148895 19.959282 51.147675 0.063849
420.000000 15.725032 201.986023 14.174104 35.352234 0.061227
420.000000 253.989868 137.120056 16.702026 40.910980 0.056798
420.000000 452.047729 182.236603 17.079285 40.953735 0.056013
420.000000 23.911139 191.450256 22.587473 47.550751 0.050283
450.000000 48.050442 187.964127 27.880238 66.142273 0.966704
450.000000 2.647120 181.406708 33.942688 78.154083 0.715430
450.000000 0.008469 193.549362 12.715000 63.896805 0.079063
450.000000 377.888153 168.867264 18.023682 41.670227 0.064356
480.000000 33.398075 182.805222 28.683014 72.693573 0.913207
480.000000 0.000000 179.864761 24.819309 72.079376 0.844843
480.000000 503.961365 174.239090 15.122559 35.122650 0.280272
480.000000 587.223145 116.917351 12.480103 28.709465 0.268509
480.000000 88.890198 46.338551 14.869568 33.923351 0.155889
480.000000 229.667557 135.020203 15.756683 36.824371 0.138847
480.000000 25.146227 43.294685 12.036306 25.625816 0.114547
480.000000 563.502686 148.709839 15.367676 34.580078 0.103370
480.000000 38.803772 179.499496 19.950142 46.696106 0.092894
480.000000 623.833740 135.460480 15.156494 31.377533 0.091125
480.000000 11.736029 43.596546 14.437233 34.827557 0.079254
480.000000 233.190643 124.356590 25.620667 62.472740 0.069148
480.000000 5.534634 197.871475 23.050007 61.027939 0.065100
480.000000 549.620422 44.633369 12.555664 28.638298 0.061740
480.000000 543.152954 43.980072 11.677368 26.925865 0.060380
480.000000 450.671387 0.201803 12.612305 24.503172 0.056125
480.000000 268.392456 152.225861 19.075195 46.267822 0.052530
480.000000 530.184448 38.550087 11.315308 27.097649 0.052351
510.000000 506.763580 19.504436 13.418732 30.958527 0.345911
510.000000 117.581543 26.328274 16.834534 39.114643 0.288727
510.000000 539.396790 166.195572 13.729980 31.377075 0.274363
510.000000 179.314392 130.609207 26.735321 65.912842 0.218220
510.000000 495.046112 165.606781 16.583435 39.084961 0.187802
510.000000 45.589748 37.339233 14.308212 33.172211 0.124299
510.000000 200.876831 120.175354 32.730988 81.399475 0.117400
510.000000 120.370399 25.912525 10.889091 29.126572 0.116386
510.000000 19.643917 32.574501 12.785355 30.622841 0.081791
510.000000 589.562744 109.126328 12.513794 27.620728 0.055037
510.000000 87.030067 35.319870 15.006821 34.444176 0.054998
510.000000 111.652748 26.360258 24.110725 54.985039 0.053943
510.000000 190.502441 133.672989 22.127930 58.405609 0.052277
540.000000 20.976820 179.409622 29.094812 73.687378 0.982262
540.000000 482.425964 172.123993 14.696045 36.724487 0.579009
540.000000 113.055626 30.170635 20.314384 47.255436 0.464662
540.000000 84.636177 38.337997 13.489471 31.241562 0.293365
540.000000 130.963058 27.491146 15.078308 35.097313 0.170881
540.000000 116.136101 29.157488 14.691536 33.631706 0.143686
540.000000 385.493011 186.750580 19.020813 45.735901 0.083500
540.000000 41.357155 39.236656 15.597244 33.637230 0.058086
540.000000 15.524607 34.050659 13.093056 29.214088 0.053557
540.000000 108.793846 29.101067 28.492439 69.818466 0.050342
570.000000 17.785788 181.889664 29.274607 73.212769 0.970973
570.000000 461.960968 166.963730 19.070190 47.618256 0.367899
570.000000 591.455078 114.424095 13.179565 30.162376 0.298373
570.000000 54.652557 170.506912 15.351791 35.741791 0.157103
570.000000 612.999878 156.916107 14.252930 34.142883 0.146705
570.000000 455.243225 142.235977 26.881165 72.684814 0.135403
570.000000 587.450684 175.136673 13.347900 32.011383 0.093447
570.000000 434.915497 174.026169 17.684387 41.597595 0.077384
570.000000 11.134435 36.002430 15.539165 34.128933 0.065506
600.000000 438.628174 171.027740 17.691650 45.028381 0.648810
600.000000 415.058075 188.794601 16.180725 40.770203 0.158171
600.000000 569.961060 178.297516 13.735107 32.035736 0.153757
600.000000 592.302551 114.655197 13.885986 30.599976 0.152105
600.000000 426.353790 180.698166 16.032837 38.812073 0.138506
600.000000 575.524414 178.258102 13.429443 32.521606 0.092477
600.000000 382.123474 195.597382 12.744263 30.697632 0.090734
600.000000 43.025513 104.839973 16.583130 40.430214 0.082949
600.000000 365.224335 185.561981 19.515320 44.992462 0.069265
600.000000 11.023778 34.240868 15.838881 35.876068 0.065401
630.000000 83.420166 40.862373 17.046127 40.378265 0.611279
630.000000 355.763611 201.827805 13.796143 31.081909 0.480903
630.000000 339.640594 201.331924 14.983887 35.668823 0.405619
630.000000 114.286537 33.136230 16.400734 37.641190 0.364240
630.000000 219.159393 202.844711 24.284882 56.116653 0.210667
630.000000 79.680038 40.328110 25.360718 58.974411 0.171500
630.000000 500.220276 172.638138 14.531616 37.081818 0.156267
630.000000 348.157654 199.153503 14.042175 32.112030 0.135850
630.000000 334.733276 196.260651 15.877197 37.061890 0.099761
630.000000 96.072189 40.881634 18.458954 40.889500 0.089179
630.000000 12.017290 37.676331 13.882191 32.445938 0.088419
630.000000 127.181763 32.397171 16.061951 36.285866 0.083979
630.000000 591.941345 117.406113 12.688354 28.697052 0.065100
630.000000 395.761627 191.921219 17.778137 44.551117 0.058695
630.000000 101.111038 40.520412 12.687347 28.684528 0.056725
660.000000 334.991486 195.321060 16.247803 38.982330 0.263743
660.000000 341.882446 204.332855 13.536621 30.163971 0.249733
660.000000 385.127350 194.283005 14.182434 35.840790 0.174452
660.000000 325.998962 204.144608 14.494141 33.268188 0.165422
660.000000 408.781006 176.161621 18.774231 45.435059 0.127761
660.000000 543.809692 168.107727 16.432983 40.268372 0.127514
660.000000 531.168884 187.173065 15.252441 35.320282 0.115704
660.000000 615.815552 157.947586 14.552246 35.365234 0.105576
660.000000 536.189209 190.174316 14.815186 34.666748 0.081562
660.000000 500.600128 142.456665 26.811798 68.160492 0.071895
660.000000 494.099365 183.384064 11.401489 30.054688 0.068817
660.000000 496.377808 180.531647 19.872192 44.103790 0.054857
690.000000 375.871063 170.336426 18.070496 42.962097 0.337783
690.000000 591.489746 115.216377 13.769653 31.350761 0.294251
690.000000 491.645264 159.335327 15.977600 36.909698 0.209411
690.000000 371.986725 169.347061 25.386963 66.542480 0.125105
690.000000 398.457703 173.665192 18.729004 46.262360 0.124820
690.000000 587.734558 115.209091 21.592041 54.947540 0.078275
690.000000 234.463181 196.152206 26.410019 62.100021 0.075736
690.000000 555.165405 42.352467 14.019287 30.182652 0.072991
690.000000 383.462250 180.596344 14.522827 32.516876 0.065085
690.000000 288.218842 179.769547 22.172668 52.139252 0.062968
690.000000 504.368256 33.808044 14.778046 32.698280 0.059547
720.000000 282.652924 193.876770 16.656555 36.971191 0.643777
720.000000 55.789539 159.317139 27.824596 65.389252 0.466601
720.000000 320.060608 199.432800 17.129883 40.159180 0.375193
720.000000 301.850098 193.926575 14.486023 34.212219 0.223710
720.000000 63.683533 160.563660 20.413345 45.582153 0.209375
720.000000 506.850739 17.174723 15.725067 36.027763 0.113791
720.000000 292.133514 195.619705 14.498108 31.183716 0.096732
720.000000 156.386414 160.213943 27.161438 62.915100 0.092438
720.000000 49.182976 159.173798 42.371780 100.219543 0.086795
720.000000 615.159363 150.586090 12.013794 29.849243 0.071691
720.000000 592.018127 106.279823 13.508911 29.483223 0.064482
750.000000 85.017288 25.720753 14.850891 37.174423 0.602814
750.000000 80.823540 25.815361 21.236938 53.546661 0.273688
750.000000 11.176092 23.613575 14.211903 32.870453 0.248040
750.000000 591.439453 103.105255 13.218872 30.468903 0.213062
750.000000 116.149254 17.792677 17.642128 41.311348 0.140565
750.000000 47.519009 30.455853 16.696796 37.970921 0.117052
750.000000 186.833603 47.291321 15.597595 34.929337 0.112038
750.000000 107.943382 25.204081 12.311432 30.645201 0.106329
750.000000 507.127380 12.904993 15.795166 35.867111 0.096169
750.000000 36.693043 27.467930 15.039108 34.824951 0.092345
750.000000 294.965759 173.835449 17.806458 42.812317 0.061494
750.000000 105.829475 25.239864 17.743378 43.973392 0.061247
780.000000 11.247305 25.949572 14.962975 34.702858 0.337153
780.000000 184.270569 199.541611 17.321594 38.925964 0.214621
780.000000 614.981018 148.020752 13.891113 33.051422 0.207320
780.000000 81.125244 31.700703 14.749725 33.097729 0.130033
780.000000 592.454834 106.158363 12.898315 28.995583 0.088117
780.000000 196.937866 197.566589 17.161713 38.881866 0.077531
780.000000 507.020844 16.956034 14.218719 32.666359 0.074241
780.000000 213.067917 200.282227 16.128601 37.246857 0.057317
780.000000 37.691067 30.455381 15.752815 34.579041 0.054504
780.000000 191.364532 199.868317 16.154388 36.927856 0.053959
780.000000 443.780762 90.613632 14.259583 30.187561 0.052696
810.000000 498.604340 145.179749 14.515778 35.550171 0.188787
810.000000 593.229187 111.421265 12.185181 28.584869 0.186365
810.000000 617.620483 156.322067 11.171631 30.803070 0.146876
810.000000 109.939301 27.125778 22.398529 52.227127 0.122606
810.000000 82.526886 34.091400 18.636017 44.062820 0.086511
810.000000 11.461102 31.181107 13.547420 33.501656 0.085689
810.000000 604.531311 150.119217 14.670776 34.501404 0.080274
810.000000 609.198303 154.052536 16.202393 38.100983 0.063430
840.000000 110.447357 30.809311 16.574753 39.329391 0.514572
840.000000 592.841187 114.828682 12.591187 27.101311 0.306187
840.000000 47.060085 41.645958 16.539810 40.243523 0.227486
840.000000 8.094002 34.763187 15.774435 35.700420 0.172146
840.000000 34.330330 39.018242 25.615974 56.796463 0.162164
840.000000 36.345024 39.282593 17.141953 39.795044 0.152953
840.000000 82.008408 38.494568 16.038940 36.979263 0.149086
840.000000 494.982635 148.400345 20.622528 48.296448 0.095398
840.000000 567.680176 148.541656 15.516235 36.090790 0.090238
840.000000 613.041870 135.942719 12.969360 29.328369 0.083307
840.000000 605.901917 135.277328 23.260376 59.636780 0.060408
870.000000 185.036835 59.054207 15.231384 35.123917 0.147254
870.000000 499.144043 151.369217 19.315735 49.844299 0.086420
870.000000 564.637329 147.867416 17.578857 41.335358 0.062319
870.000000 108.957855 31.658804 20.256775 44.858284 0.060011
900.000000 0.249063 68.277611 47.952652 200.384155 0.490208
900.000000 594.267212 121.127892 11.694214 26.043480 0.202387
900.000000 0.000000 91.961830 27.169518 169.325684 0.148875
900.000000 588.803589 155.610001 19.571533 44.222168 0.121849
900.000000 612.940247 141.575089 14.035034 31.275146 0.109574
900.000000 556.030640 47.143616 14.443481 32.576424 0.082409
900.000000 592.729797 157.071915 13.338867 31.298584 0.070405
900.000000 523.352234 30.185558 15.577148 38.269138 0.063593
900.000000 75.540321 129.817703 19.541061 43.104889 0.059365
900.000000 494.213043 166.819336 15.818420 37.221466 0.058748
900.000000 184.618317 62.780407 14.668121 33.710087 0.050737
930.000000 0.000000 189.286652 26.486120 77.904083 0.969123
930.000000 593.108215 122.090576 15.145142 35.426483 0.354210
930.000000 183.494019 64.524261 15.758270 35.930557 0.308410
930.000000 589.948181 122.090881 21.549316 56.017212 0.296972
930.000000 111.488708 34.091690 14.981979 36.161499 0.196287
930.000000 78.536247 43.540092 12.078125 30.055687 0.140494
930.000000 3.577600 39.462830 18.847420 42.500290 0.090638
930.000000 107.461334 34.335789 21.401215 52.603039 0.082544
930.000000 1.234817 39.718937 27.441433 69.690460 0.080737
930.000000 87.713745 46.119404 13.071701 31.473881 0.074409
930.000000 77.132721 43.110329 19.788391 46.591705 0.073689
930.000000 596.959656 126.456085 14.765137 37.022430 0.072462
930.000000 42.942261 47.491497 16.587723 36.591190 0.068323
930.000000 569.668335 156.053497 15.969849 36.670929 0.063525
930.000000 135.325851 38.985382 13.384277 32.646095 0.062675
930.000000 58.876171 194.644073 15.200222 35.140594 0.056349
930.000000 494.404572 168.463760 14.131714 31.176605 0.055432
930.000000 15.398929 203.246948 25.465591 61.688385 0.051388
960.000000 0.610406 193.580444 23.095135 74.792572 0.921287
960.000000 110.958221 34.519356 16.825592 36.146477 0.445619
960.000000 77.960014 44.977058 13.797226 33.229187 0.441613
960.000000 494.405762 168.576324 14.596863 33.733765 0.343838
960.000000 548.046875 50.222351 11.998047 28.256042 0.333527
960.000000 594.443237 124.084549 12.790649 29.486267 0.275570
960.000000 41.619858 48.064140 15.623642 34.540451 0.218466
960.000000 124.407005 33.690178 15.730446 37.047966 0.203715
960.000000 624.412964 174.211914 13.181641 36.527466 0.181643
960.000000 185.063141 64.778580 13.817780 32.185394 0.145518
960.000000 507.251373 44.070564 13.982941 32.896935 0.143901
960.000000 501.066498 166.223602 16.914825 43.853638 0.142672
960.000000 105.574402 34.938843 23.358276 56.337990 0.131949
960.000000 620.876526 173.168564 17.645020 54.788025 0.131125
960.000000 606.683533 165.065109 18.990601 46.125824 0.127470
960.000000 556.838989 51.284920 13.537231 29.886566 0.098358
960.000000 157.356110 52.522652 14.897644 33.660553 0.097424
960.000000 492.375580 166.538300 21.359833 49.339142 0.097235
960.000000 123.238487 31.569672 21.489540 54.445755 0.072334
960.000000 591.290405 123.874001 19.598511 46.454643 0.072329
960.000000 131.031448 32.616318 14.565063 34.110077 0.069671
960.000000 523.377441 35.624245 15.462891 36.061134 0.068036
960.000000 64.415733 185.587646 13.312119 29.858398 0.053480
960.000000 100.587395 43.761555 15.625061 36.391903 0.051340
960.000000 37.042831 45.735352 22.435936 50.849304 0.050988
990.000000 0.256344 193.262344 23.291010 75.673538 0.908511
990.000000 594.014587 125.289902 14.872314 33.948578 0.416850
990.000000 548.657104 51.362263 11.620483 26.446400 0.389640
990.000000 556.310059 51.342819 13.492432 30.439407 0.382124
990.000000 522.929993 47.502060 12.002441 28.740921 0.209067
990.000000 506.576172 41.791393 15.558472 39.727924 0.195269
990.000000 596.143982 159.722229 26.721069 66.925690 0.074204
990.000000 77.993729 45.394489 13.294022 29.936436 0.057249
990.000000 515.450928 33.722507 14.602051 33.898708 0.054419
990.000000 8.839708 195.868225 27.064390 72.064911 0.053500
990.000000 605.356262 164.688660 17.741333 41.786987 0.053460
1020.000000 0.000000 190.994644 22.635895 80.118271 0.684227
1020.000000 77.249298 43.373768 18.038452 42.883694 0.616463
1020.000000 39.887932 46.236687 17.975754 42.270996 0.343537
1020.000000 186.544693 61.915398 12.987000 31.808823 0.232660
1020.000000 29.636835 42.740738 16.587408 33.378166 0.215135
1020.000000 110.576859 34.399399 16.182846 39.967384 0.210789
1020.000000 599.457642 124.588074 13.511108 31.794586 0.191201
1020.000000 72.382019 42.520515 25.420044 62.958527 0.150127
1020.000000 106.695168 34.282204 23.932152 56.133797 0.147553
1020.000000 2.637616 38.713551 17.334694 43.149960 0.135229
1020.000000 148.574677 47.539265 14.350555 33.514034 0.131498
1020.000000 562.072021 50.880047 11.803101 27.805622 0.123195
1020.000000 87.642113 47.267921 17.016205 39.692474 0.107012
1020.000000 79.772537 43.279694 11.613449 31.448326 0.104352
1020.000000 498.150024 170.299576 16.377869 37.155273 0.076356
1020.000000 29.390446 45.245075 24.214142 51.303295 0.064377
1020.000000 596.188965 124.216400 18.827881 47.102814 0.060795
1020.000000 0.228395 38.569393 26.371391 68.614090 0.052365
1050.000000 86.374176 193.194550 33.163986 81.864319 0.990910
1050.000000 617.747681 150.465408 21.860596 77.596954 0.403981
1050.000000 66.526276 33.403004 15.176910 34.892818 0.230141
1050.000000 619.414917 156.199799 17.275513 44.838593 0.208169
1050.000000 54.923496 36.335129 15.961369 36.273933 0.174024
1050.000000 292.514679 60.489265 11.566528 30.412720 0.110039
1050.000000 610.219543 166.915054 15.007568 40.673492 0.058722
1050.000000 176.782257 39.941849 15.730011 34.825394 0.053849
1050.000000 609.701660 151.952881 29.713867 114.189941 0.051442
1080.000000 370.421844 181.917450 38.787964 96.344910 0.991519
1080.000000 6.849327 188.982742 48.013752 115.082657 0.987398
1080.000000 203.877563 201.778519 43.611023 104.206589 0.963552
1080.000000 113.829407 183.702347 50.495453 118.087296 0.808960
1080.000000 180.539459 177.086365 46.372620 107.479797 0.787220
1080.000000 581.360046 190.844162 15.494751 34.540039 0.088556
1080.000000 202.293579 203.017899 30.363495 74.728561 0.061161
1080.000000 503.345337 10.070883 14.396667 31.540705 0.060986
1080.000000 172.394379 203.269226 34.827454 72.695526 0.055728
1110.000000 299.548340 171.858612 61.877869 146.271759 0.991138
1110.000000 555.901428 193.267700 53.177734 133.779785 0.987689
1110.000000 442.425354 167.587463 62.708862 155.213898 0.964465
1110.000000 523.037903 161.827423 57.682983 134.517700 0.817792
1110.000000 213.664154 208.463730 43.883179 102.951035 0.121152
1110.000000 544.538452 196.520020 44.586304 106.794830 0.089693
1140.000000 54.506195 206.070465 15.075935 34.214355 0.244155
1140.000000 285.460907 240.416580 14.892639 36.247269 0.108151
1140.000000 83.204323 198.495239 15.558502 37.647491 0.105724
1170.000000 76.733398 174.110840 24.473770 55.711121 0.089827
1200.000000 267.522308 163.518372 16.155762 40.112762 0.428955
1200.000000 260.237152 161.764862 24.378174 62.455261 0.281367
1200.000000 296.853638 145.992126 16.043701 41.817566 0.279913
1200.000000 278.359772 163.564636 13.985535 34.076416 0.223430
1200.000000 269.153687 177.821472 13.173889 33.061737 0.132474
1200.000000 90.881653 171.173630 13.752060 33.946960 0.110668
1200.000000 239.664841 175.360199 18.255142 44.482147 0.102327
1230.000000 54.847092 180.454742 12.463753 30.417145 0.310579
1230.000000 4.544519 174.605286 18.072645 45.138397 0.308440
1230.000000 72.210976 183.153519 11.282135 25.762848 0.297222
1230.000000 425.704224 154.957779 19.351868 46.614014 0.219102
1230.000000 394.236115 159.452286 29.145996 68.004303 0.157888
1230.000000 148.470016 173.831375 12.091461 26.547150 0.128146
1230.000000 425.222504 154.367935 14.653442 32.347443 0.083735
1230.000000 144.900620 178.442184 13.862823 33.347473 0.065375
1260.000000 496.015137 132.410629 23.162781 56.538330 0.709435
1260.000000 500.524902 147.751923 16.526367 36.061218 0.117797
1260.000000 63.888191 182.937256 13.382309 31.965210 0.073603
1260.000000 477.190979 125.029175 34.265320 80.330078 0.056292
1260.000000 22.286240 181.851303 14.015587 31.900452 0.055490
1290.000000 585.658203 152.569672 16.346069 38.600037 0.052947
1320.000000 544.485718 139.268585 21.992065 50.436432 0.828469
1320.000000 99.588211 190.349091 18.357880 48.424713 0.742060
1320.000000 22.992924 172.717972 18.134636 43.578674 0.082527
1350.000000 538.254578 144.842163 24.548218 60.938629 0.951129
1350.000000 535.312683 144.740585 19.353882 47.150787 0.270597
1350.000000 534.094238 146.681168 12.655518 28.265991 0.126938
1350.000000 474.979034 134.432434 16.810852 40.892242 0.095174
1350.000000 539.911621 143.805832 13.481079 32.450226 0.077343
1350.000000 49.467148 187.145157 13.136383 31.243164 0.066599
1350.000000 570.491699 134.948029 19.492432 43.098969 0.062929
1350.000000 547.213257 135.874924 25.260986 70.592896 0.057992
1350.000000 598.025391 126.007706 23.126343 65.237610 0.051492
1380.000000 514.975220 155.456894 27.651123 65.650635 0.819767
1380.000000 517.544617 155.296234 18.625000 45.342285 0.215187
1380.000000 14.071517 187.810226 17.208694 41.121185 0.195264
1380.000000 515.092712 173.998398 16.073486 32.655884 0.149482
1380.000000 57.343330 201.477234 12.236427 26.414856 0.105199
1380.000000 510.877106 175.745789 14.349091 30.711639 0.088387
1380.000000 618.947327 124.404755 20.691284 75.235046 0.054433
1410.000000 495.295197 160.911911 26.768097 64.114197 0.967069
1410.000000 10.350933 195.294632 17.685139 39.963562 0.249622
1410.000000 613.916077 136.848755 16.200195 42.316071 0.130457
1410.000000 603.867004 133.234924 27.255737 68.216644 0.113563
1410.000000 535.330444 159.656815 18.063599 43.716583 0.103446
1410.000000 533.455383 163.958221 12.984253 33.038025 0.098099
1410.000000 505.087280 164.767334 22.696289 56.588959 0.062428
1410.000000 5.017323 193.579346 24.371273 58.955811 0.056983
1410.000000 520.430298 160.190659 15.627197 37.102234 0.055304
1440.000000 2.899125 196.291595 16.304276 48.504517 0.414135
1440.000000 482.230743 165.350082 15.628357 35.549927 0.156160
1440.000000 0.000000 193.480194 13.494630 67.529205 0.067549
1470.000000 469.817596 159.048004 23.384094 58.595062 0.975344
1470.000000 483.892944 176.788147 15.652039 33.750946 0.133713
1470.000000 464.841339 169.127167 20.373047 46.549408 0.092516
1470.000000 480.443939 158.730270 13.828003 30.243103 0.076933
1470.000000 476.858978 175.550323 19.309692 40.823547 0.065914
1470.000000 472.187164 159.569321 17.029785 40.093628 0.056656
1500.000000 2.835381 214.274017 12.310871 33.480011 0.110656
1530.000000 2.752542 217.992401 16.231165 38.473633 0.178044
1530.000000 542.316345 181.111954 21.340576 56.460022 0.110274
1590.000000 78.063431 218.559143 11.995667 30.668518 0.221904
1590.000000 88.795135 220.738388 9.756256 26.363556 0.174832
1590.000000 82.929253 219.462067 9.801056 27.392426 0.106652
1590.000000 61.197769 221.245636 11.329727 28.008820 0.052883
1620.000000 81.116890 219.824081 11.470444 28.587677 0.229356
1620.000000 50.740227 200.405106 15.232719 38.243042 0.150361
1650.000000 133.594650 212.753448 11.340942 27.888000 0.227088
1650.000000 144.360870 214.053040 10.918152 26.259827 0.064073
1680.000000 422.463165 203.308228 10.777710 29.091553 0.090528
1680.000000 404.878143 20.842407 14.116577 31.601601 0.070407
1710.000000 615.299866 191.741013 12.368530 31.334412 0.223669
1710.000000 557.174805 47.716473 15.491455 34.519596 0.202312
1710.000000 625.820496 191.644531 14.009155 42.433960 0.091931
1710.000000 61.590263 214.318512 14.077515 34.038239 0.086786
1710.000000 568.500061 187.846130 17.717651 42.262756 0.068429
1710.000000 354.507080 217.900314 9.875793 24.097504 0.065887
1710.000000 310.184723 218.712143 10.487244 24.379364 0.053798
1710.000000 442.168579 194.996979 13.178894 30.093903 0.050137
1740.000000 90.014046 226.938843 14.183609 33.430969 0.171495
1740.000000 579.846619 102.120682 13.871582 32.316071 0.125156
1740.000000 14.000591 219.006821 17.964123 42.612137 0.093936
1740.000000 0.000000 216.564407 13.053796 47.937332 0.062737
1740.000000 41.348408 232.975586 11.844765 28.890228 0.058878
1770.000000 142.539566 233.821426 14.657257 30.859085 0.222256
1770.000000 529.526611 195.962006 15.703125 37.277130 0.211947
1770.000000 491.422241 128.328491 16.438049 36.369812 0.157761
1770.000000 276.611298 208.239670 19.316956 47.357941 0.115135
1770.000000 505.993164 192.390442 13.292847 31.499878 0.081565
1770.000000 579.686646 188.787094 16.916138 39.483917 0.081486
1770.000000 511.599457 190.172623 18.590363 45.908203 0.050873
1770.000000 610.107605 169.591370 17.064087 38.862427 0.050141
1800.000000 416.147614 164.407867 25.543213 59.720184 0.108686
1830.000000 464.865234 137.320984 21.856567 55.696930 0.080291
