30.000000 520.482483 165.511215 24.629517 63.333679 0.994244
30.000000 470.612152 178.020004 24.641418 60.361938 0.990668
30.000000 458.879639 178.903519 18.170715 42.226013 0.905668
30.000000 219.857605 183.201385 12.877502 32.463837 0.325551
30.000000 373.214600 188.226364 14.369995 34.191833 0.274841
30.000000 455.030334 179.838181 16.652466 34.293457 0.245378
30.000000 78.475967 207.470963 14.714142 36.632538 0.234857
30.000000 369.490265 186.650452 11.402222 31.326477 0.212085
30.000000 42.740894 191.198517 12.931915 34.172516 0.210883
30.000000 17.113113 185.011749 13.168903 34.052582 0.168188
30.000000 519.572327 174.891388 12.239868 27.162689 0.138215
30.000000 430.506409 180.054962 21.610229 52.193329 0.128795
30.000000 365.233368 186.826935 12.273254 30.291870 0.115850
30.000000 537.155457 163.033844 14.867798 37.385101 0.105629
30.000000 215.152847 180.660339 20.853058 48.416138 0.103151
30.000000 180.858307 182.345596 13.488403 30.545380 0.090441
30.000000 404.078156 191.654922 14.947937 35.477081 0.082439
30.000000 195.529633 181.633545 16.208679 36.984558 0.079077
30.000000 443.026581 167.360016 20.163147 45.728760 0.077075
30.000000 395.372437 190.187180 18.380615 40.073822 0.075927
30.000000 534.629211 163.798630 20.819458 52.216980 0.071585
30.000000 21.940971 190.527115 12.513771 31.555267 0.068345
30.000000 417.121002 187.898132 16.477600 38.708282 0.066716
30.000000 154.919220 179.776718 14.752686 35.599365 0.066534
30.000000 71.809471 173.279449 24.785004 70.007202 0.056585
30.000000 522.216248 165.459900 18.354126 40.550964 0.053926
30.000000 362.414185 190.020264 10.769531 28.285248 0.051787
30.000000 401.313538 200.804993 14.247620 30.207001 0.051233
30.000000 389.360046 189.735367 17.747986 42.168121 0.050433
60.000000 523.086914 178.014206 25.430664 61.566925 0.974550
60.000000 458.419067 179.326141 18.974182 44.822968 0.896789
60.000000 118.721870 175.697983 28.381065 77.606659 0.787856
60.000000 531.695312 176.136383 24.839600 62.792328 0.636891
60.000000 370.564758 195.002045 10.698914 28.998260 0.294805
60.000000 355.549500 189.902679 12.245850 31.496429 0.277084
60.000000 209.161407 184.755814 14.046051 33.297607 0.233387
60.000000 125.796577 175.972870 16.477470 40.068481 0.225374
60.000000 362.798248 194.084351 10.960571 28.660217 0.215846
60.000000 452.875275 183.109253 15.729126 32.949799 0.194851
60.000000 400.553833 193.595520 14.254395 34.354828 0.170513
60.000000 223.283051 191.829727 11.184784 29.212433 0.163399
60.000000 450.840515 189.407501 12.514465 26.696472 0.136889
60.000000 59.272709 200.500900 12.700916 30.901489 0.133301
60.000000 419.251923 183.845718 12.022583 32.064026 0.105021
60.000000 365.624695 191.766953 12.714783 31.277283 0.098887
60.000000 187.135468 185.132874 16.135742 37.328186 0.095189
60.000000 377.254120 193.443253 13.381287 32.343750 0.091093
60.000000 181.142426 183.685715 13.925842 33.307556 0.089697
60.000000 385.091614 193.378021 16.681396 39.763336 0.086266
60.000000 0.000000 196.286713 11.088413 53.344604 0.079033
60.000000 272.748413 176.842606 17.198120 41.050049 0.073652
60.000000 125.160477 198.300034 19.551300 46.845703 0.070711
60.000000 536.700439 181.472870 12.980591 32.931885 0.051673
90.000000 538.455933 172.345520 28.818359 70.509613 0.995468
90.000000 579.442993 179.672623 26.630249 65.379333 0.981986
90.000000 459.207275 184.727997 18.216919 43.627472 0.840985
90.000000 186.113098 183.126724 13.291840 32.545013 0.424224
90.000000 174.197250 187.013031 12.422760 29.467102 0.261161
90.000000 9.303102 206.107422 11.939291 27.902740 0.164914
90.000000 5.168781 204.934586 12.416672 29.126251 0.111099
90.000000 182.129578 181.795898 20.100372 49.394348 0.092409
90.000000 451.929962 92.808403 22.753174 52.518272 0.081948
90.000000 180.857208 186.150513 15.621368 32.384247 0.076240
90.000000 203.231888 188.812881 14.248688 33.652008 0.073833
90.000000 0.000000 196.022583 10.189991 47.997742 0.069863
90.000000 610.930176 199.223999 11.542480 25.853973 0.058134
90.000000 193.724472 187.348923 13.854218 30.277252 0.050669
120.000000 547.239990 175.387695 29.502075 73.774963 0.994951
120.000000 235.888565 182.474869 31.855087 77.153915 0.992785
120.000000 457.502350 187.727020 19.444336 47.291626 0.984673
120.000000 0.523962 204.020645 13.253618 34.022858 0.482977
120.000000 229.843552 212.968811 20.287720 46.971069 0.364666
120.000000 281.419800 172.148224 16.598816 41.949463 0.160380
120.000000 441.867523 201.330109 11.013916 25.059845 0.149203
120.000000 348.961578 200.230835 13.392517 32.204956 0.146479
120.000000 336.087555 194.648987 15.732117 38.046082 0.110015
120.000000 366.493103 200.930420 14.609375 37.132172 0.104902
120.000000 345.329041 202.292755 12.563232 30.018066 0.094511
120.000000 546.985657 181.977066 16.589355 38.211426 0.077564
120.000000 376.225159 201.372620 17.116394 42.117615 0.072129
120.000000 357.193176 202.177353 12.067200 29.296387 0.071768
120.000000 191.984039 206.841141 15.179565 34.606476 0.063000
120.000000 260.931183 184.213470 19.345764 45.049225 0.058590
120.000000 411.024506 186.581161 22.465332 59.844818 0.050068
150.000000 565.656799 176.992523 30.091675 75.809998 0.995513
150.000000 296.435730 184.631485 30.255249 76.837234 0.995046
150.000000 456.421326 190.062378 20.566406 50.087830 0.974216
150.000000 11.925679 147.101837 17.409573 43.093994 0.425591
150.000000 437.683594 204.433365 11.679565 25.386993 0.236357
150.000000 42.857750 167.120361 12.835587 26.435059 0.231340
150.000000 376.749207 207.468842 17.525879 39.198853 0.223541
150.000000 327.506134 211.284119 14.032959 27.833252 0.200309
150.000000 413.160461 202.633453 18.559631 47.288300 0.153840
150.000000 23.979210 148.750397 13.765694 32.804840 0.150810
150.000000 339.665253 203.878601 12.189941 30.605438 0.133107
150.000000 40.706661 166.065247 17.008652 41.915131 0.101167
150.000000 347.210175 202.562729 12.687866 32.027313 0.100593
150.000000 23.162100 147.165512 24.602770 60.501404 0.083339
150.000000 58.868229 165.851974 12.266209 25.517395 0.078177
150.000000 126.417084 208.392548 10.510071 27.346405 0.076467
150.000000 11.899654 146.174469 12.725700 29.785248 0.061928
150.000000 55.250027 166.110855 11.633533 25.000793 0.058942
180.000000 585.582886 177.110657 31.383667 78.541199 0.991968
180.000000 359.144379 186.393692 31.148987 77.224838 0.983248
180.000000 461.067261 190.292694 21.283203 52.782715 0.960111
180.000000 431.007385 183.120270 19.070923 47.959137 0.558828
180.000000 337.104126 203.523117 12.978821 33.099579 0.334607
180.000000 434.163910 206.477585 10.893250 24.953217 0.169979
180.000000 12.400437 226.019485 14.974868 34.856339 0.162120
180.000000 373.069000 184.974762 24.297058 65.061188 0.109174
180.000000 378.179596 186.487671 15.672729 37.995300 0.098449
180.000000 574.421448 182.363663 21.770752 54.543243 0.097222
180.000000 409.073395 196.406708 24.647888 58.202454 0.096552
180.000000 191.495331 199.184128 11.005524 28.173096 0.085989
180.000000 27.926010 212.949051 13.279732 33.760864 0.069288
180.000000 141.501190 195.187820 13.138977 29.765106 0.068657
180.000000 125.771484 197.479858 12.500153 33.249207 0.068602
180.000000 343.738434 203.838898 13.210754 32.129730 0.058281
180.000000 36.465523 208.519073 13.251289 37.223053 0.054042
180.000000 0.214558 216.754623 10.610950 41.209793 0.053537
210.000000 599.525330 177.456802 32.405273 80.840134 0.995830
210.000000 427.839508 187.668381 30.794617 75.582138 0.987740
210.000000 462.966705 189.756180 22.621399 56.080627 0.948513
210.000000 335.675171 204.177475 11.589233 32.389038 0.578471
210.000000 370.950623 209.168030 18.204590 42.802216 0.283397
210.000000 339.776428 206.563904 12.524597 30.546906 0.256011
210.000000 348.730591 209.180771 13.225830 32.141174 0.253976
210.000000 430.676910 145.208893 13.854614 33.340820 0.253185
210.000000 419.029175 142.831421 13.698364 31.382080 0.219581
210.000000 416.988708 190.376114 28.692505 73.122482 0.173268
210.000000 369.771606 223.532883 12.635681 28.215729 0.093413
210.000000 21.589066 154.224915 13.151806 33.003265 0.077794
210.000000 355.564880 211.853821 14.206543 32.152588 0.069632
210.000000 414.639099 143.240997 20.136475 46.833252 0.054602
240.000000 599.248047 177.167862 32.143799 81.549973 0.996263
240.000000 490.407104 185.803726 29.733215 73.344620 0.978978
240.000000 465.453888 189.860031 22.528992 55.953705 0.962802
240.000000 103.091316 212.254364 12.295700 32.543579 0.514251
240.000000 368.022980 222.275070 13.616821 31.499023 0.393551
240.000000 14.929665 212.024582 14.430481 33.044525 0.374994
240.000000 345.299988 209.024994 13.298706 32.185638 0.337691
240.000000 156.696960 197.134354 12.170990 31.359467 0.267283
240.000000 427.215851 145.499649 17.767578 42.020935 0.258646
240.000000 431.534058 209.012817 11.411255 24.340607 0.234169
240.000000 356.595520 212.517471 13.846985 32.878387 0.207449
240.000000 371.992737 210.168381 18.713318 41.989716 0.200419
240.000000 334.568146 204.982590 13.234741 33.012329 0.193669
240.000000 118.768036 212.588242 12.111679 28.727448 0.181747
240.000000 159.816071 197.400299 14.993500 36.977509 0.171974
240.000000 394.689514 206.616882 17.531372 41.354034 0.130690
240.000000 473.514282 198.476730 15.946960 40.692261 0.123330
240.000000 365.100616 25.154579 11.611755 26.803154 0.102977
240.000000 398.234955 207.482697 11.654114 28.993164 0.099314
240.000000 342.593536 206.722870 11.983704 30.968201 0.086882
240.000000 71.100739 213.505402 11.475357 29.882263 0.073191
240.000000 416.243866 144.233643 19.738770 46.405914 0.066359
240.000000 163.566315 200.399841 15.273041 38.742279 0.058489
240.000000 407.933746 206.572174 19.896667 48.228821 0.056721
240.000000 145.382065 206.820602 13.386536 33.718323 0.052036
240.000000 132.903046 209.138885 12.306946 30.616333 0.051111
270.000000 103.358841 210.272644 12.032379 32.259705 0.533071
270.000000 24.103092 215.060181 13.725128 34.333557 0.530836
270.000000 367.609375 222.969772 13.428894 29.748901 0.401460
270.000000 334.031616 205.369385 13.216187 32.704590 0.301175
270.000000 343.993408 208.793579 12.988037 31.586609 0.160081
270.000000 414.398926 144.356003 21.608032 49.638336 0.143185
270.000000 357.057129 209.396790 13.874695 35.621521 0.139845
270.000000 71.387863 213.496735 11.823654 30.139496 0.122809
270.000000 372.997314 210.407257 17.621765 41.651978 0.109246
270.000000 431.330658 208.135468 10.774231 25.570312 0.109226
270.000000 411.309967 150.843445 16.108459 37.008270 0.094043
270.000000 33.106152 209.530823 15.019699 37.817963 0.083384
270.000000 380.663879 213.350143 16.146606 39.592285 0.078691
270.000000 428.985931 145.024643 15.800476 38.185211 0.078646
270.000000 197.803787 208.436279 12.033905 30.519226 0.076097
270.000000 274.912079 192.461792 13.053223 32.687134 0.056199
270.000000 75.933617 213.184402 12.535965 30.600800 0.055197
270.000000 330.759644 206.603027 11.704468 25.829163 0.054439
270.000000 348.486481 223.903397 10.048950 27.995605 0.051086
270.000000 211.635300 214.289490 11.487854 25.813690 0.050989
300.000000 596.167175 179.753876 32.310791 79.626099 0.989483
300.000000 475.393341 188.899002 24.129578 60.893951 0.985992
300.000000 366.018646 216.787964 15.815125 37.048126 0.528384
300.000000 374.214569 220.166290 15.461121 33.717407 0.392342
300.000000 428.128296 148.691986 16.564331 38.339142 0.279258
300.000000 36.536884 171.052475 13.511932 28.925568 0.219433
300.000000 413.952179 146.088486 21.143311 47.988403 0.133795
300.000000 433.969818 147.589981 16.350037 37.828644 0.083012
300.000000 429.441467 206.138824 12.088989 30.413025 0.079238
300.000000 357.572388 211.791534 15.200806 35.425079 0.076896
300.000000 342.468842 209.550964 15.390564 39.296478 0.074987
300.000000 103.146255 213.074463 12.119400 30.425385 0.069549
300.000000 22.181549 154.745865 12.398876 30.647278 0.055087
300.000000 407.074341 209.200592 19.945618 47.908173 0.054472
300.000000 418.079224 145.515839 14.673889 34.522919 0.050359
330.000000 601.247070 179.290115 30.038696 80.176376 0.996327
330.000000 480.580994 185.022583 27.322510 67.625000 0.982203
330.000000 370.055267 207.616333 19.784912 46.264557 0.689208
330.000000 365.997833 213.808472 17.658020 40.874023 0.354440
330.000000 334.526459 206.751724 13.025879 32.440277 0.289220
330.000000 342.513092 209.506592 13.213501 31.980774 0.248046
330.000000 31.557739 207.668335 13.092461 30.525818 0.217376
330.000000 338.089233 209.837418 13.348022 31.383057 0.141466
330.000000 407.284302 207.864395 18.913696 48.586349 0.141221
330.000000 25.009296 208.622375 21.393494 47.941193 0.132636
330.000000 357.456940 209.946823 15.376282 36.428040 0.131685
330.000000 377.246368 221.133011 14.752441 32.727570 0.116543
330.000000 26.460938 209.460846 14.608963 33.944153 0.112568
330.000000 23.243923 214.201324 12.947624 34.333649 0.102980
330.000000 383.902771 210.368256 16.904907 42.094574 0.089813
330.000000 36.176048 211.411560 14.984795 38.091919 0.089603
330.000000 428.735291 148.263535 15.183044 37.285675 0.087424
330.000000 103.546692 211.269180 11.106201 29.612213 0.069695
330.000000 76.591690 214.233200 11.998718 28.198883 0.061403
330.000000 272.732849 209.486816 11.620056 26.555023 0.061387
360.000000 602.037964 179.120346 30.727539 81.018600 0.995984
360.000000 489.060394 185.193268 26.058380 68.077271 0.991950
360.000000 506.683441 189.250214 15.471649 36.615021 0.452685
360.000000 407.374451 208.871384 19.088928 47.273666 0.368520
360.000000 42.807312 212.756805 13.019348 32.138794 0.348737
360.000000 370.053925 209.565948 19.684509 44.173096 0.155175
360.000000 334.277527 211.013763 11.772339 28.513672 0.154604
360.000000 430.502441 208.455475 11.170349 26.564209 0.152920
360.000000 46.743740 212.151993 11.489197 24.748688 0.137146
360.000000 393.767029 208.922165 16.203674 37.314026 0.136393
360.000000 395.980621 208.411301 10.752563 28.126587 0.113375
360.000000 355.949005 210.830612 14.479919 35.294403 0.107015
360.000000 189.004196 200.410248 10.227783 27.388611 0.104263
360.000000 375.922791 221.685852 14.192505 31.707275 0.103344
360.000000 342.570801 211.486801 11.727478 29.709503 0.091615
360.000000 44.761742 211.890335 17.199699 38.960724 0.070635
360.000000 337.860992 210.722610 12.938904 30.069122 0.067821
360.000000 95.634270 213.382217 11.075348 27.481720 0.062931
360.000000 103.188728 213.964142 11.188675 29.961243 0.054878
360.000000 32.367073 212.577179 14.004051 34.198700 0.054307
360.000000 140.298294 194.109848 12.269714 25.780487 0.051762
390.000000 604.062317 180.815720 26.712891 58.514404 0.900093
390.000000 45.838394 212.128479 13.486191 33.711212 0.497642
390.000000 11.571267 148.061005 12.818717 30.567505 0.207469
390.000000 410.008118 151.297653 15.568237 38.123230 0.187952
390.000000 486.865143 187.692734 44.314240 103.764114 0.152919
390.000000 494.697174 185.651779 31.697479 75.110550 0.145840
390.000000 428.344025 148.953003 14.167297 33.917603 0.139241
390.000000 598.637268 178.099655 34.524536 91.411575 0.124444
390.000000 71.411766 211.531815 12.271194 32.147552 0.122202
390.000000 65.783028 211.359879 11.826828 32.389313 0.103226
390.000000 159.749649 199.416824 14.904480 34.794159 0.070573
390.000000 185.195770 200.283752 12.337128 31.632324 0.069475
390.000000 83.430923 212.981522 13.067291 31.588165 0.066379
420.000000 601.031128 180.462463 31.713745 80.848236 0.996663
420.000000 512.302673 184.998245 29.063354 73.070755 0.990763
420.000000 331.422150 206.266861 14.089905 33.725220 0.605369
420.000000 353.452576 209.504517 13.918945 34.405151 0.475525
420.000000 340.090332 210.774231 10.535645 29.414856 0.413299
420.000000 377.363342 214.371231 17.211121 39.763611 0.283217
420.000000 325.327301 201.194412 13.909424 34.994843 0.186619
420.000000 66.283707 211.810318 11.445587 27.001068 0.176734
420.000000 407.012543 209.076843 19.083313 47.727142 0.169276
420.000000 366.363922 224.789734 12.170959 29.064117 0.154691
420.000000 430.894287 209.571960 11.118469 26.305023 0.120504
420.000000 20.663052 155.838547 9.164192 24.455872 0.120143
420.000000 53.630745 215.125031 12.725655 32.153137 0.109072
420.000000 98.918030 213.794342 10.672150 29.074707 0.097227
420.000000 399.568878 205.613525 12.471375 31.871124 0.094531
420.000000 350.641693 214.046097 12.238220 29.647217 0.085819
420.000000 8.921230 155.404663 12.408489 27.904602 0.070957
420.000000 381.043457 213.277374 11.858276 29.651611 0.066731
420.000000 2.756111 152.952805 12.583303 29.450378 0.059223
420.000000 315.883545 201.096115 12.305969 30.354797 0.056248
420.000000 62.436878 212.355728 12.577236 31.402985 0.054260
420.000000 372.424255 219.696762 15.993103 34.724121 0.052776
450.000000 601.172546 179.181412 30.928101 81.581223 0.996595
450.000000 526.479553 182.150360 31.285400 77.578888 0.991336
450.000000 18.795021 213.161804 14.444942 35.507965 0.516096
450.000000 320.321564 192.006927 14.346619 37.192993 0.233209
450.000000 88.358398 208.841553 12.414627 29.609741 0.231928
450.000000 313.969482 194.117416 26.473328 63.864212 0.231904
450.000000 72.949127 213.616852 12.528595 30.108063 0.174807
450.000000 409.661865 152.701813 16.992676 40.271423 0.157338
450.000000 2.197811 212.379623 14.065458 37.902466 0.107528
450.000000 93.685005 212.503769 12.219238 31.602386 0.098305
450.000000 99.037964 212.377365 10.874023 30.236572 0.085027
450.000000 59.801842 213.751404 14.261398 35.348724 0.067400
450.000000 83.532974 209.470535 13.607376 30.046509 0.066247
450.000000 0.140458 208.835876 11.539104 49.470947 0.058837
450.000000 150.544022 209.342239 11.528809 26.687805 0.055279
450.000000 28.038942 211.381897 15.856108 38.600952 0.055076
450.000000 508.750580 211.434219 17.172394 38.988586 0.051040
450.000000 337.003632 211.084213 14.564880 37.149261 0.050802
450.000000 291.071381 213.683533 18.319702 45.750854 0.050696
480.000000 15.033366 208.697037 17.485950 44.236359 0.276402
480.000000 328.936279 208.865158 12.210266 30.232147 0.249190
480.000000 60.751575 212.530121 13.303150 33.521271 0.178130
480.000000 97.077980 212.765884 10.884949 29.919891 0.166813
480.000000 336.450317 210.578644 11.894348 28.915039 0.165405
480.000000 1.420151 212.869522 12.956350 34.757172 0.164735
480.000000 28.827831 209.736755 14.263306 35.183380 0.122681
480.000000 388.848663 208.958923 15.103943 35.701599 0.122479
480.000000 362.797546 221.011200 12.484070 31.511322 0.098655
480.000000 16.491842 207.414856 12.756630 28.856049 0.078704
480.000000 20.519840 208.193604 15.769035 34.131226 0.058683
480.000000 65.989807 212.028793 9.758499 24.959503 0.053669
510.000000 589.469238 180.242401 33.763184 82.555481 0.997297
510.000000 544.861816 181.772354 36.742432 89.145523 0.995197
510.000000 172.941406 192.249161 22.807892 60.639832 0.427298
510.000000 103.907181 211.239090 12.920059 31.972870 0.260010
510.000000 89.412544 209.434280 12.177383 30.361267 0.238130
510.000000 367.374786 210.608307 20.372437 47.857574 0.214311
510.000000 148.198517 198.866440 16.410156 35.927032 0.211228
510.000000 17.137779 208.051941 17.389671 41.359161 0.184708
510.000000 61.229462 209.671463 12.409012 30.968933 0.144349
510.000000 419.837891 136.784698 31.253540 87.529541 0.139194
510.000000 23.226177 209.136215 13.119217 32.361664 0.130876
510.000000 101.374725 208.367462 18.806610 51.145782 0.126829
510.000000 372.005737 209.878845 14.024170 35.181458 0.122429
510.000000 422.734222 207.696289 12.664124 26.085968 0.119104
510.000000 73.940865 209.850403 12.300201 28.859985 0.109490
510.000000 143.890961 197.780197 12.377930 31.114288 0.085795
510.000000 177.966675 189.811234 14.165253 33.683105 0.076056
510.000000 390.839417 205.611450 16.562561 40.634888 0.075573
510.000000 8.554439 212.793030 16.473499 37.364319 0.074562
510.000000 41.890018 212.335846 12.781479 32.506195 0.071807
510.000000 53.275532 214.385284 13.440716 34.457306 0.064445
510.000000 342.451324 205.402542 16.455078 38.776581 0.062890
510.000000 424.797333 136.916351 23.264771 54.752350 0.057800
510.000000 87.413368 210.974335 17.165771 43.918091 0.053083
540.000000 582.638306 180.745636 33.930298 85.227325 0.996791
540.000000 549.351746 183.939911 34.954224 89.358124 0.996550
540.000000 351.559601 206.738403 20.120911 47.080780 0.269054
540.000000 418.917725 210.038727 11.502197 24.225342 0.110439
540.000000 568.342407 192.161713 18.816895 48.455780 0.103782
540.000000 580.284180 192.627914 19.715088 44.347046 0.085472
540.000000 385.527710 204.872467 13.680969 34.713776 0.081895
540.000000 586.677795 181.614197 24.267334 51.963654 0.072131
540.000000 363.825500 213.587723 16.894775 40.983490 0.069425
540.000000 44.699848 215.646164 13.403275 32.406342 0.065654
540.000000 319.683502 210.209763 11.812927 28.995148 0.064349
540.000000 331.637573 210.660995 12.363342 30.973450 0.061267
540.000000 11.458093 209.661362 15.427657 36.295929 0.057786
540.000000 352.551605 222.136627 13.140442 31.174347 0.052783
540.000000 369.013397 213.537216 12.482666 30.381378 0.050811
570.000000 577.566895 182.273727 34.952759 87.230698 0.995857
570.000000 546.070801 183.996796 36.051025 93.353424 0.995459
570.000000 312.423706 210.406937 12.524719 28.991730 0.598199
570.000000 565.487976 192.525070 22.029053 50.184143 0.307985
570.000000 388.078247 209.318176 19.916626 47.786041 0.304284
570.000000 356.115692 209.583954 19.174683 45.297363 0.288061
570.000000 412.053711 209.235413 11.270569 26.064301 0.213063
570.000000 577.149414 185.182053 24.898682 55.294189 0.198512
570.000000 368.878876 208.176102 10.642700 27.056488 0.164861
570.000000 378.639709 207.880325 11.135559 28.107452 0.159139
570.000000 333.637421 209.265945 15.348938 37.777039 0.145761
570.000000 320.374023 210.944229 10.703186 27.890228 0.125124
570.000000 376.300232 207.581512 17.769958 43.350739 0.124310
570.000000 344.046997 209.645035 17.989075 44.588257 0.100815
570.000000 356.750031 211.898300 12.924988 33.142395 0.083013
570.000000 576.500000 195.827545 16.824463 33.735626 0.079164
570.000000 78.402397 212.607391 13.258896 30.594513 0.074542
570.000000 363.671936 207.846222 16.815796 41.662262 0.073514
570.000000 360.821075 208.818634 11.786316 28.384033 0.059030
570.000000 92.646294 210.357193 13.928192 32.754852 0.057909
570.000000 72.036629 209.454025 12.480637 32.377106 0.054244
570.000000 329.176422 203.367752 10.343811 26.945007 0.052341
600.000000 548.614685 185.078751 30.209961 72.699081 0.931408
600.000000 577.775574 184.732544 24.395142 60.199066 0.919708
600.000000 305.977081 208.494583 13.195557 33.126221 0.602215
600.000000 312.405823 208.279831 13.624573 33.181274 0.408717
600.000000 356.828888 208.556488 18.406128 43.519012 0.268122
600.000000 368.386963 208.254364 17.708252 42.135742 0.246446
600.000000 362.099701 209.266647 11.508423 28.338318 0.219443
600.000000 85.261543 206.470139 12.987411 30.785370 0.156059
600.000000 368.336121 208.973328 12.240356 30.206940 0.109594
600.000000 356.479614 213.313126 12.585632 30.459595 0.109533
600.000000 336.159363 208.839951 19.377502 46.341125 0.105457
600.000000 372.226074 207.256317 10.630493 28.518158 0.093047
600.000000 552.915100 185.129684 22.386475 48.104736 0.087474
600.000000 548.101562 196.564392 16.228516 36.675507 0.077350
600.000000 562.132507 195.634583 17.911865 39.531769 0.068780
600.000000 591.553406 192.458374 13.303955 35.787689 0.067632
600.000000 573.404602 196.598602 14.035400 31.929871 0.067564
600.000000 579.541748 184.778442 17.611572 35.950775 0.061753
600.000000 403.595642 210.306610 12.159729 26.645081 0.061466
600.000000 566.816467 183.619843 34.241821 82.860718 0.061208
600.000000 576.789246 190.938934 15.548828 37.139496 0.051817
600.000000 15.939856 208.525269 14.499695 34.745392 0.051494
600.000000 126.679062 196.547058 15.481598 38.023834 0.051217
630.000000 545.305237 184.876877 38.197754 94.412796 0.996113
630.000000 572.696655 183.361099 34.191650 87.113815 0.993010
630.000000 299.016785 207.609848 12.842712 31.882935 0.648892
630.000000 309.921875 210.124741 12.998352 32.289062 0.407369
630.000000 343.529846 211.606049 18.794373 44.169617 0.282568
630.000000 11.388678 209.829132 13.756527 35.288300 0.253514
630.000000 335.782410 209.069702 20.569580 46.760986 0.240885
630.000000 120.034111 192.341476 13.609535 33.427246 0.190084
630.000000 562.078918 184.581451 32.761841 86.723969 0.171858
630.000000 305.897278 209.215759 10.883057 29.890625 0.140714
630.000000 284.236450 202.913452 12.661011 30.344543 0.131373
630.000000 101.763145 193.715332 11.343536 27.557220 0.114265
630.000000 372.430756 206.471146 11.613647 28.742432 0.106556
630.000000 54.913498 208.162430 12.387604 31.894165 0.102332
630.000000 86.931175 194.570450 13.463745 35.958374 0.097655
630.000000 45.840893 208.229279 12.694145 31.250977 0.096274
630.000000 77.655479 206.966629 13.042343 31.461304 0.090091
630.000000 110.960838 198.015594 11.571838 30.485016 0.089670
630.000000 398.764709 209.505280 12.222473 26.771149 0.085752
630.000000 115.076553 191.332520 22.824265 48.873169 0.083823
630.000000 571.805420 185.268448 25.918701 57.574982 0.081281
630.000000 15.411373 210.346207 13.424168 30.121490 0.080386
630.000000 375.454987 209.736176 21.154846 51.715271 0.076245
630.000000 322.840576 211.196777 14.377625 36.471222 0.072289
630.000000 330.972809 214.619034 16.801514 40.828583 0.071532
630.000000 277.539642 208.750549 9.947510 24.042389 0.065619
630.000000 559.470398 180.834824 14.518433 31.040039 0.064494
630.000000 345.819397 213.484375 12.795532 32.173828 0.064081
630.000000 363.676178 208.496048 17.545593 41.223816 0.058059
630.000000 121.345520 197.581085 17.647430 34.824066 0.056847
660.000000 543.547974 185.597427 38.951782 96.564926 0.994893
660.000000 568.664185 183.725967 36.075439 88.351456 0.993421
660.000000 298.884216 211.209351 12.514526 29.839203 0.586361
660.000000 330.014557 207.768173 20.846191 46.939911 0.314498
660.000000 1.548834 210.551025 13.324362 32.082397 0.292562
660.000000 305.880157 209.868973 12.623413 32.711151 0.278063
660.000000 373.765106 211.082611 17.523193 47.136688 0.269291
660.000000 396.607574 211.901016 11.877441 25.838654 0.263754
660.000000 338.651886 211.086334 18.243103 44.768127 0.185612
660.000000 7.588008 208.431519 12.946149 32.475220 0.181431
660.000000 302.528748 208.160858 12.158020 31.279968 0.157003
660.000000 342.698212 211.984039 11.881287 28.498810 0.126771
660.000000 318.678436 211.830734 14.651306 36.047913 0.118821
660.000000 87.059715 213.255341 12.948471 30.164246 0.110074
660.000000 352.424377 210.860779 11.900085 27.435760 0.079537
660.000000 361.911926 213.523895 11.949280 27.218353 0.063058
660.000000 376.033142 213.245117 12.323364 30.734894 0.053108
660.000000 326.574585 210.159790 16.069763 38.960938 0.051428
690.000000 544.232178 179.747650 43.580811 108.034180 0.997216
690.000000 579.659607 186.485306 33.718750 93.280289 0.996654
690.000000 386.638641 208.350632 12.034546 29.277222 0.595522
690.000000 286.281830 212.348450 12.028076 29.256775 0.522217
690.000000 1.233953 193.689484 13.376560 38.666290 0.447626
690.000000 294.177277 211.526459 13.283203 31.489014 0.364226
690.000000 350.600128 210.415710 16.352844 38.070343 0.247486
690.000000 78.339859 212.583267 12.120499 30.392517 0.235894
690.000000 545.031128 181.252899 31.863647 68.319183 0.156153
690.000000 103.269188 197.829681 19.216599 39.026001 0.141094
690.000000 132.903305 199.345062 14.304230 33.744751 0.127533
690.000000 324.166107 211.674606 20.072510 45.733414 0.088679
690.000000 542.086731 192.139877 21.932983 55.040894 0.083699
690.000000 101.510445 198.912125 12.970657 31.681854 0.071474
690.000000 364.081024 210.331680 22.092834 54.225693 0.069732
690.000000 299.336823 214.053131 11.918152 31.234955 0.065614
690.000000 0.000000 207.709717 11.035865 51.364716 0.062638
690.000000 64.915337 207.824814 12.370743 30.315186 0.061936
690.000000 339.441467 210.219833 20.056580 47.638443 0.060434
690.000000 343.797699 212.829407 15.062561 29.083588 0.057487
690.000000 319.041351 215.659836 17.928955 42.051651 0.056855
720.000000 593.438782 190.064911 37.200684 95.553192 0.997265
720.000000 548.784485 178.054184 47.283325 116.350723 0.995811
720.000000 282.356354 211.338043 12.871033 31.053253 0.631567
720.000000 275.250366 210.368057 13.459839 31.889038 0.628761
720.000000 379.966675 213.453812 12.019592 24.442993 0.429989
720.000000 356.105164 212.071747 18.408081 46.729919 0.257631
720.000000 44.162121 211.819260 12.800354 31.855377 0.244193
720.000000 619.335327 202.995361 20.280762 66.578827 0.214132
720.000000 593.390320 197.613663 18.160522 44.775879 0.186286
720.000000 23.333931 210.249207 12.478695 31.583649 0.159678
720.000000 54.328968 212.461136 12.643925 30.812469 0.143423
720.000000 550.175049 179.888947 32.754272 73.689575 0.123561
720.000000 623.687378 201.726852 13.898193 41.257751 0.108016
720.000000 325.742188 215.011169 16.870789 42.068451 0.098074
720.000000 539.382202 193.385788 18.320435 43.280304 0.095630
720.000000 94.806274 200.071701 14.981079 37.633514 0.087886
720.000000 627.080444 198.977753 12.480835 33.634583 0.085763
720.000000 83.891647 206.463913 12.057129 31.009338 0.085138
720.000000 317.242065 223.618637 16.190002 35.292160 0.084601
720.000000 288.633026 218.503815 10.917297 26.721710 0.081831
720.000000 119.939293 202.784622 11.942039 30.568207 0.079560
720.000000 327.378540 216.218842 11.830017 28.947906 0.077392
720.000000 550.056580 190.233215 22.677490 53.132843 0.061393
720.000000 18.952404 208.954254 19.179722 47.696350 0.055303
720.000000 87.825409 201.186584 13.288055 34.412170 0.052309
720.000000 269.065399 221.210510 9.654114 24.303467 0.050753
720.000000 260.823273 198.563248 13.868286 33.182465 0.050161
750.000000 554.204407 173.197800 52.284668 132.288834 0.997773
750.000000 611.070190 183.533203 28.929810 110.334351 0.980916
750.000000 329.546143 208.608566 13.658813 31.901520 0.245315
750.000000 263.908539 211.000687 12.174316 30.969360 0.183571
750.000000 108.388573 201.355209 13.262589 31.960815 0.175418
750.000000 295.724579 210.802856 21.035156 48.885864 0.170044
750.000000 364.617828 211.477722 13.068604 27.325897 0.109830
750.000000 28.417835 212.436203 12.704185 30.502563 0.105809
750.000000 272.330444 210.504623 13.442261 32.882385 0.104797
750.000000 320.787079 210.697540 11.402954 26.811584 0.076957
750.000000 83.483376 198.281876 13.765488 31.510254 0.073439
750.000000 62.904984 198.934128 12.836319 33.474518 0.062589
750.000000 92.634392 199.328140 12.630264 30.299866 0.050304
780.000000 569.756592 170.423218 57.014893 148.274933 0.997469
780.000000 321.024628 208.948669 13.534058 33.168762 0.359746
780.000000 250.799850 214.163742 12.505417 31.520020 0.207790
780.000000 255.389633 216.065796 10.804611 29.446747 0.185507
780.000000 302.323975 212.243973 19.474609 47.038193 0.141338
780.000000 354.036835 215.304245 12.107483 25.761414 0.117069
780.000000 305.805511 212.064728 12.225769 29.246490 0.105020
780.000000 281.284882 214.007523 20.957031 48.314377 0.102726
780.000000 17.208424 213.165619 12.306423 29.984558 0.099174
780.000000 92.788048 201.444321 11.521530 27.819824 0.090930
780.000000 329.579803 211.243103 22.405334 52.528259 0.081768
780.000000 259.679749 218.493790 11.126709 27.363068 0.076104
780.000000 317.391449 210.159622 20.047302 49.757553 0.053963
810.000000 595.144836 156.469940 44.820435 176.591370 0.981887
810.000000 309.979095 213.330811 22.142334 55.537903 0.528165
810.000000 267.362549 206.121628 22.573914 56.630814 0.481978
810.000000 338.217987 214.611572 10.802673 25.842133 0.304367
810.000000 74.217133 202.198471 13.223511 32.494385 0.213014
810.000000 301.246552 203.960785 17.721985 42.144623 0.193507
810.000000 617.251953 150.413528 22.300903 198.403244 0.188402
810.000000 232.107147 213.817734 11.820007 29.095459 0.130048
810.000000 239.763641 209.333801 13.995483 34.253052 0.128198
810.000000 300.127350 204.044373 25.997681 63.362061 0.120667
810.000000 298.695496 209.300934 14.746094 32.822144 0.085657
810.000000 607.283203 102.763718 31.421631 306.312866 0.061782
810.000000 271.126190 230.237823 14.585022 32.246796 0.058620
810.000000 628.753906 30.163574 11.185791 438.223572 0.058052
810.000000 45.796963 198.631958 17.199837 39.939270 0.057417
810.000000 47.286411 192.667068 12.566307 31.716797 0.057139
840.000000 212.362701 207.997131 13.547852 33.094757 0.641430
840.000000 510.565521 220.484375 12.900299 31.425049 0.378192
840.000000 217.256027 208.539368 14.293304 33.461304 0.339590
840.000000 13.804015 193.035629 10.390512 25.445038 0.329755
840.000000 279.180756 211.257111 13.490601 30.648651 0.307734
840.000000 251.080276 214.284943 19.240128 45.344940 0.251345
840.000000 292.998901 213.045441 19.887451 50.088623 0.209499
840.000000 623.770508 193.802078 15.836914 83.973129 0.188452
840.000000 259.185852 211.276642 17.809998 41.817688 0.158219
840.000000 277.034088 212.036499 21.240234 48.757629 0.151100
840.000000 317.888824 212.683151 10.746887 25.822815 0.148420
840.000000 255.238266 217.347656 12.910141 30.815460 0.146956
840.000000 28.695908 195.773056 13.087952 31.744629 0.131886
840.000000 283.738770 212.906952 15.346863 35.769440 0.120627
840.000000 54.126266 199.606430 12.841530 30.637177 0.109558
840.000000 224.205673 218.069931 11.856049 29.720612 0.106032
840.000000 582.223450 201.354279 13.504883 31.784454 0.105865
840.000000 514.781555 223.962692 11.776855 28.709747 0.104175
840.000000 506.929596 219.607239 12.590179 27.431244 0.099599
840.000000 65.642548 197.962738 12.505768 29.871704 0.089428
840.000000 264.852966 214.677673 14.047424 30.506348 0.080744
840.000000 232.298203 215.894287 15.040924 36.741943 0.058144
840.000000 22.954185 196.139984 16.886871 42.998260 0.056551
840.000000 243.118500 213.728943 20.333618 46.958344 0.054029
840.000000 209.015701 208.129227 12.607117 28.318298 0.050161
870.000000 194.958466 210.027588 12.776428 31.048737 0.293030
870.000000 198.331757 207.091522 14.952545 32.785553 0.273215
870.000000 321.453400 85.973022 15.831665 36.144180 0.231326
870.000000 275.960175 212.086075 19.384277 49.856888 0.212402
870.000000 259.051147 209.102112 13.518555 33.567932 0.167865
870.000000 226.762482 223.608002 16.687714 37.656189 0.164602
870.000000 34.059731 211.679214 16.224861 37.591370 0.114970
870.000000 566.325745 195.753326 16.840454 39.066193 0.075994
870.000000 283.350708 232.233017 11.816040 27.116409 0.069376
870.000000 7.538308 193.738098 14.566848 34.005768 0.064066
870.000000 206.130249 210.894287 12.548126 31.252502 0.063223
870.000000 257.861267 209.044586 20.002808 46.390137 0.056084
870.000000 182.671280 197.421600 14.491272 33.488739 0.054573
900.000000 606.129333 171.894012 33.870667 135.617065 0.978550
900.000000 184.411499 207.832214 12.741241 31.037933 0.709480
900.000000 192.090988 205.393417 14.470215 36.623810 0.680631
900.000000 212.312698 207.533554 21.955872 52.722061 0.426507
900.000000 203.275833 208.610184 17.048340 41.551788 0.402509
900.000000 261.390045 208.792419 21.500549 53.213501 0.350256
900.000000 249.433472 206.357407 12.149506 32.102020 0.262909
900.000000 246.076859 207.393692 19.012131 44.216797 0.190350
900.000000 37.798733 204.409073 12.852867 32.455048 0.164770
900.000000 604.030945 176.010513 15.977051 38.815155 0.147073
900.000000 616.611816 111.941422 22.928955 319.907349 0.143378
900.000000 255.005020 203.856918 14.117996 35.611725 0.117765
900.000000 621.713623 168.492706 13.766235 34.439911 0.101416
900.000000 290.432800 207.241623 12.775269 28.028839 0.095340
900.000000 557.969055 197.097321 16.944092 38.168457 0.087124
900.000000 291.274506 138.636093 17.880981 41.324615 0.060762
900.000000 0.000000 192.441498 10.211534 52.111664 0.060340
900.000000 230.305618 212.771164 15.263641 35.898071 0.055443
900.000000 613.359253 169.453827 25.081665 61.768860 0.050233
930.000000 552.896301 176.160736 53.067139 126.672485 0.997921
930.000000 176.187393 206.554489 14.378174 32.783325 0.569801
930.000000 238.092270 205.597687 16.633240 41.135376 0.303205
930.000000 185.214706 205.301834 14.782379 35.852448 0.295426
930.000000 206.037888 209.120102 22.569427 50.637527 0.259645
930.000000 249.053391 204.952972 25.124161 62.277924 0.130478
930.000000 585.994446 193.361725 20.318848 48.500366 0.115826
930.000000 274.689514 131.669250 34.694275 94.909790 0.098321
930.000000 547.792847 197.846649 19.366089 42.844055 0.094923
930.000000 282.018005 136.206772 20.053772 43.248108 0.083482
930.000000 16.379810 206.792007 13.636669 33.700745 0.081277
930.000000 547.111572 194.636063 25.907715 66.481247 0.073215
930.000000 197.349167 212.244202 15.874939 36.515472 0.071047
930.000000 245.999725 202.313980 15.867493 44.417664 0.066381
930.000000 220.393570 210.463623 21.540283 52.320587 0.065201
930.000000 7.323955 206.468170 16.542564 38.617249 0.065042
960.000000 529.727234 181.505554 47.548950 114.753723 0.996044
960.000000 607.231689 180.909683 32.660645 92.491501 0.985395
960.000000 269.680786 206.959259 12.492065 27.993622 0.432373
960.000000 227.600555 205.513885 13.020294 33.942596 0.423396
960.000000 161.717422 206.151428 13.659882 33.568787 0.377684
960.000000 169.170776 204.848312 14.200195 34.628113 0.296204
960.000000 224.179535 205.242584 19.440308 46.504822 0.267916
960.000000 239.967026 207.292175 22.090530 53.257690 0.240086
960.000000 33.616337 204.528473 14.087303 33.741272 0.202529
960.000000 247.534866 224.159805 13.419785 33.936142 0.069598
960.000000 240.200958 210.869354 15.418335 37.686127 0.059280
960.000000 30.356941 205.656235 20.156441 46.346527 0.053479
960.000000 192.433411 207.470337 21.956818 51.570374 0.053115
990.000000 487.034119 176.519211 45.678711 110.978714 0.995938
990.000000 581.117859 181.020325 44.126099 109.870087 0.992415
990.000000 129.989517 207.189224 12.622498 32.626282 0.453422
990.000000 195.683319 202.202438 18.163849 42.174927 0.233977
990.000000 158.167297 206.707047 21.005066 51.512070 0.134220
990.000000 239.982727 204.876999 12.712006 28.829559 0.131731
990.000000 207.977142 206.590546 15.720642 39.805267 0.103794
990.000000 624.787598 181.038284 14.835327 49.426178 0.096524
990.000000 136.544495 206.243301 13.035339 32.574493 0.094930
990.000000 173.888779 144.612411 14.125061 33.876862 0.092886
990.000000 203.773987 203.649796 23.415558 58.106308 0.080058
990.000000 103.885773 197.175217 11.471771 29.304474 0.073057
990.000000 576.783142 178.309937 15.278320 37.844574 0.064777
1020.000000 404.812744 174.482574 42.851624 103.848541 0.997532
1020.000000 150.589203 207.069458 22.343567 54.303802 0.781271
1020.000000 142.937424 202.202103 16.706787 39.820618 0.508576
1020.000000 190.841064 204.534363 12.500458 28.783417 0.418455
1020.000000 80.018265 209.968842 12.286697 27.355621 0.324377
1020.000000 88.742813 203.841187 14.513840 36.838776 0.320239
1020.000000 139.406158 203.433640 26.889496 61.544022 0.282912
1020.000000 619.330933 190.660797 20.410645 86.436584 0.222503
1020.000000 158.031647 204.015808 22.439270 55.276672 0.217164
1020.000000 104.891335 198.192413 24.860847 60.775177 0.180259
1020.000000 154.645950 207.827698 14.333252 34.768341 0.135939
1020.000000 465.643738 192.960068 18.003296 41.524170 0.131007
1020.000000 618.341064 104.075256 21.398071 269.616150 0.096271
1020.000000 605.450439 148.082764 33.447388 166.408417 0.066422
1020.000000 627.850098 136.026398 12.019165 327.034119 0.055591
1020.000000 65.829124 209.256653 11.288528 26.746918 0.054326
1050.000000 321.812805 172.231277 42.021545 100.727951 0.996305
1050.000000 609.815063 177.070679 30.149658 97.104919 0.956962
1050.000000 43.847466 200.540115 15.012093 36.536560 0.589329
1050.000000 148.212021 204.672455 13.282776 26.739502 0.485085
1050.000000 95.368484 197.570786 12.553741 31.945831 0.436665
1050.000000 58.745403 200.316299 24.663090 60.141586 0.175329
1050.000000 35.429234 205.682190 13.399658 31.498413 0.175228
1050.000000 319.726715 179.928436 26.278015 58.654724 0.167170
1050.000000 107.833038 203.909698 21.551514 53.437622 0.144658
1050.000000 51.495102 202.500580 15.964821 36.816650 0.130756
1050.000000 426.044556 192.285797 15.694336 37.098877 0.120181
1050.000000 91.171593 198.751160 21.750351 52.467834 0.089352
1050.000000 22.287922 196.510880 13.052258 32.123596 0.075254
1050.000000 615.258850 139.128036 23.722046 172.466507 0.074900
1050.000000 336.036530 178.636414 26.680786 68.556763 0.068978
1080.000000 274.840454 172.698730 38.317810 93.671143 0.997967
1080.000000 533.125854 179.192932 39.921997 99.649933 0.991778
1080.000000 42.358498 198.740341 24.014275 60.551590 0.788906
1080.000000 86.666016 197.553146 28.565506 71.735001 0.640065
1080.000000 133.330139 203.837463 12.726868 27.789520 0.452231
1080.000000 28.950359 202.935120 13.559700 34.133453 0.441253
1080.000000 12.466998 213.320816 26.079098 58.867630 0.352464
1080.000000 22.967730 203.649017 15.887632 33.396271 0.272296
1080.000000 95.006660 198.256226 13.834427 29.606537 0.137517
1080.000000 80.650749 198.682968 11.817825 27.924011 0.097319
1080.000000 0.490489 191.024887 17.748669 56.630737 0.086285
1080.000000 18.840563 204.905045 13.063732 30.256714 0.072561
1080.000000 96.062454 212.408737 22.151886 48.723190 0.067787
1080.000000 64.117973 199.977951 11.708267 28.480072 0.065890
1080.000000 2.706416 193.748856 13.390228 37.404022 0.065055
1080.000000 4.481861 199.377228 28.374348 72.455261 0.056620
1110.000000 194.858597 174.700836 35.549835 88.981628 0.998273
1110.000000 412.907867 179.311646 37.812317 103.115784 0.986685
1110.000000 36.655357 201.477798 23.671791 59.516647 0.821719
1110.000000 427.836426 182.158447 36.313232 97.977905 0.477758
1110.000000 39.931271 201.425201 15.129341 37.771454 0.305618
1110.000000 22.934996 205.208786 28.308573 68.072983 0.215254
1110.000000 19.922945 207.403168 17.495794 42.534088 0.177341
1110.000000 79.409782 205.470215 13.588547 28.571655 0.159124
1110.000000 421.546143 173.907837 18.819092 41.564209 0.150575
1110.000000 6.582302 198.309494 12.487223 30.288483 0.139976
1110.000000 22.127052 205.279984 13.243160 28.815674 0.056498
1140.000000 109.744812 191.194153 42.318451 99.508820 0.981752
1170.000000 572.381348 175.366623 22.744263 54.427155 0.601767
1170.000000 575.861389 175.329865 15.977905 38.343506 0.197440
1170.000000 557.872498 177.910828 23.583008 57.798767 0.125563
1170.000000 568.091431 175.103119 33.156128 80.201782 0.089612
1170.000000 579.881592 176.105103 20.958130 45.355499 0.063647
1200.000000 241.945862 188.607880 16.983521 41.127014 0.619619
1200.000000 82.863167 163.820847 43.199295 98.288925 0.469794
1200.000000 96.047646 162.558533 31.280258 69.875214 0.105353
1200.000000 446.977905 174.749619 14.081421 32.333862 0.054514
1230.000000 45.517517 192.247955 19.562683 41.355316 0.679574
1230.000000 546.040710 188.917114 14.146484 34.813965 0.581170
1230.000000 8.521616 195.330200 15.403728 39.184204 0.568212
1230.000000 476.988800 195.589920 10.354004 27.046967 0.379059
1230.000000 504.087433 193.590363 13.542267 32.518311 0.167857
1230.000000 49.221233 192.632736 12.547722 28.197632 0.124390
1230.000000 24.208178 216.653320 12.314413 31.254456 0.110787
1230.000000 36.478378 204.418823 15.915382 37.160309 0.091731
1230.000000 488.305359 192.836655 11.397156 30.514465 0.087071
1230.000000 8.566355 214.481796 14.388815 34.075134 0.077130
1230.000000 54.533901 194.880356 12.331272 29.264587 0.058523
1230.000000 92.979095 199.445358 11.912689 29.230438 0.057820
1230.000000 84.230301 200.910965 14.667328 34.924713 0.053562
1230.000000 235.727127 187.096298 12.777771 30.403290 0.050295
1260.000000 467.904236 188.716248 15.323364 36.305908 0.596817
1260.000000 510.392639 183.533966 13.005127 33.782227 0.312154
1260.000000 572.357544 190.417313 15.574829 36.164154 0.200863
1260.000000 607.139648 177.826462 24.167969 53.190338 0.193069
1260.000000 448.011810 187.445236 13.537903 33.366577 0.168786
1260.000000 407.683380 177.771362 15.313538 37.698669 0.126274
1260.000000 617.399658 186.335495 17.345215 44.879272 0.093808
1260.000000 619.410461 186.981796 10.578247 26.889282 0.078071
1260.000000 563.105286 186.632645 23.533203 58.278320 0.077526
1260.000000 625.140015 199.245316 12.131470 31.435730 0.074531
1260.000000 464.555603 191.255203 13.220459 34.385620 0.052239
1260.000000 165.330978 198.982315 11.771545 27.656006 0.051028
1260.000000 608.509949 177.242508 15.909302 35.953918 0.050659
1260.000000 564.938843 181.947266 18.239502 43.138580 0.050555
1290.000000 456.749512 184.873398 15.274414 38.337463 0.784192
1290.000000 486.295380 186.191559 15.999084 39.094910 0.763611
1290.000000 524.978271 180.346558 16.246216 42.218262 0.731131
1290.000000 551.769287 188.294983 13.591675 32.717743 0.478855
1290.000000 183.646423 158.611908 20.979675 53.082947 0.353725
1290.000000 554.383423 207.002060 17.918457 40.477020 0.332714
1290.000000 610.412354 195.795044 13.507690 31.389008 0.315573
1290.000000 486.114044 184.891769 11.263733 28.493408 0.186980
1290.000000 537.589844 186.789322 15.409790 36.418030 0.177946
1290.000000 482.172150 187.521637 14.257568 39.495667 0.157983
1290.000000 151.360184 185.587524 12.845764 31.470123 0.152833
1290.000000 506.275909 190.354202 10.633575 28.516510 0.146875
1290.000000 619.940186 198.480759 11.974976 29.244934 0.141787
1290.000000 184.330917 162.529739 13.968109 33.251617 0.128720
1290.000000 623.531616 187.870682 16.468384 52.087708 0.119546
1290.000000 500.998047 185.109985 13.542725 33.919250 0.107165
1290.000000 443.738953 189.546707 13.169312 32.058167 0.101282
1290.000000 535.158142 191.274292 12.120972 32.515289 0.095946
1290.000000 607.984192 181.732040 18.587402 44.157867 0.090013
1290.000000 549.415649 189.984375 20.183472 54.369293 0.073026
1290.000000 25.589380 184.973450 18.334028 41.313934 0.070285
1290.000000 452.130249 187.416031 15.093872 37.588959 0.068255
1290.000000 500.594971 185.137009 21.397949 50.862732 0.066662
1290.000000 528.379700 180.236786 11.300049 30.069550 0.064671
1290.000000 480.720398 190.742615 11.173889 29.919220 0.061891
1290.000000 110.893486 192.169861 13.923279 34.165680 0.058797
1290.000000 476.038177 192.638992 16.239746 38.315002 0.054590
1320.000000 502.797546 175.017670 23.637085 57.578735 0.897247
1320.000000 448.421570 179.222610 18.538513 44.841370 0.761343
1320.000000 464.574646 177.663910 14.720154 33.142395 0.627379
1320.000000 411.931366 187.187393 10.456238 28.283936 0.553753
1320.000000 507.343079 175.346436 16.055908 38.517334 0.333742
1320.000000 65.756020 186.211853 15.645905 37.837799 0.293950
1320.000000 496.074341 180.791992 11.510498 29.384277 0.278479
1320.000000 460.708282 177.340698 21.191345 47.267181 0.262602
1320.000000 114.474167 143.382126 16.473892 39.405334 0.225464
1320.000000 442.748352 186.327286 15.031799 34.173584 0.198447
1320.000000 501.759155 181.359055 12.900513 31.256775 0.181410
1320.000000 138.718033 196.989258 14.211853 33.937439 0.167939
1320.000000 403.533142 185.882019 10.920837 27.582886 0.143049
1320.000000 426.863220 186.535538 12.945129 33.433289 0.123338
1320.000000 550.475769 158.525223 18.163086 39.434509 0.112435
1320.000000 555.489319 195.093063 12.320923 26.574646 0.111358
1320.000000 144.548981 198.136276 11.811584 29.414581 0.110696
1320.000000 513.887329 183.976303 15.200684 34.598694 0.090989
1320.000000 468.196472 191.303543 14.012512 33.826324 0.063505
1320.000000 504.559875 195.438538 16.424194 36.963074 0.062768
1320.000000 495.978821 207.569199 12.712524 28.315979 0.051484
1350.000000 576.211060 162.275970 26.976196 64.189819 0.949351
1350.000000 473.057404 175.136505 17.812073 44.392029 0.900467
1350.000000 553.456543 169.385513 24.924683 66.188477 0.845026
1350.000000 419.685944 184.156891 12.054565 30.247681 0.741592
1350.000000 521.448303 172.801468 16.361938 40.005554 0.540171
1350.000000 447.176788 179.748764 14.707520 37.608429 0.448478
1350.000000 555.168152 166.713379 16.970459 37.793365 0.287778
1350.000000 498.656494 176.813950 12.609619 30.863861 0.246103
1350.000000 456.967468 180.440292 11.173950 28.718140 0.225020
1350.000000 600.674561 171.712418 20.988403 51.192841 0.190533
1350.000000 561.169556 174.832016 24.842773 59.308167 0.172987
1350.000000 31.109486 190.763229 13.191284 32.180389 0.128831
1350.000000 162.530731 193.222382 11.721710 30.600830 0.128586
1350.000000 497.162537 176.801559 17.424927 44.786377 0.115850
1350.000000 85.547066 178.489517 13.083069 32.977631 0.111066
1350.000000 596.853577 178.267212 11.178833 27.995544 0.110762
1350.000000 604.156006 155.277145 24.528809 66.461029 0.109740
1350.000000 589.110718 170.742172 20.652832 52.842773 0.109607
1350.000000 410.439545 182.989624 12.322388 29.795227 0.103719
1350.000000 618.025391 148.562408 21.847046 90.143860 0.102159
1350.000000 460.539948 180.268845 10.183960 24.626770 0.101628
1350.000000 451.650085 179.577362 11.143799 27.419189 0.098321
1350.000000 36.505745 188.113617 13.676239 33.468536 0.093100
1350.000000 586.616211 187.400772 16.273071 39.252655 0.089845
1350.000000 465.719055 178.286484 18.382629 48.423035 0.088098
1350.000000 547.140259 165.856003 16.091064 37.350525 0.073453
1350.000000 578.490479 161.768814 17.905884 42.390015 0.072825
1350.000000 481.520386 180.641541 15.715698 38.117401 0.067559
1350.000000 70.135765 180.039139 12.621231 31.585144 0.064517
1350.000000 80.554070 177.888016 13.593353 34.428223 0.060996
1350.000000 623.910461 178.014938 15.857544 64.185211 0.059612
1350.000000 545.136169 165.688202 25.982422 65.394104 0.053729
1380.000000 506.067322 169.288391 21.240845 54.179901 0.971360
1380.000000 589.438049 174.616364 18.279541 45.037720 0.484248
1380.000000 556.111206 177.568130 16.397705 37.152344 0.471518
1380.000000 433.277618 177.880402 13.876343 36.488800 0.424896
1380.000000 50.984653 190.646271 13.978924 34.563599 0.274183
1380.000000 499.390015 184.020950 14.601135 33.012878 0.198038
1380.000000 9.847111 178.521561 17.806850 43.392487 0.184408
1380.000000 445.171509 173.512573 12.692749 31.410675 0.136091
1380.000000 368.663483 185.609451 12.966431 31.843567 0.131697
1380.000000 108.163879 193.457047 11.471512 28.939850 0.102188
1380.000000 420.362701 179.514648 12.705017 32.832764 0.071997
1380.000000 528.308167 165.300034 24.165283 52.307892 0.070439
1380.000000 587.613770 168.448242 13.947144 31.047760 0.069954
1380.000000 598.841003 177.929779 17.304810 42.709930 0.062739
1380.000000 478.713318 177.168060 13.428833 30.482819 0.059219
1380.000000 465.493225 182.430771 11.121521 28.343567 0.056182
1380.000000 625.050293 207.865906 14.852051 56.082886 0.054239
1380.000000 129.784607 183.052063 16.135132 38.561646 0.053839
1380.000000 494.665253 195.139954 15.566833 35.912842 0.052598
1410.000000 601.582275 157.755737 29.508545 74.901398 0.985118
1410.000000 574.391113 165.364304 27.228394 68.038086 0.982374
1410.000000 464.657776 172.145325 19.448608 47.328705 0.709767
1410.000000 513.480896 179.954453 20.044312 51.149109 0.626827
1410.000000 611.574585 164.308319 22.507446 56.683594 0.517101
1410.000000 447.020050 178.790039 14.182129 36.607239 0.391001
1410.000000 620.092651 166.223938 18.281494 53.135559 0.352240
1410.000000 497.319946 179.134064 12.820923 29.976318 0.340149
1410.000000 314.754913 177.319473 14.492065 35.721893 0.240831
1410.000000 561.174927 178.111282 12.699829 30.972992 0.194705
1410.000000 570.098572 168.805649 20.447144 50.096863 0.155827
1410.000000 504.944214 177.807068 22.128540 53.836884 0.129838
1410.000000 20.790752 188.698410 14.079773 33.609100 0.126192
1410.000000 501.950104 177.396393 12.890472 32.442657 0.115992
1410.000000 470.840271 172.953644 14.944641 33.257050 0.097458
1410.000000 226.992752 159.426270 14.129089 36.748291 0.073684
1410.000000 558.957153 175.281860 20.799194 50.842224 0.061278
1410.000000 452.303253 182.994202 10.520081 24.752350 0.059618
1410.000000 626.498718 168.853943 13.432861 62.809784 0.053693
1440.000000 471.583679 175.235489 17.532654 41.958710 0.874406
1440.000000 490.416595 168.003632 19.293762 48.788513 0.873082
1440.000000 527.305481 175.799622 16.072021 37.632446 0.811383
1440.000000 317.003357 173.230865 14.634277 36.408844 0.496440
1440.000000 547.795898 168.389618 16.119873 42.445435 0.338835
1440.000000 579.076965 177.094437 25.738037 66.497803 0.294851
1440.000000 523.845886 178.639084 12.355469 30.175568 0.256731
1440.000000 562.255615 178.398834 26.620117 65.196442 0.234489
1440.000000 241.610138 164.704483 15.728180 37.449615 0.182180
1440.000000 445.454193 168.697266 19.532166 48.522095 0.151335
1440.000000 532.934631 173.639160 15.331299 36.694611 0.133742
1440.000000 264.576263 175.519073 13.605957 34.677063 0.077133
1440.000000 555.757629 177.372070 14.592041 31.231140 0.069636
1440.000000 411.465210 185.209076 10.939270 29.027008 0.061352
1440.000000 435.930389 176.219009 10.796936 28.661652 0.054817
1470.000000 539.743652 171.373398 19.511963 50.157745 0.975350
1470.000000 507.732208 169.999695 22.764679 55.995880 0.886899
1470.000000 570.238281 169.533813 18.100342 43.385895 0.748061
1470.000000 577.900696 166.961639 16.459961 38.095551 0.525700
1470.000000 597.231201 165.932770 19.737061 48.375000 0.333999
1470.000000 571.886108 168.320847 11.995728 30.806488 0.142983
1470.000000 600.245789 168.126144 12.735474 30.017914 0.117529
1470.000000 511.754242 195.166779 13.965973 31.197418 0.094061
1470.000000 546.899231 171.714798 19.588867 48.471497 0.088914
1470.000000 454.481384 177.322586 11.431274 26.281586 0.077446
1470.000000 566.768921 175.295959 14.041992 33.026764 0.075066
1470.000000 585.234436 170.580368 12.285156 31.138123 0.070916
1470.000000 243.181793 161.012573 18.740723 42.828674 0.062104
1470.000000 626.848877 151.259216 13.104248 52.233612 0.055987
1470.000000 333.036804 177.272919 15.133911 36.669312 0.055215
1470.000000 161.636688 179.890564 10.467316 26.291138 0.054770
1500.000000 621.726990 165.514938 18.144775 55.381561 0.863902
1500.000000 603.669373 161.178833 24.732788 63.035980 0.766506
1500.000000 613.297363 173.284821 16.906006 51.289978 0.367806
1500.000000 559.387146 156.369904 22.420776 55.934845 0.357010
1500.000000 17.089008 193.339645 14.794941 36.096191 0.303472
1500.000000 551.042358 165.966263 19.772705 47.843262 0.232951
1500.000000 444.058441 178.087463 10.743835 26.139526 0.143686
1500.000000 607.627197 158.076172 17.071655 40.457855 0.140103
1500.000000 601.720703 168.483795 18.801270 44.013489 0.114444
1500.000000 189.441833 151.967682 19.220123 47.911774 0.104760
1500.000000 549.820190 161.246216 27.353760 72.510193 0.103449
1500.000000 471.789642 174.963181 14.382324 34.451691 0.093723
1500.000000 63.493637 193.302536 11.163589 29.914917 0.084253
1500.000000 0.079860 182.581665 12.206406 43.632507 0.078612
1500.000000 209.476105 149.959747 12.159790 32.317352 0.066800
1500.000000 278.707153 168.045532 14.665894 35.964447 0.062173
1500.000000 510.416840 182.725601 16.172394 41.388184 0.056204
1500.000000 71.374947 195.210281 13.122818 30.307373 0.055261
1500.000000 385.509644 185.673203 12.520569 31.728516 0.054706
1500.000000 13.095596 193.284988 23.931511 52.972809 0.052801
1500.000000 94.308113 191.586731 13.280273 32.891388 0.052020
1530.000000 455.817535 175.423309 12.172729 27.525055 0.507631
1530.000000 494.358887 169.179688 17.337219 44.126404 0.361428
1530.000000 45.444027 185.690613 13.316254 31.771759 0.337850
1530.000000 599.633423 150.244232 37.404541 98.324738 0.258869
1530.000000 12.100216 190.373474 12.701466 31.980316 0.176819
1530.000000 612.232422 156.496246 21.333374 62.944489 0.114656
1530.000000 497.520935 168.871201 12.214966 29.986938 0.069905
1530.000000 125.809402 169.379135 12.426086 31.330139 0.059605
1560.000000 522.679260 165.471741 24.611572 60.759766 0.964250
1560.000000 466.199677 172.212830 11.752197 28.540771 0.537064
1560.000000 249.877670 167.926056 14.845566 35.539398 0.243995
1560.000000 408.384857 178.181763 16.365479 42.111938 0.167306
1560.000000 510.235352 181.903854 13.803711 33.748657 0.129984
1560.000000 181.695984 144.543976 12.617767 30.244751 0.128873
1560.000000 412.857330 180.769516 10.773315 28.152710 0.117326
1560.000000 526.532104 165.542160 15.561768 37.817841 0.115666
1560.000000 408.402893 177.691330 12.117249 27.597351 0.069189
1560.000000 427.034271 177.352615 10.673218 26.533752 0.067578
1560.000000 182.786743 145.172897 17.288544 43.693237 0.066868
1560.000000 211.953262 171.521866 17.099426 45.310486 0.062280
1560.000000 202.946060 173.734756 16.876495 41.065094 0.057502
1560.000000 261.408508 164.821045 13.595947 34.976776 0.056135
1560.000000 403.957489 177.160950 12.217957 29.686401 0.053619
1560.000000 400.255798 177.992889 18.599487 43.494965 0.052618
1590.000000 578.462891 162.622833 32.501953 79.200989 0.992653
1590.000000 478.588715 173.284210 13.803650 32.608215 0.642037
1590.000000 291.425354 165.532776 13.822571 32.201874 0.302830
1590.000000 125.987671 168.730530 13.217102 33.803711 0.243003
1590.000000 287.356995 165.710129 20.689636 50.518036 0.086192
1590.000000 197.834900 178.693481 12.891205 32.739410 0.081543
1590.000000 626.188599 164.060394 13.747437 56.569489 0.076516
1590.000000 61.256294 100.019974 44.691116 107.550690 0.075852
1590.000000 527.550903 182.670578 14.122070 35.567139 0.074387
1590.000000 361.095398 172.329483 12.274597 30.774048 0.068555
1590.000000 306.411194 178.179596 11.881165 29.396515 0.061480
1590.000000 107.952316 144.151535 12.520813 30.496063 0.057526
1590.000000 521.698975 185.066666 15.687866 39.151733 0.056750
1590.000000 427.531128 178.847763 13.659363 30.327087 0.055278
1590.000000 583.412598 196.898483 19.755005 43.703918 0.050785
1620.000000 558.305603 172.319397 18.084961 42.533966 0.803083
1620.000000 92.757805 179.365723 15.151611 36.811035 0.404473
1620.000000 446.695160 180.619919 14.917847 37.172943 0.262632
1620.000000 131.120911 174.094315 11.574310 29.393036 0.206676
1620.000000 151.533554 175.551178 13.031982 32.714539 0.143430
1620.000000 329.154846 167.493698 15.568970 38.724335 0.122023
1620.000000 90.507309 178.440826 21.846375 51.470490 0.112261
1620.000000 490.510162 173.335861 17.107239 43.099182 0.093368
1620.000000 148.633545 172.282944 18.606903 49.899780 0.085539
1620.000000 488.085693 178.842010 11.469604 31.679657 0.083573
1620.000000 426.023651 180.568680 13.055908 32.460205 0.069691
1620.000000 470.003815 173.984955 16.645752 40.808624 0.069685
1620.000000 194.715729 188.309052 15.933655 40.690033 0.061787
1620.000000 99.411667 180.828873 12.615234 30.154816 0.052943
1650.000000 495.782806 180.608276 13.593018 30.496124 0.380360
1650.000000 347.515167 168.396423 13.460144 33.031799 0.309745
1650.000000 466.986542 177.315842 16.680359 40.725098 0.222474
1650.000000 488.241150 189.335037 11.268860 28.864746 0.105040
1650.000000 42.111183 165.520569 19.218369 44.300385 0.091274
1650.000000 470.919312 175.987289 11.584717 26.762970 0.060758
1650.000000 38.754753 166.803268 26.130585 66.311127 0.058147
1650.000000 321.799988 168.863968 16.091370 40.724792 0.051649
1680.000000 505.762115 177.978043 20.241547 53.839905 0.517152
1680.000000 509.638672 177.487198 14.155396 33.391205 0.329008
1680.000000 2.000566 165.126541 23.867134 60.984955 0.285025
1680.000000 541.137695 182.085068 14.003540 33.351257 0.196132
1680.000000 624.512146 208.130127 10.927612 26.993469 0.159094
1680.000000 14.347007 177.724960 19.930058 45.734619 0.141133
1680.000000 0.000000 167.451218 15.570072 45.515198 0.121922
1680.000000 5.571884 167.966553 16.673952 37.722351 0.120941
1680.000000 420.884399 194.203613 12.262390 30.703888 0.103914
1680.000000 625.217773 205.668961 14.430908 51.026627 0.098696
1680.000000 545.958313 208.676743 11.489868 27.955414 0.087213
1680.000000 295.419952 172.352493 15.763916 38.668121 0.060980
1680.000000 337.341492 170.125031 13.249695 32.429077 0.058493
1680.000000 0.074674 166.181992 9.594299 37.943054 0.055580
1680.000000 132.966995 190.766418 10.399872 29.023865 0.050467
1680.000000 533.706787 190.866714 12.423462 30.135254 0.050078
1710.000000 10.687276 187.648331 21.446537 53.153595 0.577442
1710.000000 471.770721 195.986954 13.412231 30.756226 0.373469
1710.000000 67.558197 196.706619 12.899948 35.155731 0.296177
1710.000000 453.205353 186.219009 13.161438 32.048462 0.216904
1710.000000 12.666058 187.152527 14.059067 33.318237 0.173461
1710.000000 574.957092 145.182816 24.341431 56.781250 0.168947
1710.000000 414.866791 190.187714 11.318787 30.350616 0.161120
1710.000000 519.704285 179.627594 11.765503 29.136505 0.145804
1710.000000 90.507385 191.096039 14.864517 34.677521 0.134486
1710.000000 60.734512 201.154831 13.713608 32.597443 0.124257
1710.000000 446.077576 183.894363 22.831604 49.857605 0.118342
1710.000000 446.822479 186.183899 13.995239 33.253540 0.117863
1710.000000 0.000000 188.845245 10.001105 54.801941 0.106882
1710.000000 518.828430 180.644531 15.973511 41.097382 0.100005
1710.000000 412.195343 190.445068 17.905396 42.228821 0.095938
1710.000000 4.528693 192.437561 16.083836 40.837006 0.093939
1710.000000 526.697205 177.562531 13.075439 31.847351 0.091623
1710.000000 78.537979 189.902847 11.797089 28.736908 0.091570
1710.000000 411.301880 194.882477 13.113403 30.925232 0.090960
1710.000000 450.348694 183.813904 12.002197 26.848511 0.090090
1710.000000 566.732544 145.614685 36.502319 83.958649 0.081792
1710.000000 16.412430 198.872009 19.642982 43.792633 0.072073
1710.000000 50.469528 189.735229 12.253662 29.673248 0.065083
1710.000000 54.635105 206.429123 12.133411 30.445770 0.056573
1710.000000 132.828857 191.372238 11.880798 28.004730 0.055338
1710.000000 443.046814 184.879684 12.369141 29.020050 0.052487
1710.000000 53.661011 182.619553 20.234413 49.360992 0.052397
1710.000000 127.778267 191.469650 11.468071 28.154480 0.051401
1710.000000 52.660622 185.826370 15.653259 30.854370 0.050944
1740.000000 467.673248 191.631088 13.416382 34.081818 0.406773
1740.000000 58.773796 193.102753 12.688232 31.621033 0.295417
1740.000000 438.731415 182.924377 12.284668 30.217346 0.294627
1740.000000 463.302979 190.639313 19.302917 48.584259 0.289479
1740.000000 306.801178 170.434174 11.996277 29.858856 0.199103
1740.000000 1.858644 187.692932 16.602419 40.908417 0.179047
1740.000000 45.319305 190.574417 16.500107 41.778564 0.154623
1740.000000 435.518036 183.138916 17.483887 42.620789 0.139562
1740.000000 53.371231 189.824188 12.863197 31.691864 0.127127
1740.000000 454.377045 181.413971 12.482300 32.197845 0.118202
1740.000000 433.608124 183.122009 12.751099 29.772034 0.096810
1740.000000 453.592834 188.729004 25.813171 58.074615 0.095195
1740.000000 449.897247 184.246002 14.282837 33.496063 0.092821
1740.000000 451.687836 189.840637 18.938416 44.018768 0.077893
1740.000000 0.048612 186.426819 12.480850 51.875702 0.074254
1740.000000 49.552227 191.164429 19.794239 42.688690 0.060387
1740.000000 103.715866 195.462143 13.276596 30.333008 0.060192
1740.000000 38.539612 191.632446 18.895752 39.273712 0.054969
1740.000000 85.328339 193.026001 12.824127 31.679688 0.053817
1740.000000 97.285904 193.007904 12.029724 30.241760 0.051720
1770.000000 352.914764 183.229355 12.980103 30.566833 0.196395
1770.000000 349.572418 184.162964 19.100647 45.977875 0.078382
1770.000000 419.307465 148.441101 18.812866 43.331085 0.054918
1770.000000 338.363373 187.078735 10.700378 27.541595 0.052450
1800.000000 558.623596 141.267899 56.734619 130.825790 0.983815
1800.000000 606.086792 162.721497 33.913208 104.410736 0.980915
1800.000000 489.234131 162.094269 31.933105 75.240509 0.641989
1800.000000 514.786682 160.541992 31.594849 77.400970 0.175441
1800.000000 490.833282 186.287766 26.491730 62.883484 0.155529
1800.000000 530.457031 163.226181 19.963745 47.548767 0.134807
1800.000000 322.802551 128.928802 28.938416 71.704010 0.132990
1800.000000 518.990906 162.534592 23.000000 52.610352 0.113207
1800.000000 550.557312 156.181915 45.035767 101.311951 0.074842
1800.000000 524.012878 164.740601 14.911255 33.200714 0.074645
1800.000000 570.480347 140.819122 36.586670 87.588348 0.071264
1800.000000 611.371826 139.130142 27.580811 210.563522 0.068352
1800.000000 495.210083 162.463943 21.687622 49.581879 0.062915
1800.000000 632.052246 0.000000 7.925659 480.000000 0.055469
1800.000000 503.205597 187.091782 20.182098 57.859467 0.053232
1800.000000 534.083374 159.442078 14.982788 34.421814 0.052319
