30.000000 442.586914 158.681015 17.657532 40.631714 0.480749
30.000000 213.302933 177.656464 11.520630 28.149475 0.306095
30.000000 235.116013 177.461151 12.151886 26.656677 0.129813
30.000000 548.757202 183.287247 13.580200 30.896545 0.121923
30.000000 218.516006 180.146530 10.512207 26.253662 0.107569
30.000000 70.912338 198.766632 16.284958 37.094788 0.067102
30.000000 500.957184 170.884171 14.656830 36.568329 0.064508
30.000000 460.263306 171.112839 13.007263 30.406952 0.058305
60.000000 591.120850 177.924988 16.311890 40.704742 0.863858
60.000000 149.761398 171.820938 15.331543 36.500336 0.537411
60.000000 232.650162 163.996109 15.579132 39.043945 0.223882
60.000000 263.797455 162.980835 12.312561 29.981567 0.180855
60.000000 462.459564 147.920105 22.300293 50.287445 0.124262
60.000000 11.150940 209.831787 15.855782 38.459778 0.119447
60.000000 275.729889 166.789658 11.060974 27.826355 0.100806
60.000000 4.050442 196.763123 12.118553 29.529053 0.099963
60.000000 434.189575 162.628647 15.586792 36.308411 0.094635
60.000000 466.143341 149.517563 15.344788 34.081726 0.092803
60.000000 170.853836 183.662949 10.344086 23.952820 0.090422
60.000000 455.129395 151.108139 14.912048 37.170135 0.083048
60.000000 216.584427 167.911026 14.290497 35.246460 0.075874
60.000000 245.126022 161.115494 16.061050 39.546356 0.066348
60.000000 230.220093 175.591568 12.638672 28.281799 0.061555
60.000000 208.589401 180.697281 11.330322 26.177429 0.054809
90.000000 217.805847 167.918350 15.799103 36.447662 0.471483
90.000000 129.039368 169.641495 19.078461 47.933594 0.289299
90.000000 271.566467 162.641190 16.083679 41.402222 0.279686
90.000000 246.119156 172.504288 12.559402 32.736206 0.252346
90.000000 196.789032 180.056412 13.409851 30.284668 0.234638
90.000000 231.473419 174.344238 14.786621 32.666077 0.194823
90.000000 184.837082 181.983887 12.334534 28.955963 0.155682
90.000000 121.789070 176.785263 13.036507 32.717285 0.150350
90.000000 240.576141 174.502869 13.441376 31.390442 0.145320
90.000000 290.123413 173.423569 10.850342 21.988586 0.131640
90.000000 310.393341 167.038116 15.561707 37.426880 0.113996
90.000000 212.138321 167.261292 17.108032 39.463379 0.113975
90.000000 264.252319 164.027695 12.620117 31.925598 0.110308
90.000000 156.318558 186.094833 11.404327 24.938080 0.105107
90.000000 150.842865 178.913940 14.132507 32.644318 0.084189
90.000000 255.594986 151.924606 20.319931 51.458801 0.075494
90.000000 114.353271 180.386841 13.888184 34.772949 0.066873
90.000000 221.950073 169.908279 16.715668 38.157898 0.064659
90.000000 48.083660 156.740799 25.377941 63.165466 0.063886
90.000000 279.365234 166.104218 12.904602 33.080872 0.061299
90.000000 488.245087 142.467468 26.201080 66.633240 0.061123
120.000000 231.226730 173.782272 13.833496 33.823059 0.585235
120.000000 318.975189 169.042053 13.527100 35.110870 0.494897
120.000000 442.542419 156.097107 16.103699 38.719055 0.474507
120.000000 494.890137 154.841156 18.859436 47.720154 0.267856
120.000000 153.149857 191.261597 12.600128 27.649323 0.199885
120.000000 307.297882 156.193436 22.943909 53.037323 0.183200
120.000000 401.911743 183.924805 11.377625 26.488007 0.142863
120.000000 226.220215 177.844620 10.861053 28.555176 0.119337
120.000000 497.426819 153.396713 13.382568 31.181641 0.118482
120.000000 295.853546 174.021530 11.963074 26.808014 0.112144
120.000000 108.319382 187.324722 14.923569 36.222687 0.086600
120.000000 509.500305 204.289902 11.655518 29.731598 0.081776
120.000000 516.817139 161.677795 16.199341 38.819275 0.077629
120.000000 142.236526 186.504623 11.194000 28.450287 0.072242
120.000000 100.774643 161.217819 23.541183 62.817627 0.065692
120.000000 310.540039 157.415955 15.964355 36.904114 0.060559
120.000000 278.595551 178.397934 9.467468 23.223236 0.060257
150.000000 194.466751 159.299988 22.218964 53.138550 0.658218
150.000000 147.911179 167.393768 19.046234 46.010773 0.613542
150.000000 205.014023 163.792542 17.462891 43.266846 0.352237
150.000000 157.842361 179.463882 14.045013 32.162292 0.331642
150.000000 179.236450 184.100662 11.626892 27.611572 0.307621
150.000000 113.330292 182.799072 14.384476 32.232574 0.306258
150.000000 172.223862 183.268219 11.984070 28.620026 0.305909
150.000000 39.016621 196.289871 13.851318 33.371948 0.231006
150.000000 104.027611 184.731308 12.897171 31.300934 0.190403
150.000000 92.580406 181.403320 14.750854 35.666687 0.188838
150.000000 197.864014 158.775467 14.708435 31.906677 0.166583
150.000000 133.609604 158.388626 19.697083 47.073059 0.163820
150.000000 20.027798 209.680145 13.185890 31.371704 0.161476
150.000000 49.871311 148.229736 19.196270 43.381012 0.134689
150.000000 313.860779 165.503754 16.093262 38.020752 0.130243
150.000000 207.780640 160.841064 13.319763 32.098572 0.108158
150.000000 625.368347 166.168030 14.595581 54.253448 0.095196
150.000000 61.955177 186.607071 15.699356 36.510773 0.093810
150.000000 70.626884 155.905640 19.471222 45.643860 0.083836
150.000000 92.124435 89.713585 14.826721 36.464676 0.064558
150.000000 49.654430 147.579315 26.856159 63.607269 0.064127
150.000000 53.208641 146.866348 13.425621 30.575470 0.054126
150.000000 516.660706 203.364761 15.982666 36.937378 0.052803
180.000000 316.137024 157.582138 14.289246 34.063965 0.378917
180.000000 26.003887 175.659241 12.653763 31.161682 0.270937
180.000000 38.039635 177.588089 13.888000 34.530945 0.240906
180.000000 94.652786 178.529297 12.100418 30.816315 0.228094
180.000000 551.164185 199.330185 17.326782 40.240265 0.168826
180.000000 158.384918 176.371338 12.378143 27.963684 0.158187
180.000000 308.642853 146.856125 16.127991 37.264679 0.149994
180.000000 42.994099 181.417435 13.321510 31.891693 0.140791
180.000000 225.283173 176.690796 9.681610 22.806244 0.140065
180.000000 153.645004 175.653397 12.401459 31.325897 0.120739
180.000000 13.135099 181.803818 13.092937 33.203033 0.119520
180.000000 54.224724 183.281937 12.167892 29.700806 0.104914
180.000000 148.128723 175.410889 12.191284 31.104065 0.079766
180.000000 17.721540 175.187576 13.264858 32.372040 0.078705
180.000000 408.191254 148.954330 16.751587 39.401917 0.076883
180.000000 241.197464 176.216217 9.494965 24.067261 0.076796
180.000000 514.495972 100.902710 13.996216 36.398087 0.074376
180.000000 49.322235 174.684189 13.261017 34.088501 0.073046
180.000000 72.761658 181.868881 12.294739 32.921143 0.068028
180.000000 20.892799 179.720245 12.859447 34.100250 0.063090
180.000000 61.016361 182.127563 13.547909 33.577209 0.062511
180.000000 193.991180 158.078110 13.070709 31.441345 0.055105
180.000000 225.979721 168.166885 12.625671 30.023224 0.054301
180.000000 0.000000 141.076385 10.202599 44.097290 0.052619
180.000000 405.097687 169.299179 14.850708 35.139343 0.050092
210.000000 41.540108 172.855194 15.292427 35.634338 0.706857
210.000000 616.141479 163.816910 19.095581 49.314484 0.336635
210.000000 567.767578 140.317047 17.680420 44.932861 0.262347
210.000000 129.142471 170.141846 12.664581 33.317017 0.217132
210.000000 406.016541 160.647949 14.251282 33.969086 0.134270
210.000000 484.379486 146.700058 22.811279 57.533661 0.119565
210.000000 612.359924 181.436905 14.317017 34.879456 0.116691
210.000000 36.742104 176.126709 13.683479 34.346832 0.105562
210.000000 606.511719 170.611755 17.154053 40.016693 0.095646
210.000000 623.502747 171.713943 16.035156 44.263702 0.095211
210.000000 210.727112 169.545731 10.651581 24.428894 0.087854
210.000000 562.315430 140.513458 27.891846 60.880127 0.080432
210.000000 621.355896 179.205566 13.085815 32.310242 0.072359
210.000000 0.000525 180.900574 9.042418 38.992828 0.070041
210.000000 592.469604 148.588303 19.013428 46.507812 0.066203
210.000000 489.783813 148.477600 15.570496 39.118256 0.063293
210.000000 31.506079 176.330826 13.088900 32.876465 0.060656
210.000000 577.473328 144.150116 24.505249 61.514557 0.056298
210.000000 345.038422 179.876648 14.704895 36.437775 0.053350
240.000000 496.646759 177.259399 17.147675 40.794678 0.392550
240.000000 99.783493 171.507523 13.781967 35.245148 0.384983
240.000000 606.022766 108.316193 18.969238 45.509430 0.324001
240.000000 311.348450 152.030609 12.324097 30.941345 0.310482
240.000000 301.641052 143.366074 19.139893 45.731750 0.260637
240.000000 152.141388 170.880875 14.101105 33.161591 0.259120
240.000000 108.819443 171.286346 15.437881 35.543457 0.228576
240.000000 152.578598 156.746048 16.691864 42.512939 0.214820
240.000000 114.764656 170.289841 15.739555 39.399628 0.160322
240.000000 557.545715 131.017151 34.977295 83.820831 0.147888
240.000000 90.549149 174.034363 13.969955 34.061188 0.141762
240.000000 160.642090 153.629456 17.495148 44.139221 0.131988
240.000000 208.212921 154.480652 17.995575 46.053131 0.119246
240.000000 11.393671 188.663025 13.796391 36.209686 0.117179
240.000000 307.527283 149.398895 17.754944 44.945038 0.114449
240.000000 570.534546 130.790894 16.748657 40.327087 0.114313
240.000000 507.944702 177.824356 13.108887 32.341919 0.100746
240.000000 144.975540 166.516525 15.141846 37.763031 0.095606
240.000000 14.592945 182.559219 14.901875 37.805878 0.084434
240.000000 279.558197 159.260269 11.653870 30.546173 0.083348
240.000000 78.165802 177.493805 15.348511 39.110352 0.081337
240.000000 568.263306 132.014801 23.696777 56.915924 0.078163
240.000000 232.298264 145.653931 19.344025 44.318573 0.075003
240.000000 193.978073 144.761795 21.964478 52.307861 0.073988
240.000000 346.353455 153.528763 14.915527 36.412048 0.060463
240.000000 202.656311 150.064545 18.565491 44.194916 0.058405
240.000000 435.684875 161.883881 17.065735 39.843872 0.056440
240.000000 578.709961 122.174690 16.401733 37.889885 0.054772
240.000000 621.632996 109.981415 15.717041 32.605087 0.053240
240.000000 607.293213 108.117165 28.898804 57.071007 0.050486
270.000000 543.827271 176.131592 10.879272 29.131287 0.628882
270.000000 535.369690 175.003296 12.976318 31.467041 0.543700
270.000000 546.289856 158.594498 21.961426 52.892548 0.301422
270.000000 531.946045 178.615097 12.047974 28.921906 0.193566
270.000000 55.831848 178.343552 12.763634 32.260284 0.165396
270.000000 299.672058 143.729660 25.009094 60.385162 0.162605
270.000000 312.893768 154.277771 13.037842 33.132263 0.146037
270.000000 341.275879 154.043686 23.526550 58.378052 0.132385
270.000000 514.249451 180.591690 11.754150 27.612122 0.125660
270.000000 426.538269 161.933731 15.861328 38.219025 0.121174
270.000000 547.373047 178.568314 11.900879 29.091339 0.115335
270.000000 512.283386 187.998871 13.080200 32.252533 0.103014
270.000000 338.574371 161.827850 18.929626 43.721161 0.100411
270.000000 203.084808 175.944809 12.109161 30.057343 0.087242
270.000000 0.132144 155.916763 15.223637 38.576813 0.072335
270.000000 422.600342 159.289948 24.118591 58.857544 0.071359
270.000000 24.390087 174.808136 18.822998 47.490967 0.063575
270.000000 147.709259 184.454468 10.118958 26.794739 0.054912
270.000000 74.069923 176.006897 15.697205 35.272736 0.050947
300.000000 623.788879 175.233932 15.057373 50.143341 0.462317
300.000000 21.370495 179.052017 13.735058 35.250092 0.371230
300.000000 45.634785 183.065887 13.244141 34.154419 0.368162
300.000000 574.125000 174.535202 14.409424 34.305481 0.361557
300.000000 527.534546 158.484314 15.647949 37.544952 0.288338
300.000000 561.208313 180.393829 20.032227 45.020569 0.176826
300.000000 569.230774 172.185303 22.033203 48.973297 0.132790
300.000000 619.906311 175.109039 19.878052 77.696960 0.128860
300.000000 0.000000 177.739151 9.943905 44.434814 0.122319
300.000000 307.431458 157.977432 12.291443 29.473846 0.102742
300.000000 578.980835 177.987305 12.740845 29.179688 0.101780
300.000000 558.065369 183.363831 12.326782 27.216461 0.089048
300.000000 419.350891 165.486359 13.651855 32.869720 0.073955
300.000000 566.415771 172.641571 17.150269 38.555023 0.071010
300.000000 69.517593 187.615265 13.673370 33.013763 0.057851
300.000000 628.442993 125.014832 11.462769 346.539185 0.050356
330.000000 307.046814 161.899780 16.340454 38.730988 0.183393
330.000000 29.949362 177.277802 16.183199 38.560486 0.176368
330.000000 13.812617 182.395233 16.536976 42.571411 0.116588
330.000000 68.526848 201.269333 12.389145 31.266296 0.108514
330.000000 45.760582 206.051605 10.856415 25.619629 0.099093
330.000000 449.647919 171.945023 14.686035 36.122345 0.085575
330.000000 45.579117 172.230865 10.919243 28.692780 0.072551
330.000000 296.846558 148.313766 24.140747 63.306396 0.065212
330.000000 300.936157 150.386673 16.455566 41.964447 0.065070
330.000000 102.919044 188.245590 11.871643 28.943817 0.057706
330.000000 404.364899 182.947144 12.149292 27.702057 0.051244
330.000000 394.392029 176.124817 13.884155 32.795013 0.050196
360.000000 451.325043 168.357956 14.068298 32.986206 0.155700
360.000000 301.904266 161.308929 17.897644 43.232208 0.148469
360.000000 476.580292 174.931259 14.606567 35.324554 0.147320
360.000000 419.968445 184.764023 15.690247 36.588959 0.121113
360.000000 64.837700 198.637817 10.694885 27.950226 0.102694
360.000000 187.643524 185.546936 11.591644 29.087585 0.085871
360.000000 202.713181 184.460892 11.161743 26.147491 0.085393
360.000000 550.603821 142.313156 19.241089 48.725342 0.081870
360.000000 77.502312 198.305496 10.245377 27.900024 0.071574
390.000000 500.656006 170.923309 24.193970 57.866882 0.318758
390.000000 507.879089 177.749603 16.384766 42.538208 0.194368
390.000000 293.862030 151.200104 23.892151 61.534973 0.170196
390.000000 0.018949 188.859482 10.831744 44.240387 0.169532
390.000000 534.698914 176.345337 18.266113 42.176910 0.159199
390.000000 303.430969 162.967606 16.261963 38.358826 0.129659
390.000000 6.562446 191.146667 16.957966 41.563446 0.126273
390.000000 479.633423 192.575317 16.994324 38.585571 0.111106
390.000000 501.171692 170.924286 14.796326 35.733673 0.104967
390.000000 297.402069 153.564911 16.296997 39.563477 0.091317
390.000000 528.640686 175.277863 28.094849 72.062042 0.069019
420.000000 512.331909 172.717087 15.991333 39.547607 0.334004
420.000000 443.907806 196.245285 12.838928 31.107788 0.169445
420.000000 82.837250 183.212784 18.267288 44.645660 0.155271
420.000000 299.822876 151.464935 20.507141 50.010895 0.144518
420.000000 310.628967 163.447006 14.858826 36.595032 0.108289
420.000000 507.214539 171.394043 23.914673 54.674255 0.104683
420.000000 259.246552 188.430740 13.517578 34.752930 0.087004
420.000000 499.159454 169.097580 14.456085 35.519653 0.082662
420.000000 531.269958 177.253799 19.786743 47.487213 0.074084
420.000000 468.241241 170.374008 16.540894 37.828369 0.059166
420.000000 41.330761 201.591583 11.187195 28.682190 0.058535
420.000000 296.297272 150.661545 29.673523 69.789276 0.057942
420.000000 69.592529 203.220367 12.952103 30.536102 0.051222
420.000000 516.208984 165.738785 26.558350 67.854706 0.050946
450.000000 303.514343 152.589066 20.523804 52.278717 0.466212
450.000000 37.552071 196.582458 12.436234 32.669159 0.293060
450.000000 314.892242 165.268875 14.084656 31.899200 0.156268
450.000000 45.480698 204.383484 14.043938 32.898071 0.115256
450.000000 56.605568 206.869904 12.506401 27.625610 0.090310
450.000000 310.306427 162.479584 19.289978 47.389282 0.073431
450.000000 469.261993 179.422501 15.004639 36.279663 0.064250
450.000000 201.054688 189.168076 13.242889 31.861420 0.061918
450.000000 548.951111 167.028992 18.850830 45.058441 0.053282
480.000000 565.980469 191.138016 14.243408 33.141968 0.778353
480.000000 300.581268 152.495300 23.858826 58.988556 0.368233
480.000000 312.951324 166.059235 14.765625 36.371918 0.281043
480.000000 283.709167 165.864532 14.729065 33.951813 0.130365
480.000000 491.014343 170.295486 14.234741 36.509460 0.122207
480.000000 351.187561 162.839478 21.095581 51.315979 0.120358
480.000000 275.255798 165.245178 17.442993 45.670135 0.084499
480.000000 67.291153 172.567261 27.086548 65.890991 0.074713
480.000000 570.727661 191.753159 12.833862 29.955139 0.062289
480.000000 171.273499 186.073517 16.481018 37.362854 0.062063
480.000000 163.606140 190.695587 13.373718 32.597961 0.058260
510.000000 602.807800 188.081573 16.743164 41.444916 0.644375
510.000000 294.070160 153.921616 21.925354 53.264954 0.262198
510.000000 305.778290 166.585800 12.415833 29.702606 0.225443
510.000000 618.261353 114.096199 21.683350 71.196007 0.185891
510.000000 268.262115 165.840073 15.225159 36.749542 0.161423
510.000000 181.950516 191.579315 12.753021 31.937866 0.105218
510.000000 144.151260 196.353836 14.837799 34.807404 0.094626
510.000000 103.002998 192.698959 13.535965 32.594299 0.089757
510.000000 445.343658 175.568436 18.629395 46.319550 0.076194
510.000000 613.036255 109.642471 26.963745 127.224731 0.055517
510.000000 73.981102 189.529465 12.937561 34.526184 0.051730
540.000000 39.846298 186.827057 13.391830 31.265839 0.249031
540.000000 253.216080 164.786591 13.625717 36.423279 0.208462
540.000000 551.812134 187.973953 15.558594 38.469330 0.180760
540.000000 293.501221 166.125168 16.327515 39.979889 0.141203
540.000000 7.542819 192.025299 18.113724 40.675781 0.099382
540.000000 178.218781 170.447922 13.278137 32.403717 0.084666
540.000000 593.112366 205.442810 44.852295 157.877502 0.082027
540.000000 262.529114 172.573441 12.698792 28.892456 0.052530
540.000000 220.661942 168.416794 13.572449 34.079498 0.051351
570.000000 69.499298 155.691574 18.169250 42.676605 0.363327
570.000000 208.843826 177.134003 13.021362 31.209351 0.278594
570.000000 90.633804 151.935638 19.526428 46.684082 0.187637
570.000000 95.437363 144.691208 21.340805 49.836914 0.142005
570.000000 63.735069 155.853928 28.578934 75.789185 0.131575
570.000000 602.438416 202.195892 27.015015 60.648407 0.130752
570.000000 182.141602 156.348129 14.589661 34.557800 0.116800
570.000000 609.392578 200.996399 13.148193 31.620880 0.109653
570.000000 228.189545 166.057953 16.009277 39.458374 0.109078
570.000000 103.250710 145.381439 18.259460 40.645752 0.085361
570.000000 88.752419 148.310989 27.962479 70.553528 0.075774
570.000000 281.560425 153.628540 18.776001 46.338593 0.074925
570.000000 293.157471 165.785049 13.026306 31.868713 0.066546
570.000000 126.902557 142.923782 13.559723 33.371460 0.060494
570.000000 94.435387 147.040543 14.063583 34.997711 0.058667
570.000000 163.012299 155.314880 17.542542 41.505615 0.057974
570.000000 244.441956 166.091415 15.217804 39.931427 0.056101
570.000000 520.346313 206.450714 15.186768 37.355743 0.055498
570.000000 175.038879 150.972351 13.693146 30.944122 0.055014
570.000000 604.750061 202.530106 12.332764 30.132782 0.051841
570.000000 102.377365 144.075806 24.656891 60.854614 0.051285
600.000000 25.797068 208.032867 55.573914 152.205322 0.969671
600.000000 184.906372 137.563782 14.908203 36.671875 0.564250
600.000000 549.512939 194.878403 13.831543 34.077209 0.374858
600.000000 234.339874 169.429825 13.823914 33.206787 0.356242
600.000000 298.902008 165.424042 14.073242 33.925720 0.306063
600.000000 121.131729 143.189774 15.121399 35.141449 0.273471
600.000000 177.099762 138.303696 13.319946 32.251038 0.243101
600.000000 51.440140 144.132706 16.268433 36.091583 0.228833
600.000000 555.232300 192.837555 12.440918 29.758301 0.193266
600.000000 566.551086 186.927338 14.207642 34.919647 0.191869
600.000000 243.483124 167.637024 13.010254 30.806488 0.181832
600.000000 64.629890 154.036224 12.690018 29.308014 0.170785
600.000000 519.962952 195.948746 13.192261 32.849030 0.162608
600.000000 86.922516 150.431686 16.889099 39.879272 0.154949
600.000000 508.640045 198.059174 12.780548 30.469086 0.136256
600.000000 578.676758 190.540482 11.740479 30.286591 0.128911
600.000000 76.511414 144.655853 15.552002 38.375458 0.128047
600.000000 198.607788 143.045975 14.410797 33.629730 0.113866
600.000000 503.109802 197.009567 16.079529 36.123810 0.104267
600.000000 250.313568 166.111908 13.683289 32.912689 0.098855
600.000000 229.552826 171.808243 14.420563 31.815552 0.094909
600.000000 239.824692 169.568604 12.422729 31.271301 0.093367
600.000000 599.089600 185.548447 24.574585 58.213409 0.090829
600.000000 55.753189 146.757141 18.224350 42.187378 0.089503
600.000000 89.635773 147.134613 12.488419 28.109467 0.088227
600.000000 197.603867 169.828751 17.494415 40.935455 0.082268
600.000000 49.040108 145.230087 13.492294 28.830353 0.079906
600.000000 529.096497 198.851959 12.760254 31.391144 0.078051
600.000000 224.538406 171.720871 15.010132 34.770447 0.070358
600.000000 134.880814 189.031036 15.114777 34.281464 0.068275
600.000000 214.427689 169.096603 17.214264 37.358765 0.065990
600.000000 545.115417 193.177155 20.716919 48.265778 0.065502
600.000000 624.337341 184.552109 15.535889 49.058594 0.065041
600.000000 59.756840 157.043350 26.594509 67.956940 0.063146
600.000000 560.402344 190.828506 15.457520 36.737030 0.058326
600.000000 632.292725 144.034485 7.549072 335.965515 0.054298
600.000000 92.111908 188.350784 14.933975 34.662140 0.050023
630.000000 581.204834 194.707443 12.890503 30.179077 0.262888
630.000000 72.709869 195.550995 14.118271 31.311523 0.247388
630.000000 31.657909 193.229248 13.592010 33.858093 0.204706
630.000000 144.332535 200.509094 13.312317 32.912292 0.182060
630.000000 315.503754 166.445007 15.516357 35.401886 0.180510
630.000000 36.030731 194.033279 13.285248 31.047943 0.175033
630.000000 522.654480 197.113235 13.451660 32.957794 0.166460
630.000000 531.494507 198.304321 13.456299 30.685974 0.136321
630.000000 84.022011 196.655609 14.544495 33.695892 0.114997
630.000000 39.528358 195.966217 15.073708 31.095154 0.095490
630.000000 65.869263 194.241074 14.974274 31.815796 0.086535
630.000000 158.790421 190.052750 12.264252 28.820374 0.080688
630.000000 71.527557 179.203979 18.674484 45.253418 0.080057
630.000000 62.040569 172.553375 23.700863 54.011108 0.077594
630.000000 92.154633 192.265305 13.594788 33.272522 0.076268
630.000000 457.059723 194.363007 12.573792 29.389740 0.072115
630.000000 45.357193 199.779526 10.953949 27.478149 0.068105
630.000000 16.774162 186.688232 17.809299 45.111694 0.062791
630.000000 60.773258 193.409790 15.536137 31.302185 0.055686
660.000000 573.922729 190.167770 15.793335 36.255402 0.483318
660.000000 18.201107 189.420761 16.710567 41.870361 0.268934
660.000000 29.254189 181.643372 19.089355 48.046570 0.227239
660.000000 496.141052 194.388443 13.319702 31.936676 0.160884
660.000000 59.151340 176.755569 17.755795 45.443542 0.129891
660.000000 321.686981 166.314926 14.731323 35.894897 0.109719
660.000000 43.476166 144.732742 16.907440 36.759491 0.095502
660.000000 442.354675 181.033920 14.166687 33.757874 0.065003
660.000000 7.317473 195.941925 14.253613 37.027405 0.064166
660.000000 37.571606 142.058075 24.944305 55.639130 0.063217
660.000000 568.932739 177.834045 22.930542 50.078033 0.060215
660.000000 8.467354 168.996033 28.045334 63.568451 0.058665
690.000000 314.161011 166.223923 17.371643 41.727295 0.309333
690.000000 513.920044 190.125565 10.862427 25.848145 0.274111
690.000000 109.134171 195.016953 13.276657 32.071289 0.199118
690.000000 134.556854 196.861526 12.489166 31.664825 0.179224
690.000000 97.509850 181.688416 13.413589 33.132812 0.178152
690.000000 462.713654 201.399658 11.241882 28.696625 0.158139
690.000000 500.777771 202.367783 11.241882 29.671936 0.148560
690.000000 496.986664 193.016083 9.241150 23.524567 0.144843
690.000000 609.212952 145.730789 30.352783 81.406555 0.129592
690.000000 115.485390 192.724976 13.821861 34.612518 0.092603
690.000000 1.806959 181.446182 15.847258 50.931305 0.080329
690.000000 620.634216 161.501801 19.365784 65.196289 0.071885
690.000000 486.175415 193.403091 11.967163 29.466827 0.063620
690.000000 178.666916 201.468796 9.514374 24.379883 0.063486
690.000000 367.050415 182.170364 13.389526 32.389252 0.058978
690.000000 119.616699 195.581848 14.702301 33.830719 0.052821
720.000000 531.683777 190.031601 11.099609 30.037140 0.745457
720.000000 511.262115 192.216980 11.740814 29.098083 0.728065
720.000000 497.047241 191.189697 11.954468 28.062103 0.396663
720.000000 69.680595 189.400620 16.421494 40.215057 0.326209
720.000000 305.108215 164.723145 17.485168 43.632202 0.226352
720.000000 96.177429 96.900528 18.687271 45.345581 0.207062
720.000000 13.454699 213.498566 12.476055 30.907135 0.172184
720.000000 625.795593 192.632843 14.203369 37.807678 0.147623
720.000000 525.409546 197.421677 9.600952 24.888885 0.141340
720.000000 51.160873 184.438629 17.109703 41.126038 0.123140
720.000000 89.928040 185.641800 17.996033 40.052734 0.117026
720.000000 4.882887 209.537186 13.559813 35.550629 0.104738
720.000000 505.274780 190.228394 10.954163 27.907867 0.077317
720.000000 86.815491 187.584518 12.413574 28.714600 0.061452
750.000000 546.946899 188.746292 14.174927 34.443024 0.918367
750.000000 570.701355 186.039566 15.683960 36.909821 0.907098
750.000000 526.948120 187.027832 11.958252 29.197479 0.376687
750.000000 484.883606 191.629868 10.279114 23.649170 0.276939
750.000000 307.377167 163.906158 16.610229 39.512604 0.216155
750.000000 112.412155 187.694489 14.907455 35.932007 0.147769
750.000000 584.019836 194.301071 12.868042 28.615204 0.119470
750.000000 56.102303 183.565826 17.127716 40.915192 0.095676
750.000000 517.200439 199.122650 10.657715 28.382599 0.075699
750.000000 523.670105 191.503128 12.352905 30.026123 0.069043
750.000000 0.490878 161.423462 20.551636 84.608704 0.052439
780.000000 588.225464 188.650650 15.656128 38.695923 0.966770
780.000000 620.552185 185.428406 15.131592 38.657043 0.688589
780.000000 558.814514 186.368500 13.709595 33.376160 0.497748
780.000000 104.075203 198.000702 11.685699 28.441223 0.408953
780.000000 615.266724 195.932312 12.337524 29.539490 0.167928
780.000000 574.403809 188.371460 12.712402 32.610870 0.091345
780.000000 498.319122 196.408356 12.257263 33.264984 0.074080
780.000000 301.301666 162.965515 17.136902 40.525482 0.070890
780.000000 613.311035 191.277359 18.725342 43.762939 0.069817
810.000000 112.878296 171.444626 17.662201 41.700348 0.156253
810.000000 0.196948 198.399109 11.004186 49.268982 0.132200
810.000000 396.165833 185.475906 11.244324 30.123871 0.099618
810.000000 80.843216 167.374969 18.781998 45.005920 0.095336
810.000000 572.271667 198.215012 14.424316 34.375916 0.090394
810.000000 106.758385 169.812164 25.819740 59.980103 0.067534
810.000000 554.311279 119.506042 10.500244 27.030731 0.053217
840.000000 605.745178 51.235306 29.249146 74.492172 0.531782
840.000000 619.423584 51.348797 20.095337 60.553074 0.452228
840.000000 567.887024 191.897491 13.695435 34.051819 0.280757
840.000000 595.044495 85.523804 13.879639 29.803543 0.252182
840.000000 592.850342 192.601913 20.265015 47.403809 0.160594
840.000000 598.882080 57.899490 15.646240 33.944290 0.157229
840.000000 560.534485 189.442001 19.273804 44.308014 0.130315
840.000000 610.920715 52.096241 15.118164 35.222576 0.127308
840.000000 595.228394 56.654110 23.086914 55.854725 0.123709
840.000000 591.263916 82.127937 13.332275 31.650391 0.110409
840.000000 535.440308 63.462563 17.687378 42.870972 0.103405
840.000000 512.699646 200.664764 11.096558 24.076813 0.080664
840.000000 543.522522 187.079269 11.851074 28.775208 0.080489
840.000000 615.688354 53.111053 18.148560 40.918808 0.063595
840.000000 588.163635 79.806061 12.441406 29.129745 0.061587
840.000000 625.505493 68.350952 14.494507 57.256165 0.060586
840.000000 525.117188 54.803719 19.409424 49.727341 0.059746
840.000000 550.889709 198.207291 13.014282 34.569641 0.055654
870.000000 596.361267 181.975937 13.348022 33.040344 0.600161
870.000000 586.850342 180.665833 13.982788 33.753204 0.211705
870.000000 130.189392 189.050949 12.691284 32.423096 0.196374
870.000000 143.040466 192.552704 13.698090 33.132507 0.150040
870.000000 69.277763 187.029144 12.425278 30.920654 0.104284
870.000000 78.555984 172.708054 17.366119 44.083649 0.058295
870.000000 99.874329 183.929962 13.142181 33.270081 0.055179
870.000000 620.018494 184.712677 13.992920 28.151367 0.053083
900.000000 13.621905 197.383942 10.944772 27.195160 0.104262
900.000000 369.352142 191.041214 16.849915 40.812286 0.099360
900.000000 94.882462 189.511749 11.313950 27.460388 0.086293
900.000000 8.125395 194.907776 13.121656 31.117249 0.076311
900.000000 363.548920 163.294769 14.292969 35.191101 0.064750
960.000000 378.948334 167.842072 11.969604 29.844513 0.070339
960.000000 529.598267 193.471390 12.046021 29.522125 0.057402
990.000000 442.100433 189.766754 10.099670 26.007294 0.255276
990.000000 493.472931 181.626602 13.252625 32.507080 0.154075
990.000000 31.483131 186.001022 12.933975 32.395721 0.153522
990.000000 478.075653 184.829071 10.998718 26.707458 0.147245
990.000000 496.405792 190.773438 15.135132 33.802246 0.114883
990.000000 387.470947 179.310303 13.347229 31.316101 0.101607
990.000000 497.964417 186.276443 11.189941 29.289124 0.099925
990.000000 486.047180 185.997574 10.725586 27.310486 0.075828
990.000000 446.435242 190.657547 9.424500 25.137299 0.075415
990.000000 475.240326 187.342545 15.541748 36.999512 0.070414
990.000000 80.363617 189.158356 14.458420 34.961273 0.068766
1020.000000 475.473083 187.582031 11.076111 28.042450 0.220669
1020.000000 511.547058 190.284912 10.920044 29.452118 0.184475
1020.000000 501.104004 188.314346 12.826843 30.807587 0.171532
1020.000000 468.550812 188.630936 13.313354 31.310486 0.143469
1020.000000 466.952148 189.180557 10.282043 26.173157 0.105647
1020.000000 523.896912 190.718735 12.684326 30.701569 0.102226
1020.000000 528.984070 190.661728 12.293091 31.526978 0.072106
1020.000000 192.294693 189.674149 14.651306 37.705200 0.065596
1020.000000 496.164398 190.493042 16.119720 37.534302 0.057743
1020.000000 472.945862 188.196411 17.136047 38.115234 0.053364
1050.000000 520.924194 187.736893 11.563477 30.570099 0.670132
1050.000000 533.317810 181.089462 12.716431 31.801392 0.329413
1050.000000 601.553162 158.902466 16.703613 38.747498 0.302110
1050.000000 625.244080 179.672241 14.755920 57.162964 0.299218
1050.000000 512.378906 189.767838 16.193359 37.847748 0.264147
1050.000000 612.338806 182.860565 22.807373 53.869415 0.253796
1050.000000 527.965515 181.096664 11.212402 28.406647 0.243361
1050.000000 547.667847 185.004364 10.111328 25.598389 0.222764
1050.000000 628.694092 179.135101 11.276611 37.865662 0.095774
1050.000000 514.706726 187.546967 10.987183 26.770081 0.077775
1050.000000 527.966736 184.007874 15.146118 36.685669 0.076503
1050.000000 463.676300 186.504425 11.568909 30.172943 0.075229
1050.000000 604.588196 154.733185 12.294922 31.602844 0.067541
1050.000000 479.806763 190.708191 13.393738 31.977753 0.065076
1050.000000 597.486511 156.814163 23.737183 56.769897 0.064541
1050.000000 524.945312 185.666504 12.183105 31.020782 0.062220
1050.000000 593.922241 161.596359 15.454102 33.376282 0.051194
1080.000000 586.630066 182.843124 18.872559 45.613678 0.882018
1080.000000 571.203003 173.418579 14.502686 35.172821 0.824834
1080.000000 598.782043 183.869080 19.234009 43.558685 0.770910
1080.000000 584.075439 171.592438 14.199463 32.700897 0.476580
1080.000000 576.529907 174.469147 11.318848 30.665771 0.459577
1080.000000 591.642212 179.231598 20.915527 47.687622 0.272085
1080.000000 418.139832 169.592560 13.615906 33.430969 0.241456
1080.000000 594.531128 176.576965 11.750854 28.155670 0.163824
1080.000000 618.623657 163.032288 20.848145 67.015259 0.162609
1080.000000 608.791443 182.873657 11.952393 28.595642 0.160476
1080.000000 625.618591 171.922668 14.378784 45.314819 0.153382
1080.000000 401.758728 163.611160 15.227295 36.199982 0.144381
1080.000000 588.322754 182.423553 13.608521 30.408386 0.131338
1080.000000 561.154907 171.063080 14.792603 35.917877 0.130176
1080.000000 565.817505 179.629593 11.876709 28.196838 0.119266
1080.000000 64.877304 186.456436 12.838150 31.461761 0.115935
1080.000000 141.727005 180.497101 12.632324 31.410217 0.093421
1080.000000 581.794373 171.543198 20.067871 51.591858 0.090752
1080.000000 0.000000 160.685028 12.279362 52.476074 0.080742
1080.000000 331.777985 166.750717 12.646851 32.580109 0.061811
1080.000000 312.071472 157.086304 15.241638 35.406311 0.057637
1080.000000 580.791565 173.698425 12.533936 27.380096 0.057591
1080.000000 610.371643 172.917206 14.819580 36.506897 0.055703
1080.000000 361.255493 170.211105 12.430847 30.309204 0.053707
1080.000000 618.310974 183.849258 12.059570 27.705048 0.051451
1080.000000 506.005341 184.162827 12.210297 30.498932 0.050176
1110.000000 502.342743 175.033493 13.731171 33.028076 0.349619
1110.000000 328.654846 163.727692 14.058960 34.510040 0.339100
1110.000000 414.925049 167.074951 11.301392 28.145386 0.201992
1110.000000 115.245285 185.262634 11.771286 28.539307 0.100335
1110.000000 626.422180 154.969543 12.127197 44.759247 0.099111
1110.000000 446.765198 174.363480 11.612061 26.278320 0.096988
1110.000000 42.454185 181.661102 15.498245 39.317749 0.078280
1110.000000 426.636353 165.403000 12.603149 30.003143 0.075119
1110.000000 507.749664 176.050552 14.103668 33.834534 0.060104
1110.000000 399.333557 157.326202 19.378357 44.280060 0.056986
1140.000000 418.992249 166.340668 13.057983 32.495239 0.321819
1140.000000 141.021255 180.665527 14.387878 34.542877 0.314768
1140.000000 322.917450 164.132965 14.653076 35.543182 0.195466
1140.000000 416.857208 167.378372 18.708374 44.691437 0.102502
1140.000000 597.123962 169.817612 15.976440 39.101959 0.094937
1140.000000 152.094955 173.655991 12.401489 31.624023 0.078713
1140.000000 395.864044 162.095322 13.789246 34.838135 0.069496
1140.000000 494.540192 182.170105 14.762451 34.729004 0.063754
1170.000000 553.208618 174.919495 16.663940 39.083954 0.612908
1170.000000 562.416443 177.296356 18.421387 42.810364 0.523269
1170.000000 32.055847 184.385132 12.428688 31.861816 0.368431
1170.000000 567.007690 163.154388 18.380005 42.765900 0.302290
1170.000000 21.262760 189.477936 12.781689 33.986359 0.206344
1170.000000 327.918396 163.207535 13.329285 32.436462 0.164879
1170.000000 418.067444 147.091629 14.354126 34.707458 0.135257
1170.000000 70.562469 190.043396 12.079254 30.844757 0.092671
1170.000000 379.445862 175.549057 11.164978 27.377014 0.092490
1170.000000 106.149109 179.680710 13.230499 30.150238 0.092350
1170.000000 15.484747 189.902084 14.532814 34.141327 0.051999
1200.000000 490.560730 175.290726 14.310608 33.440216 0.182399
1200.000000 619.692871 184.685272 13.322754 30.091125 0.166436
1200.000000 417.866730 157.667374 16.145935 37.304138 0.154637
1200.000000 615.729919 168.775284 18.140747 46.270020 0.119414
1200.000000 615.137085 170.273788 13.343872 29.661011 0.117347
1200.000000 506.806427 181.221542 13.637604 31.555878 0.107069
1200.000000 414.088959 157.492493 24.214844 55.144684 0.091707
1200.000000 625.195984 174.173782 14.804016 51.202576 0.083973
1200.000000 430.050629 166.453979 16.149719 38.543304 0.083731
1200.000000 332.617645 165.812622 13.939514 33.356293 0.068923
1200.000000 534.169739 176.236603 12.309814 29.847870 0.065936
1200.000000 476.659973 172.122116 14.586609 33.851044 0.060866
1200.000000 439.184082 170.059174 11.991028 28.902740 0.054284
1230.000000 57.193214 191.864319 11.957619 28.298340 0.302231
1230.000000 535.238831 187.824478 12.846436 28.844330 0.152190
1230.000000 564.652832 182.125275 10.602905 24.654724 0.136833
1230.000000 530.543884 187.258667 11.483154 28.147003 0.107240
1230.000000 59.208134 193.038116 13.920315 35.049042 0.086828
1230.000000 447.077393 167.559830 17.312073 41.752960 0.082703
1230.000000 602.455139 187.332138 11.046509 24.634430 0.070703
1230.000000 612.475769 161.085693 27.437866 74.400055 0.064325
1230.000000 429.406097 158.833069 14.145630 32.067291 0.063905
1230.000000 586.470886 176.900711 12.329346 30.438019 0.062041
1260.000000 617.577271 184.791458 13.626343 29.449310 0.286751
1260.000000 455.374695 168.518036 15.378784 36.162292 0.108074
1260.000000 572.250916 186.319183 10.657715 23.253113 0.098571
1260.000000 558.056030 186.307556 13.676880 35.991272 0.095840
1260.000000 543.033508 172.883270 11.959839 31.374817 0.090583
1260.000000 514.968323 175.303085 15.878906 37.093658 0.077567
1260.000000 508.990143 171.280685 24.131744 59.444366 0.056282
1290.000000 597.084900 178.812897 14.759399 35.442108 0.281707
1290.000000 580.044678 158.377090 22.125732 59.340393 0.277348
1290.000000 622.487061 185.224564 11.891602 30.915283 0.114188
1290.000000 585.931519 180.219986 13.628174 30.619934 0.103238
1290.000000 434.059937 147.222672 23.199768 61.554443 0.097987
1290.000000 625.748047 178.533081 14.056396 39.757233 0.092491
1290.000000 460.053925 152.259583 15.664551 38.682770 0.056298
1290.000000 558.167297 187.784134 11.451538 26.014648 0.055874
1290.000000 469.761871 151.075500 13.586365 33.401306 0.054429
1290.000000 456.287537 147.908417 22.436401 57.927948 0.050328
1320.000000 557.472107 192.356171 13.714722 36.605194 0.479445
1320.000000 607.250305 191.140839 12.384033 30.473236 0.404248
1320.000000 319.329865 168.303238 14.976074 35.054230 0.166420
1320.000000 199.950348 110.195663 12.916870 31.823059 0.138803
1320.000000 125.033440 196.196976 9.932777 26.881531 0.127352
1320.000000 209.498886 107.050186 12.678528 30.546890 0.110099
1320.000000 448.185150 164.367477 19.905090 47.597992 0.084531
1320.000000 469.685425 145.277985 25.046326 60.248322 0.069940
1320.000000 403.636505 182.880005 12.835266 32.361237 0.058983
1320.000000 440.618500 154.987244 14.051086 33.547668 0.056482
1350.000000 622.179260 193.269699 17.621582 48.561798 0.885266
1350.000000 322.342468 169.514984 15.787048 38.602142 0.309038
1350.000000 590.538940 167.762787 12.734009 33.001740 0.277965
1350.000000 454.826324 153.327332 13.920044 35.193756 0.223151
1350.000000 386.143280 180.738586 13.934082 33.920868 0.210785
1350.000000 273.749359 175.428879 13.301025 32.646820 0.181316
1350.000000 593.707642 167.066162 14.631714 36.803040 0.114018
1350.000000 341.388306 147.830902 28.708984 69.235443 0.110670
1350.000000 122.082565 185.244659 13.304016 31.565155 0.091121
1350.000000 340.902191 155.562469 20.721619 46.716156 0.060474
1350.000000 586.834167 177.154129 14.426514 34.796783 0.060231
1350.000000 493.289917 165.575562 13.700439 31.639893 0.053001
1350.000000 475.606110 164.005875 13.882324 33.591614 0.050196
1380.000000 319.458405 169.845657 17.432129 43.881744 0.636665
1380.000000 622.318726 98.848381 12.752441 32.372276 0.469894
1380.000000 443.626617 143.600769 17.389954 39.570465 0.423857
1380.000000 467.836823 137.974518 13.016785 30.219421 0.342675
1380.000000 76.718819 200.496185 11.993225 29.995605 0.256932
1380.000000 413.509277 188.810440 15.626465 37.054230 0.186950
1380.000000 300.766205 162.475220 14.772644 35.778046 0.164886
1380.000000 461.768188 153.548248 15.081909 35.147156 0.147256
1380.000000 68.128059 206.136429 11.787415 25.747772 0.146771
1380.000000 387.204224 179.804855 11.757019 25.868835 0.139228
1380.000000 439.904144 140.768646 24.533875 59.378418 0.121964
1380.000000 419.580933 175.528183 12.105103 29.640503 0.101993
1380.000000 505.618591 166.242126 13.450439 30.255585 0.094418
1380.000000 429.770844 177.917740 12.452087 29.699493 0.091651
1380.000000 62.495621 204.866974 11.217468 29.604645 0.086156
1380.000000 341.411224 147.518677 27.755676 70.574951 0.085378
1380.000000 345.123077 179.497833 14.853943 35.511505 0.082885
1380.000000 565.723389 119.399231 12.150024 29.883850 0.073010
1380.000000 270.344177 176.913330 13.744507 30.817413 0.065214
1380.000000 597.426147 170.936386 15.690796 39.745880 0.057058
1380.000000 499.985565 166.035019 27.155670 66.157745 0.055318
1380.000000 384.468079 170.083374 12.827148 28.590942 0.054849
1410.000000 551.191589 178.686691 20.321045 48.025604 0.720317
1410.000000 474.241791 175.727325 15.359314 37.687073 0.191235
1410.000000 570.205994 165.041000 21.436279 60.106262 0.138848
1410.000000 442.483704 178.852936 12.315857 28.870850 0.134888
1410.000000 465.451477 150.270828 16.225769 39.952820 0.131309
1410.000000 424.534973 189.302612 16.086182 37.657684 0.128275
1410.000000 535.757812 178.434540 15.476562 36.494293 0.122328
1410.000000 219.564362 183.670807 12.111694 29.282684 0.090968
1410.000000 0.520029 207.970306 11.788445 32.374054 0.086540
1410.000000 533.377258 175.683807 23.221558 53.943481 0.073127
1410.000000 549.995667 188.535049 12.489136 32.420990 0.071119
1410.000000 322.424713 168.498459 17.127686 43.482086 0.059763
1410.000000 16.536589 205.523682 12.355785 30.168091 0.059114
1410.000000 557.263794 180.494202 15.243286 34.712952 0.058160
1410.000000 572.970703 169.526810 15.059204 37.439697 0.054728
1440.000000 595.676392 171.718613 15.500122 36.365601 0.345265
1440.000000 582.637695 174.942688 16.849609 40.131195 0.260343
1440.000000 69.407410 186.793030 13.422501 32.836334 0.237014
1440.000000 579.933777 152.467255 15.721680 37.725311 0.230709
1440.000000 482.822083 135.630173 30.966309 75.578827 0.215025
1440.000000 604.986023 167.845108 25.086060 60.152252 0.203637
1440.000000 603.503235 186.643570 17.143311 41.487366 0.186163
1440.000000 577.176514 153.826782 23.521118 60.029663 0.153649
1440.000000 135.384430 204.546097 9.600189 25.477997 0.113492
1440.000000 403.993805 184.975586 13.257568 32.205566 0.106341
1440.000000 577.119873 172.174210 26.476074 63.153015 0.103837
1440.000000 336.748810 175.927917 13.628723 34.143677 0.103754
1440.000000 585.889404 173.416153 12.449585 28.765991 0.092562
1440.000000 606.638184 170.905136 17.376099 40.122284 0.089998
1440.000000 0.000000 210.069534 10.750767 51.009659 0.080868
1440.000000 482.396759 146.388870 20.504639 47.916351 0.075142
1440.000000 121.901947 204.598450 13.892181 36.099487 0.073112
1440.000000 564.294617 161.050247 15.414673 36.968628 0.071515
1440.000000 495.727722 146.049393 17.486572 43.020386 0.070491
1440.000000 466.626953 147.943497 16.014282 37.594299 0.063967
1440.000000 238.546524 189.383209 13.973907 32.790375 0.059514
1440.000000 465.764160 146.085114 27.658997 64.493652 0.057240
1440.000000 325.548920 166.856873 16.049438 45.218567 0.055000
1440.000000 571.086548 168.189514 14.772583 36.219727 0.053340
1440.000000 13.478903 210.457703 17.914970 42.854218 0.051371
1470.000000 30.826540 180.544754 17.281118 40.507965 0.641538
1470.000000 319.648499 164.093719 19.108765 48.175262 0.520776
1470.000000 341.243561 142.085373 32.677612 78.756073 0.436981
1470.000000 557.606323 144.856384 13.615845 32.336975 0.277107
1470.000000 465.364899 185.512680 13.350403 32.520966 0.252828
1470.000000 473.485931 185.543335 10.363342 26.467987 0.220463
1470.000000 472.521729 188.414307 16.442505 40.001312 0.203272
1470.000000 62.993416 195.973984 11.862930 28.359009 0.192796
1470.000000 457.057465 190.690155 9.915710 28.513214 0.192278
1470.000000 105.181740 204.726273 12.246078 30.663788 0.160152
1470.000000 453.810547 166.035828 23.221497 54.070251 0.137839
1470.000000 498.549347 180.575928 14.904083 35.025146 0.130717
1470.000000 144.314911 91.653015 16.482300 38.669739 0.128144
1470.000000 301.892181 161.281570 15.606567 37.573700 0.096164
1470.000000 505.401154 158.830872 26.215546 67.135590 0.095025
1470.000000 459.054626 168.660629 15.981750 38.939819 0.095022
1470.000000 239.654144 183.290039 14.525177 35.682770 0.090506
1470.000000 57.132183 193.723663 11.285305 29.196655 0.085956
1470.000000 476.720123 185.892136 11.804565 27.019379 0.082200
1470.000000 113.068665 200.601318 10.745468 29.732758 0.080893
1470.000000 573.066589 144.831131 14.187500 34.949951 0.059757
1470.000000 551.687317 143.365555 23.374634 55.942322 0.053613
1500.000000 432.826721 182.158508 19.618103 46.355225 0.715727
1500.000000 318.376923 160.724197 17.859863 41.914001 0.480015
1500.000000 436.059967 183.103210 12.404663 31.612946 0.464493
1500.000000 28.479010 194.858810 12.456099 31.443542 0.462072
1500.000000 132.550201 83.993156 13.358551 33.487732 0.318696
1500.000000 591.482300 144.481339 17.173096 40.879578 0.270339
1500.000000 298.252167 158.825409 17.405457 42.149811 0.206666
1500.000000 110.804390 96.371719 13.007919 31.373016 0.190704
1500.000000 338.721802 156.531067 22.914062 56.946228 0.177458
1500.000000 593.982117 144.954865 11.451416 28.076630 0.139441
1500.000000 479.557190 181.350159 16.118164 37.197021 0.138638
1500.000000 601.528381 133.630646 20.283203 47.121796 0.091290
1500.000000 311.905487 159.984909 26.539368 63.099213 0.090048
1500.000000 169.448471 80.399033 12.619110 30.769913 0.088223
1500.000000 509.288513 115.696388 29.556152 75.036156 0.076444
1500.000000 594.702271 135.103714 29.600464 73.349548 0.067930
1500.000000 467.129303 183.574142 13.203186 29.586761 0.066005
1500.000000 573.089966 136.295319 26.428955 61.570587 0.060408
1500.000000 341.928589 138.974823 28.967224 72.137268 0.054535
1530.000000 337.123901 134.697159 32.411072 80.132050 0.554216
1530.000000 498.288086 178.195511 13.804138 32.857819 0.427010
1530.000000 596.479309 127.341095 41.882080 114.239929 0.353086
1530.000000 255.644424 172.252945 14.878799 35.617920 0.236925
1530.000000 438.158905 179.964203 13.109009 34.049377 0.192548
1530.000000 607.199097 136.207001 25.512817 64.844177 0.176050
1530.000000 490.195587 178.177933 12.465454 28.611725 0.171179
1530.000000 115.275436 175.729263 14.367615 35.403717 0.155145
1530.000000 460.664124 178.405792 11.686096 29.421783 0.127223
1530.000000 314.555664 155.214569 18.425964 44.063385 0.117222
1530.000000 137.741577 121.059402 14.140137 33.660156 0.110844
1530.000000 511.978943 181.974091 13.671631 32.393585 0.104212
1530.000000 383.557251 169.890732 12.458801 32.393890 0.083330
1530.000000 123.043900 74.314423 12.017365 30.141815 0.072383
1530.000000 487.507355 175.114975 17.857910 41.740784 0.066478
1530.000000 623.221130 133.123520 16.575195 74.502136 0.050244
1560.000000 343.275604 133.141617 34.539307 84.301758 0.715735
1560.000000 442.730560 176.361282 21.047668 50.825623 0.359875
1560.000000 462.597961 182.449387 11.075439 28.734344 0.330031
1560.000000 500.038940 176.185883 13.426331 31.064056 0.260186
1560.000000 445.577148 178.370148 13.393982 34.844177 0.192242
1560.000000 460.459015 181.139221 17.210388 40.923553 0.168223
1560.000000 450.476959 177.930298 12.805481 34.573822 0.151423
1560.000000 522.223450 177.523346 12.904541 32.546875 0.128768
1560.000000 548.664185 114.954620 26.675903 61.302826 0.076357
1560.000000 248.762131 163.360779 14.233383 32.781738 0.074184
1560.000000 485.957977 121.354897 27.172882 65.769005 0.071874
1560.000000 497.253601 173.964813 18.097656 46.776947 0.068436
1560.000000 332.613953 132.394119 54.063904 118.610443 0.064056
1560.000000 566.315430 107.605087 27.098511 59.952057 0.057355
1560.000000 454.373413 174.791443 12.055542 28.917572 0.053792
1560.000000 529.799133 171.015961 16.074219 36.462738 0.050718
1560.000000 467.817230 181.445679 11.861816 29.940979 0.050048
1590.000000 533.659546 171.667007 26.087769 60.346619 0.382395
1590.000000 536.339661 172.144775 18.194092 42.926086 0.321161
1590.000000 508.668182 128.937103 22.887909 53.859802 0.227031
1590.000000 515.362122 176.045349 15.297119 36.505554 0.170610
1590.000000 150.253021 60.614609 16.071289 40.499695 0.118855
1590.000000 349.626038 128.833984 25.747253 68.884735 0.110239
1590.000000 134.096725 67.958939 14.643097 36.068588 0.097768
1590.000000 485.398743 137.249130 18.885986 45.813202 0.084364
1590.000000 498.932739 135.016876 21.305115 46.372040 0.076256
1590.000000 130.895523 104.702042 20.136475 47.943420 0.073497
1590.000000 125.055679 63.431763 23.530823 56.374420 0.068382
1590.000000 263.478607 94.223312 17.455994 41.656845 0.063328
1590.000000 352.497528 129.395004 19.264648 46.006500 0.063192
1590.000000 506.111084 176.172791 15.475586 35.837708 0.054751
1620.000000 272.333313 107.932167 21.713318 52.212975 0.146985
1620.000000 527.275269 167.687546 17.035522 41.381683 0.146900
1620.000000 514.396423 138.266006 14.345215 35.475342 0.125704
1620.000000 493.210724 130.492615 17.857727 45.590668 0.101683
1620.000000 186.767517 156.944321 18.423553 42.278198 0.085823
1620.000000 263.307617 88.988724 20.474670 45.960114 0.064696
1620.000000 103.080162 54.095039 14.135208 32.308868 0.059830
1620.000000 492.134857 153.977676 18.944519 46.274261 0.057748
1620.000000 505.543884 171.742355 17.740479 44.379700 0.053017
1620.000000 570.740662 100.401978 31.678223 74.785583 0.051684
1650.000000 511.098297 139.059158 25.710358 61.368042 0.640130
1650.000000 543.933472 159.366486 30.445679 67.721466 0.390253
1650.000000 261.717041 89.496948 26.987854 66.789749 0.221169
1650.000000 263.906281 89.093117 19.679138 44.848534 0.206455
1650.000000 111.458832 57.769806 13.591492 32.129059 0.170660
1650.000000 467.254608 110.917038 16.524292 38.443756 0.167137
1650.000000 538.469299 160.061111 42.028564 97.815933 0.154477
1650.000000 441.714325 158.317139 16.278809 39.201569 0.095040
1650.000000 419.130737 128.614410 20.573730 50.009003 0.085095
1650.000000 535.625793 168.548767 19.028809 45.119202 0.083052
1650.000000 152.748566 53.640697 12.693848 29.341686 0.078637
1650.000000 549.216064 156.912125 21.673828 47.040161 0.074507
1650.000000 461.566284 110.876831 24.426453 55.790283 0.073789
1650.000000 114.878166 99.135796 17.479393 42.661613 0.071560
1650.000000 178.395691 156.229874 14.152039 34.473419 0.062487
1650.000000 543.056458 165.965134 21.617920 44.873810 0.057847
1650.000000 513.282043 140.667862 18.059082 39.029785 0.057219
1650.000000 501.903625 169.364899 18.467163 48.544739 0.055407
1650.000000 144.997314 53.891621 11.492462 28.063953 0.054475
1680.000000 513.295593 141.110565 24.938843 63.380859 0.498318
1680.000000 495.283142 135.496414 20.509460 48.007538 0.185552
1680.000000 111.935776 59.833950 12.110306 30.980686 0.109887
1680.000000 130.843536 62.636501 17.989502 44.965961 0.109502
1680.000000 151.225815 56.758797 15.100006 37.240265 0.102972
1680.000000 117.397522 59.122768 27.985413 62.525425 0.077503
1680.000000 113.571053 102.100853 20.194359 46.704262 0.060668
1680.000000 430.527802 134.548950 15.399780 36.307465 0.059890
1710.000000 493.169373 179.239594 19.378723 46.459564 0.376669
1710.000000 563.181091 178.426865 16.698975 40.390198 0.201003
1710.000000 458.525726 177.232513 12.432434 29.893463 0.174837
1710.000000 261.460693 89.411301 17.409790 41.513245 0.145345
1710.000000 551.522461 175.757355 18.538818 47.885986 0.134151
1710.000000 495.088531 180.684753 13.893311 30.881622 0.120052
1710.000000 504.780029 151.514618 27.455322 64.092102 0.093805
1710.000000 117.681793 61.839653 32.674438 85.412483 0.074005
1710.000000 152.150879 59.676609 13.450470 33.064114 0.065817
1710.000000 446.880280 169.104782 12.865723 32.690125 0.064530
1710.000000 553.466125 173.527603 14.297485 33.305847 0.055639
1710.000000 488.227692 186.313431 12.688965 27.855713 0.050536
1740.000000 549.354248 120.330254 28.020020 68.075539 0.422216
1740.000000 577.342834 111.518921 28.335327 66.644379 0.249417
1740.000000 501.334686 146.372849 33.005890 83.441986 0.234702
1740.000000 519.302124 117.243591 28.639282 71.129059 0.218371
1740.000000 497.620941 138.581528 19.756073 45.757050 0.204235
1740.000000 509.003754 136.350983 23.535370 57.684784 0.180730
1740.000000 603.362427 102.850800 29.879028 72.984863 0.121817
1740.000000 524.667603 119.321381 18.381592 44.011993 0.107317
1740.000000 170.599594 172.265778 19.856689 45.856628 0.092087
1740.000000 571.684326 116.020523 22.629395 54.804779 0.077779
1740.000000 593.909790 106.023148 28.981689 74.110657 0.073981
1740.000000 115.869370 64.176590 34.347107 87.478073 0.067657
1740.000000 611.912048 103.010956 19.478882 53.528046 0.067498
1740.000000 452.252228 143.359100 20.293152 47.014801 0.065220
1740.000000 497.890289 137.192261 29.288910 69.325806 0.063206
1740.000000 552.181396 131.782379 13.383789 29.424957 0.055537
1740.000000 533.902344 120.769287 19.661133 47.952209 0.052929
1740.000000 463.907074 139.290222 20.785828 48.301880 0.052826
1770.000000 496.621552 140.975311 20.126129 49.743805 0.541089
1770.000000 261.314667 95.938690 17.702881 40.080399 0.267531
1770.000000 498.145660 120.131577 28.077301 68.770447 0.202688
1770.000000 463.603485 137.281448 19.931335 46.505310 0.180705
1770.000000 256.053986 92.731750 25.467896 64.971451 0.160444
1770.000000 467.434296 122.691559 20.038635 45.479065 0.159450
1770.000000 609.816284 104.377563 24.184204 60.424805 0.136186
1770.000000 449.578979 136.433899 18.897278 43.817535 0.125864
1770.000000 465.009674 136.055191 14.627563 33.265869 0.097813
1770.000000 259.598419 101.084213 30.207581 76.728424 0.068326
1770.000000 564.979431 181.135895 14.630493 34.587769 0.067675
1770.000000 110.693138 70.438606 15.198242 35.816925 0.067266
1770.000000 396.225952 51.390438 47.906372 120.687683 0.063304
1770.000000 459.764893 40.495880 13.053711 28.451683 0.054585
