30.000000 369.675903 177.160461 34.220032 82.733765 0.969344
30.000000 265.864777 174.433609 25.139526 54.994415 0.789253
30.000000 97.010757 190.119659 22.339249 52.012421 0.139730
30.000000 185.628632 162.193756 21.576599 55.766022 0.055108
60.000000 215.974716 174.957962 13.629852 33.584930 0.125093
60.000000 531.949707 141.464417 22.718018 52.177460 0.103621
60.000000 421.102661 160.446777 13.165222 32.174133 0.093697
60.000000 391.266571 160.185196 14.707214 35.037537 0.089904
60.000000 427.875854 160.221024 14.150513 36.448120 0.085498
60.000000 501.330841 167.716492 12.645844 31.771362 0.068655
60.000000 410.623840 164.782455 16.348816 40.775848 0.053425
60.000000 417.829773 160.201920 10.877625 27.392822 0.052415
90.000000 498.804077 179.243988 17.767761 42.919861 0.531716
90.000000 374.584229 189.928238 14.081238 35.799255 0.259778
90.000000 24.050329 126.592400 13.581285 33.089851 0.234944
90.000000 491.242126 180.709198 11.613037 26.996399 0.220179
90.000000 536.709290 182.595764 12.607788 31.282593 0.208521
90.000000 549.931580 180.139923 13.327393 31.809937 0.186836
90.000000 571.453918 179.843018 13.458130 33.395844 0.136752
90.000000 506.988708 181.419754 15.269897 39.165192 0.123242
90.000000 491.711212 180.774704 18.421814 41.065765 0.116177
90.000000 585.017273 177.650818 12.127075 30.455841 0.107826
90.000000 530.484314 181.466202 11.401611 29.409027 0.082170
90.000000 437.079803 189.845596 13.166565 31.867798 0.081030
90.000000 574.771362 179.673462 16.385010 37.737732 0.080662
90.000000 554.546021 176.925690 11.979492 29.073090 0.073684
90.000000 516.291199 169.007996 13.628052 33.212036 0.057810
90.000000 467.403717 181.955765 11.688904 29.118317 0.054938
90.000000 580.762207 178.484467 12.744507 31.850220 0.051787
120.000000 582.819580 176.748734 15.619629 35.632599 0.528295
120.000000 564.537476 176.541992 14.805054 35.329681 0.323789
120.000000 379.062408 175.418945 16.381287 39.712799 0.183869
120.000000 386.455566 186.561462 14.442444 35.059479 0.156251
120.000000 339.175140 191.135544 12.470032 32.211426 0.067518
150.000000 459.610565 183.578735 11.285645 30.213470 0.256980
150.000000 435.130402 178.044464 16.550354 38.502075 0.234854
150.000000 622.021301 177.021515 17.901245 54.702850 0.150943
150.000000 456.626984 182.130386 15.440735 45.880951 0.144035
150.000000 567.261536 90.814362 23.828003 57.879333 0.093825
150.000000 571.563660 100.640549 13.197510 29.207153 0.083220
150.000000 620.809570 78.662971 15.686646 42.065674 0.082616
150.000000 440.584778 182.617767 17.733337 46.167267 0.073463
150.000000 429.451965 177.322723 23.235229 59.110352 0.069190
150.000000 608.845032 77.863625 14.881470 33.938339 0.067192
150.000000 564.186096 176.674423 15.174683 36.469177 0.064492
150.000000 598.552246 129.327698 21.359375 50.513489 0.050285
180.000000 392.395996 194.258072 15.432251 36.584381 0.469016
180.000000 386.196259 199.922592 11.947510 28.291718 0.307195
180.000000 541.428589 158.437485 15.122314 36.408936 0.171767
180.000000 437.443939 192.333344 15.114624 37.542358 0.145329
180.000000 558.794861 160.026459 15.338745 34.684296 0.106200
210.000000 611.245667 125.043388 26.222290 70.396431 0.344584
210.000000 529.978027 183.100525 17.960693 42.973419 0.324018
210.000000 542.133911 181.781158 18.252930 42.890076 0.262555
210.000000 486.125397 175.700150 18.385864 44.533112 0.249035
210.000000 620.905151 125.191467 18.690674 58.690338 0.173699
210.000000 415.774170 183.463669 18.856079 45.639282 0.171538
210.000000 418.958679 183.535553 11.481445 30.052765 0.156521
210.000000 530.686523 178.283630 27.596802 63.056030 0.118728
210.000000 596.190186 146.873688 11.730835 29.911926 0.099247
210.000000 484.212646 173.598831 14.477783 35.985046 0.087772
210.000000 495.510254 181.829681 17.963379 40.412567 0.086915
210.000000 454.840515 180.092163 19.786499 46.183105 0.081453
210.000000 586.820801 146.404800 12.967041 29.927063 0.078173
210.000000 490.238373 172.798172 11.704773 33.717133 0.061290
210.000000 521.844788 183.176468 20.864380 49.042175 0.061172
210.000000 409.903320 185.211533 17.112976 40.106171 0.054224
210.000000 539.655884 172.874329 27.609619 66.228790 0.051996
210.000000 530.325623 183.263107 12.116333 30.084290 0.051177
240.000000 583.544128 174.951416 16.465210 40.815674 0.452869
240.000000 598.135620 150.506363 17.833618 42.188660 0.141344
270.000000 75.570824 196.004257 10.990295 27.669342 0.194467
270.000000 28.361580 197.930939 11.867378 28.711945 0.182064
270.000000 553.679199 102.128326 18.618652 42.771881 0.117235
270.000000 0.000000 182.440567 9.356754 49.533447 0.094046
270.000000 7.968993 185.588058 14.606694 37.546936 0.084212
270.000000 8.753584 196.278229 16.203690 38.480499 0.066241
270.000000 142.445053 193.359695 12.134216 29.222778 0.060267
270.000000 101.023041 191.956207 12.864822 32.095245 0.055944
300.000000 565.272644 170.012115 20.695801 53.234131 0.204948
300.000000 601.869629 171.393219 15.405029 37.976501 0.197092
300.000000 566.516418 171.861694 14.033203 36.002258 0.181407
300.000000 609.684509 165.192291 12.437500 32.067047 0.147507
300.000000 539.137451 180.453964 28.483032 68.706268 0.135344
300.000000 546.603760 180.485779 15.431519 34.343903 0.133475
300.000000 79.420097 203.380096 11.374435 26.461304 0.091022
300.000000 573.753601 180.595505 22.095459 49.468536 0.090146
300.000000 134.770996 189.099670 12.218658 31.495697 0.086721
300.000000 579.029846 180.201630 14.912476 35.056030 0.072486
300.000000 27.687935 197.528198 13.901535 32.568573 0.060217
300.000000 571.164001 173.415604 14.898438 35.576202 0.058981
300.000000 612.838196 153.980896 13.009888 33.018829 0.055052
330.000000 351.102600 190.443726 12.863220 30.303070 0.406253
330.000000 407.565399 189.777679 10.686646 25.020905 0.238544
330.000000 596.031860 178.199173 14.450073 36.550964 0.214831
330.000000 459.379791 196.565323 12.143921 29.000244 0.100846
330.000000 522.658630 185.513199 12.780273 28.743134 0.084451
330.000000 347.727478 183.118149 12.445984 27.851318 0.076856
330.000000 39.569443 180.829132 12.479584 30.889709 0.074039
330.000000 589.299194 176.126709 14.466675 36.492310 0.069123
330.000000 510.751129 182.931839 12.492096 29.874329 0.066961
330.000000 0.000000 209.375885 10.020030 42.862244 0.058500
360.000000 387.529938 189.717896 14.192383 34.272583 0.849408
360.000000 426.463318 188.908691 12.788269 29.957947 0.308513
360.000000 546.816345 184.249268 11.914062 29.600555 0.296652
360.000000 493.884888 188.400909 15.138611 36.881531 0.183427
360.000000 601.997925 159.697098 16.291382 38.065948 0.144607
360.000000 109.736320 182.903427 14.143341 34.109375 0.070275
360.000000 605.103455 175.438721 18.735352 44.138489 0.064416
360.000000 490.606567 186.963058 11.625854 25.792725 0.060601
360.000000 544.789673 182.370712 10.762695 25.103027 0.056159
360.000000 483.878601 192.332855 14.621704 35.661041 0.054792
390.000000 433.784027 188.660782 15.525269 36.519257 0.907320
390.000000 514.420044 182.596542 15.466797 35.511322 0.557581
390.000000 443.462158 183.657928 15.457336 38.460846 0.530510
390.000000 236.508026 143.595001 25.808167 65.190308 0.284207
390.000000 465.678528 154.479401 12.354431 29.073853 0.097008
390.000000 87.814011 192.271652 12.812378 31.466003 0.087960
390.000000 563.550537 142.687897 12.809692 31.283844 0.071708
390.000000 208.078339 182.496796 12.020966 30.209839 0.071430
390.000000 327.225891 167.208160 16.197388 37.679443 0.053640
420.000000 530.385132 179.553284 33.558105 81.337219 0.970698
420.000000 466.607330 182.640930 19.099731 46.191803 0.867828
420.000000 563.160034 178.378296 15.162109 36.405670 0.779761
420.000000 583.118958 177.018265 14.536621 38.254944 0.310581
420.000000 556.396423 188.590439 14.441772 35.743378 0.284583
420.000000 258.279053 179.675842 10.778381 25.525421 0.250311
420.000000 199.261734 181.118057 13.022156 31.294830 0.240029
420.000000 76.457146 196.403366 12.509232 30.827423 0.185699
420.000000 578.975952 176.006516 14.083618 34.337341 0.145201
420.000000 327.173370 163.436584 13.063293 31.482147 0.125054
420.000000 14.030381 173.080780 22.206791 56.816803 0.111505
420.000000 478.935028 187.581406 16.834534 40.258759 0.106814
420.000000 588.018677 179.366409 14.090698 36.801178 0.096691
420.000000 245.098038 180.516586 11.770370 28.192413 0.096040
420.000000 0.000000 188.572754 11.247217 40.931427 0.091953
420.000000 28.890207 187.946869 15.712187 37.559845 0.088348
420.000000 620.479614 171.353287 14.567505 33.792206 0.085517
420.000000 501.271332 175.675034 23.352325 57.243408 0.079392
420.000000 215.248276 187.581192 9.314117 23.057373 0.072321
450.000000 515.149048 177.461136 26.486816 62.740356 0.964993
450.000000 586.483704 172.604187 29.574951 79.755402 0.572236
450.000000 0.000000 199.017334 12.028897 33.486664 0.180900
450.000000 622.690491 182.811615 16.827271 43.235352 0.179902
450.000000 5.895952 186.287781 15.930576 41.039307 0.135322
450.000000 47.239670 194.718475 12.251358 31.106903 0.079683
450.000000 88.447487 198.661148 10.519226 25.609375 0.055859
480.000000 8.802431 194.671295 13.980497 33.055267 0.741731
480.000000 178.325424 175.523743 14.317535 38.659454 0.181958
480.000000 607.355408 105.012230 15.594482 39.517494 0.119124
480.000000 398.664246 128.901825 13.030945 28.334686 0.088270
480.000000 166.160583 113.078796 20.164520 47.185364 0.082273
480.000000 351.534454 129.105789 13.397827 32.099426 0.078921
480.000000 605.099121 121.486191 19.656006 51.938446 0.077375
480.000000 65.764061 199.895218 10.383881 25.024719 0.073683
480.000000 51.119713 191.938248 13.900574 33.698517 0.058305
480.000000 259.017059 177.097366 11.100403 26.929810 0.052752
510.000000 586.629456 163.600113 28.542114 69.226196 0.256750
510.000000 23.104183 198.526443 11.273483 28.283234 0.221825
510.000000 372.298431 134.373032 13.170044 31.804077 0.066524
540.000000 23.385988 207.721664 12.441805 32.879456 0.329364
540.000000 367.530029 143.532272 15.843994 37.163879 0.199986
540.000000 582.659241 145.931305 14.707764 34.120453 0.107082
540.000000 8.385982 192.530426 15.081025 38.956604 0.098129
540.000000 377.562225 139.217880 12.578125 30.351166 0.078703
570.000000 492.390289 112.673149 13.529358 30.708412 0.087278
600.000000 382.414124 126.909065 15.919434 39.592766 0.662418
600.000000 545.334412 57.761703 17.248047 42.406128 0.616742
600.000000 205.865707 172.886230 15.922882 37.736847 0.286260
600.000000 402.126556 133.579666 11.794617 27.779480 0.283100
600.000000 343.486908 124.220245 20.968079 48.592865 0.212369
600.000000 429.583801 129.693787 12.502563 27.435364 0.161925
600.000000 237.766937 170.480789 12.473969 31.280151 0.136761
600.000000 370.559784 130.863602 12.752014 27.914001 0.127661
600.000000 547.513000 57.792034 13.339355 27.194340 0.124059
600.000000 561.991089 65.752136 16.858521 41.392105 0.116945
600.000000 380.417145 126.230141 12.760742 32.119347 0.096691
600.000000 457.569061 120.096428 15.726135 39.086678 0.088013
600.000000 595.271362 45.793018 15.199829 36.510540 0.078066
600.000000 477.419830 97.749138 13.272339 32.957695 0.075536
600.000000 540.302917 55.872856 25.674683 68.576965 0.072988
600.000000 25.542400 208.653519 11.570446 27.242279 0.066930
600.000000 350.434082 123.754898 17.411316 40.480957 0.053944
600.000000 452.271820 119.524200 23.679443 54.775360 0.050349
630.000000 58.421356 193.582474 10.426575 24.889130 0.182698
630.000000 108.816536 173.054245 14.694046 37.209045 0.180465
630.000000 365.510956 90.277107 24.449036 63.137810 0.112255
630.000000 140.059250 163.659409 18.046204 44.396118 0.084546
630.000000 369.018738 90.653687 17.236084 42.309204 0.072092
630.000000 96.498138 185.746124 12.384155 30.833832 0.067996
630.000000 391.330963 120.192566 15.868896 36.568756 0.065186
630.000000 12.799380 198.311661 12.731839 29.199188 0.063113
630.000000 237.888855 170.758820 12.227325 31.400208 0.061967
630.000000 430.182587 114.153000 11.833313 26.948563 0.061693
660.000000 19.525730 193.898834 11.597363 25.121216 0.509545
660.000000 82.423233 191.662689 10.291092 24.245636 0.168321
660.000000 489.109894 97.667503 13.285034 32.222664 0.123418
660.000000 452.814850 93.829590 14.727478 37.359406 0.103884
660.000000 28.939371 184.329361 12.872366 32.078033 0.096454
660.000000 457.476013 89.798615 16.749451 39.654327 0.091072
660.000000 12.521831 193.675781 9.771996 25.405487 0.069253
660.000000 87.344826 191.904495 10.552505 25.292450 0.063384
660.000000 496.462830 102.176704 15.675781 38.509666 0.058957
660.000000 69.232941 186.162537 12.479004 28.634125 0.057565
660.000000 370.598907 182.609573 10.054077 23.420441 0.055666
660.000000 93.008194 170.901108 16.620789 43.684937 0.050178
690.000000 488.924438 46.621487 22.051392 55.816135 0.293314
690.000000 533.091919 63.524529 14.444092 35.704880 0.279867
690.000000 36.763981 185.526947 13.433220 28.437836 0.235798
690.000000 27.174633 185.885742 11.098976 28.106842 0.166545
690.000000 5.700495 192.305359 11.966656 29.802582 0.102072
690.000000 0.048006 187.947983 9.802605 38.105377 0.062414
690.000000 529.346497 60.882904 20.065430 52.105530 0.056462
690.000000 527.440308 65.392746 15.197388 37.615631 0.054171
690.000000 30.554771 186.781967 11.972305 27.017456 0.053768
720.000000 551.557983 0.000000 29.984131 61.105713 0.342283
720.000000 548.068726 0.375767 20.688843 44.375374 0.063340
750.000000 386.088257 126.907700 21.440063 55.630768 0.215544
750.000000 408.434448 97.339661 24.633850 56.402664 0.201655
750.000000 378.524506 137.706253 11.674927 30.315155 0.155861
750.000000 411.751282 95.508209 15.227234 34.380783 0.052575
780.000000 81.294914 171.276932 12.749451 31.297729 0.282895
780.000000 384.260864 128.187180 16.197632 39.522949 0.147700
780.000000 31.676460 164.334427 13.651253 30.703674 0.134350
780.000000 113.614189 175.448639 12.233978 30.809143 0.106955
780.000000 14.008685 158.785675 15.080628 36.413940 0.104578
780.000000 67.812782 153.489471 15.733871 38.130646 0.071204
780.000000 88.370522 170.100281 11.126953 26.823914 0.068177
780.000000 53.283920 172.028137 10.610283 26.813904 0.064053
810.000000 89.960396 167.117630 12.226532 27.431122 0.516938
810.000000 362.708160 155.121964 11.588806 27.345673 0.150235
810.000000 400.450195 150.211349 13.089478 30.317932 0.103909
810.000000 147.923676 166.416611 12.545898 31.219727 0.059919
810.000000 49.673969 174.400757 11.385139 27.555176 0.058466
810.000000 172.004852 161.781052 11.551147 26.540283 0.050668
840.000000 424.630707 166.539902 14.241821 36.170319 0.519885
840.000000 39.895947 194.995712 12.661285 28.525238 0.458509
840.000000 517.827637 15.361023 24.190552 58.232338 0.249923
840.000000 92.224182 178.254593 11.717346 32.238068 0.220301
840.000000 10.856692 186.326187 13.524808 30.736847 0.214603
840.000000 68.554062 181.092743 11.570511 26.902893 0.151894
840.000000 157.828537 173.618103 11.578003 27.332306 0.146165
840.000000 526.772217 25.271193 17.494751 40.860977 0.132112
840.000000 35.793243 195.221191 11.268753 28.672577 0.127899
840.000000 432.859497 169.260345 13.265564 33.074860 0.125188
840.000000 82.002937 179.983948 12.198776 29.112061 0.116838
840.000000 76.557243 180.720718 12.391769 29.151093 0.107121
840.000000 16.411060 188.699310 11.584408 28.623962 0.071335
840.000000 520.080872 16.210316 16.256592 40.283035 0.066263
840.000000 64.326385 183.715164 11.029266 24.546906 0.053447
870.000000 150.779602 176.919022 12.410828 28.621674 0.221413
870.000000 392.896881 163.630737 13.084229 31.518372 0.210367
870.000000 365.948700 171.290329 12.462158 31.928406 0.110806
870.000000 522.500366 154.014420 18.014893 44.126801 0.096760
870.000000 12.156961 202.720703 11.341942 28.921021 0.094222
870.000000 61.919579 185.467270 12.527176 31.182709 0.082734
870.000000 384.595764 164.988342 10.759827 26.444611 0.076814
870.000000 530.481995 148.560043 11.602173 28.958252 0.058142
870.000000 11.578627 186.291458 15.040871 41.543457 0.057189
870.000000 6.647581 205.953949 10.751179 27.637695 0.051288
900.000000 548.531616 146.314362 21.895752 52.216644 0.596151
900.000000 48.033699 186.100037 13.097641 32.901337 0.420651
900.000000 143.823517 176.755081 12.339111 28.382446 0.255065
900.000000 546.705566 155.780304 15.363281 38.248901 0.168924
900.000000 44.338970 186.714294 12.309517 31.038727 0.162002
900.000000 473.239380 149.576035 17.250000 41.392761 0.126895
900.000000 41.033192 185.728561 11.470871 28.845123 0.113278
900.000000 475.149597 167.869064 16.425781 39.809418 0.112741
900.000000 9.197781 187.270432 10.173298 27.363647 0.099491
900.000000 0.001222 183.349045 9.226155 37.564392 0.094853
900.000000 469.451172 149.337555 24.387085 60.886475 0.082031
900.000000 447.148773 154.695755 14.771362 35.893829 0.079403
900.000000 555.987854 146.556488 16.760742 39.668182 0.079158
900.000000 152.190262 176.639801 10.944702 27.652435 0.067345
900.000000 384.552765 162.420288 13.059326 31.432343 0.063001
930.000000 504.577332 159.137466 22.354614 56.547363 0.812447
930.000000 568.771729 154.316727 21.401855 51.857056 0.694930
930.000000 397.792480 133.523453 20.934570 50.462769 0.644688
930.000000 85.692986 83.309624 15.957703 38.963745 0.438181
930.000000 597.406433 159.851379 17.631592 40.521606 0.390894
930.000000 564.126160 155.699585 19.060059 43.989227 0.299303
930.000000 68.974342 87.140839 13.899902 33.236557 0.277787
930.000000 413.196136 121.724731 26.782715 68.125122 0.266044
930.000000 236.055176 167.786407 12.923187 30.845062 0.208670
930.000000 590.648010 162.257812 17.288574 39.692963 0.189098
930.000000 140.574158 181.724670 10.190979 26.058075 0.146025
930.000000 460.982971 154.853241 17.315186 41.655243 0.130045
930.000000 32.113537 188.562851 13.137741 32.207214 0.125352
930.000000 246.400696 166.678146 13.078033 33.301392 0.111902
930.000000 375.791290 161.913513 15.631348 35.641632 0.108087
930.000000 575.968445 158.112732 17.138306 41.082336 0.088234
930.000000 489.455963 169.113800 17.509521 41.533325 0.064087
930.000000 149.778061 93.597824 13.105225 29.934967 0.057447
930.000000 306.621338 160.265076 17.972473 42.074829 0.057063
930.000000 299.690765 158.823624 25.967712 64.011749 0.056909
930.000000 571.552734 157.082458 15.004761 35.798950 0.055862
930.000000 462.633118 150.949417 13.423645 32.534393 0.050717
960.000000 586.282043 157.126389 20.855957 51.536469 0.894816
960.000000 524.267395 161.672150 19.041748 48.778961 0.705705
960.000000 30.468769 191.722015 13.837448 33.914032 0.323945
960.000000 138.523056 184.573410 10.725830 27.082977 0.306862
960.000000 611.641113 164.252991 18.242188 41.893890 0.280465
960.000000 417.185333 124.445587 29.614258 74.678070 0.207277
960.000000 621.440552 158.672623 16.997925 48.673462 0.200496
960.000000 134.346405 182.836761 11.948120 29.388855 0.166251
960.000000 387.403625 109.507347 40.288879 115.993263 0.117061
960.000000 594.532959 161.286346 18.828247 45.915894 0.109113
960.000000 85.295044 85.924370 15.251724 38.047989 0.106843
960.000000 497.600037 153.442032 16.408630 37.908844 0.094534
960.000000 575.737427 158.785202 16.241333 41.415405 0.093712
960.000000 67.939415 88.920311 15.933472 36.737457 0.090723
960.000000 463.743835 155.160553 16.442383 39.863922 0.089978
960.000000 585.392151 158.988144 14.638672 34.641876 0.088991
960.000000 80.516502 86.911957 14.721771 35.634476 0.082931
960.000000 150.349884 97.026230 14.665039 33.690781 0.075304
960.000000 395.140503 135.114456 30.660889 69.602295 0.060952
990.000000 529.949097 165.352448 22.348145 55.272156 0.892984
990.000000 603.055664 160.182907 22.294556 54.435242 0.745689
990.000000 539.122986 171.109924 15.561646 38.380859 0.278042
990.000000 24.878098 197.294357 16.261757 33.763550 0.232274
990.000000 36.296124 198.720001 13.890450 30.840393 0.134824
990.000000 498.936096 158.980392 17.846680 39.358826 0.131130
990.000000 135.625549 186.104950 12.214478 30.125610 0.129627
990.000000 418.683319 185.232910 13.974365 33.889771 0.113595
990.000000 30.803860 198.031662 14.248497 32.543579 0.101374
990.000000 303.638397 168.914520 17.442383 40.239441 0.083551
990.000000 378.990631 170.994766 16.518127 40.463196 0.078108
990.000000 192.572235 190.015472 10.532379 27.562714 0.071400
990.000000 545.649963 169.748535 12.729126 31.644623 0.065054
990.000000 610.886963 160.996933 18.233032 46.962982 0.056940
990.000000 490.637543 172.082336 19.054504 51.864380 0.053900
1020.000000 527.358154 170.247681 23.512085 57.291901 0.902253
1020.000000 618.057495 162.146286 20.721436 56.736847 0.262373
1020.000000 138.739380 196.794037 9.802704 24.872742 0.225778
1020.000000 490.913879 177.569244 18.492126 48.270630 0.178931
1020.000000 533.106812 173.268402 16.550171 37.984650 0.175224
1020.000000 468.847473 168.938873 16.119446 37.918945 0.095833
1020.000000 27.863901 201.911438 12.797197 33.066986 0.086996
1020.000000 541.939880 177.110413 13.053955 34.356049 0.084531
1020.000000 170.335983 196.787567 11.382355 26.355865 0.083651
1020.000000 418.098694 189.704102 14.386414 33.691132 0.080180
1020.000000 95.375542 196.027191 9.790054 26.551147 0.071835
1020.000000 464.422607 165.499435 24.348999 57.723206 0.068160
1020.000000 353.172424 162.447586 21.684998 51.724884 0.064195
1020.000000 321.289917 153.343750 15.113281 38.899475 0.058603
1020.000000 494.040619 181.672455 11.927124 31.393158 0.054961
1050.000000 524.795837 170.465317 25.019897 60.012909 0.935153
1050.000000 626.408752 165.153580 13.591248 58.777954 0.390020
1050.000000 499.795380 165.386871 17.834320 40.142242 0.259381
1050.000000 142.502136 202.444305 9.544983 24.365601 0.131855
1050.000000 75.294373 113.479874 14.415939 33.915283 0.102821
1050.000000 531.855286 174.692825 17.318970 40.878754 0.102133
1050.000000 349.736115 164.999588 33.733826 76.048401 0.077166
1050.000000 490.724304 177.738785 18.050232 46.582611 0.054406
1050.000000 526.622498 171.305145 17.777344 41.756592 0.053979
1050.000000 419.144165 192.103012 15.557922 35.038086 0.053142
1050.000000 356.087463 165.856003 21.503601 51.537537 0.052116
1080.000000 523.264526 175.184280 20.742554 52.459686 0.875734
1080.000000 477.942383 177.831116 14.017761 36.238281 0.184218
1080.000000 302.857574 176.628799 17.868835 41.665405 0.153268
1080.000000 502.187408 186.560669 16.441620 41.617828 0.118349
1080.000000 137.797974 173.496704 19.911469 49.366577 0.099699
1080.000000 472.277740 176.718567 21.177979 53.643738 0.081223
1080.000000 177.913193 187.886642 14.220642 36.173920 0.066397
1080.000000 348.912933 166.522797 32.982056 75.104950 0.064757
1080.000000 418.739777 187.707245 13.944885 33.923248 0.064430
1110.000000 510.565277 175.099152 22.571381 62.985809 0.610740
1110.000000 124.711922 207.363800 14.711617 34.181000 0.250720
1110.000000 354.293640 169.898239 23.410095 52.539948 0.223927
1110.000000 513.767456 176.948532 17.315430 39.484314 0.177638
1110.000000 302.640961 177.027557 17.990295 41.448029 0.177494
1110.000000 138.778000 111.645569 14.002777 33.061523 0.153506
1110.000000 421.875641 138.475388 24.819397 61.548950 0.134641
1110.000000 56.699879 207.720428 10.997181 27.985840 0.129262
1110.000000 501.870270 168.589859 16.866852 40.029236 0.115946
1110.000000 161.957184 107.535400 12.480713 30.063309 0.112119
1110.000000 76.888199 117.705956 13.835678 32.880699 0.107035
1110.000000 501.071411 170.904892 24.333252 60.468536 0.105506
1110.000000 149.752060 109.690231 13.206146 30.455811 0.089556
1110.000000 378.668121 180.800430 17.272522 41.140167 0.076668
1110.000000 27.501316 206.451248 12.349648 31.532257 0.074212
1110.000000 492.986694 173.105621 23.704346 62.372498 0.069677
1110.000000 353.866882 170.765350 15.835510 33.976074 0.061731
1110.000000 348.487091 168.009842 34.971985 79.608795 0.058510
1140.000000 494.509094 183.795105 15.386475 37.979858 0.400447
1140.000000 379.115662 181.805359 14.902466 37.084900 0.292118
1140.000000 491.697449 178.626297 22.310486 61.002441 0.261099
1140.000000 354.959290 168.611298 23.394409 55.025116 0.249006
1140.000000 220.665268 180.442505 13.803680 34.734772 0.184582
1140.000000 68.173805 104.523872 14.995712 36.245155 0.155657
1140.000000 510.558167 188.728699 12.270630 32.606934 0.153413
1140.000000 471.023651 175.314911 16.925110 40.947418 0.130800
1140.000000 286.762878 174.868942 18.370300 45.682983 0.108444
1140.000000 400.116669 152.029968 22.517700 55.986938 0.105636
1140.000000 239.888824 186.675034 15.524872 35.914520 0.103905
1140.000000 179.049866 184.859100 17.188202 41.003784 0.096288
1140.000000 303.534698 176.078812 18.376099 41.880829 0.093962
1140.000000 85.812401 100.797813 15.021042 36.923119 0.082598
1140.000000 349.279388 167.709335 33.873230 79.958252 0.075979
1140.000000 87.147156 195.969070 10.892456 28.914459 0.070918
1140.000000 359.926331 168.791351 16.752136 37.818329 0.070313
1140.000000 163.916611 109.559959 11.823090 28.794594 0.066381
1140.000000 504.149902 187.758041 16.213379 38.740845 0.062649
1140.000000 282.002106 173.967163 28.810059 71.962280 0.059308
1140.000000 419.877380 195.444504 14.252197 34.314514 0.052605
1140.000000 98.617516 201.370590 10.863739 28.964386 0.052363
1170.000000 483.132568 182.758667 18.066833 45.616913 0.387895
1170.000000 486.468781 181.494110 21.692017 57.953979 0.178584
1170.000000 378.594269 181.295273 17.981873 42.544586 0.161322
1170.000000 57.282383 209.759903 11.814472 27.061005 0.121040
1170.000000 493.862701 185.456650 16.971802 45.054230 0.114084
1170.000000 352.107697 170.567184 25.516785 54.234711 0.065616
1170.000000 90.621292 195.487823 14.178543 34.202545 0.059682
1170.000000 101.166145 197.358719 12.057220 30.327057 0.054625
1170.000000 109.532761 193.900848 11.749237 30.360413 0.053912
1170.000000 485.243286 180.741974 13.101929 31.406586 0.050931
1200.000000 219.276917 182.926041 17.593781 41.829132 0.133870
1200.000000 281.925690 183.174362 17.225403 42.454041 0.130565
1200.000000 408.624634 179.910385 14.820923 31.374115 0.129522
1200.000000 307.880219 177.371140 16.810303 40.723389 0.128106
1200.000000 347.426270 168.829712 33.789795 74.423981 0.126003
1200.000000 147.267288 201.330887 12.873474 32.747131 0.107643
1200.000000 379.424408 179.032608 17.000244 40.063660 0.090420
1200.000000 390.390228 181.440277 18.006897 41.749939 0.068886
1200.000000 91.427368 186.063492 13.600845 32.726532 0.056277
1230.000000 186.801544 197.306763 14.356171 35.515717 0.322720
1230.000000 382.043427 179.003082 13.280701 32.887787 0.188738
1230.000000 398.962067 167.764099 17.410767 37.674255 0.170674
1230.000000 410.354950 178.496262 14.593750 35.156708 0.162191
1230.000000 71.543289 112.630478 16.418961 37.946289 0.159895
1230.000000 434.110321 174.968277 15.694031 38.064636 0.139421
1230.000000 80.990173 112.382751 15.341568 35.321564 0.136193
1230.000000 401.075409 192.651108 18.010864 40.764008 0.117648
1230.000000 54.814846 201.551529 13.224949 31.270477 0.115919
1230.000000 352.976379 169.044525 26.234009 58.301575 0.106657
1230.000000 36.581196 207.737885 13.141113 31.551086 0.103004
1230.000000 423.998383 139.454529 23.614136 61.941376 0.097277
1230.000000 44.207428 187.189255 14.352173 34.321533 0.094749
1230.000000 495.539551 186.455078 19.143677 45.043213 0.090173
1230.000000 49.227390 202.341644 14.812740 36.605743 0.088258
1230.000000 108.716682 197.958633 13.069611 32.745605 0.087757
1230.000000 49.250389 186.069778 13.056915 33.742310 0.080534
1230.000000 191.241211 198.322525 13.374268 28.168060 0.078106
1230.000000 506.244019 185.724548 18.691040 46.186951 0.069121
1230.000000 107.907448 112.933289 13.023636 32.045563 0.066506
1230.000000 181.776855 194.434189 20.795654 50.588654 0.064540
1230.000000 394.047760 168.542633 24.194214 57.851105 0.057008
1230.000000 116.167686 196.738556 13.167183 33.253723 0.053721
1230.000000 475.012543 174.004883 16.617371 41.451599 0.052679
1230.000000 460.368195 170.934814 14.915161 37.230316 0.052596
1260.000000 177.848816 189.560242 17.187012 40.858185 0.171240
1260.000000 158.150757 196.985962 12.719513 31.994537 0.137092
1260.000000 173.248276 188.014771 24.307953 59.453705 0.128016
1260.000000 84.468445 196.490845 13.454407 33.576599 0.096419
1260.000000 108.299622 199.865036 11.591095 30.919891 0.061299
1260.000000 392.214539 158.346313 19.918579 46.325043 0.054241
1260.000000 79.005623 194.117538 18.480865 46.542175 0.052744
1290.000000 424.201294 191.489792 12.229919 30.431641 0.136816
1290.000000 459.768463 174.907959 17.190735 42.112640 0.132152
1290.000000 474.725311 176.886658 16.566528 40.520233 0.053845
1320.000000 475.622314 175.333115 16.479492 40.220459 0.274152
1320.000000 9.445918 167.485809 30.732716 73.627747 0.237416
1320.000000 428.543060 191.646088 14.289551 34.618378 0.234780
1320.000000 385.655182 186.596985 15.002563 39.760040 0.202227
1320.000000 192.209641 195.684311 14.501740 36.698669 0.127021
1320.000000 38.312347 189.170517 17.952415 42.389984 0.080890
1320.000000 403.143860 188.586105 10.841553 26.446075 0.071350
1320.000000 34.233505 192.907578 15.926605 39.036438 0.050797
1350.000000 46.809647 210.784073 11.882950 25.094482 0.585858
1350.000000 177.122833 199.837097 18.067780 45.494720 0.347218
1350.000000 66.175888 209.579330 10.526123 24.235504 0.254175
1350.000000 0.077917 211.705872 11.926970 36.396820 0.096715
1350.000000 284.286926 202.449860 15.783752 39.546722 0.085649
1350.000000 571.564758 205.431946 20.829956 51.730621 0.075251
1350.000000 434.735962 189.492157 16.235046 37.873962 0.054960
1380.000000 122.541061 106.994904 15.041534 31.357620 0.131401
1380.000000 66.221329 188.718567 13.789001 36.016449 0.073848
1380.000000 131.696564 104.537193 16.903625 38.153542 0.063084
1380.000000 122.438622 171.491959 13.863487 36.306152 0.053537
1410.000000 439.998047 187.047348 16.482971 38.977509 0.249580
1410.000000 488.370361 158.928360 16.901367 40.087402 0.127470
1410.000000 110.967522 197.789673 12.160965 28.221283 0.127170
1410.000000 466.600739 187.526398 14.274719 34.209473 0.109864
1410.000000 485.767700 158.551041 23.952942 62.768036 0.089964
1410.000000 466.636322 200.255783 17.831970 40.497498 0.059047
1410.000000 76.784409 198.337433 13.248810 34.460785 0.057360
1410.000000 67.873543 208.719101 17.685394 41.995697 0.050304
1440.000000 466.160004 185.100616 22.613831 59.800629 0.950599
1440.000000 440.971649 183.762695 17.685364 41.343842 0.279032
1440.000000 444.004822 197.200470 11.600403 27.892975 0.154757
1440.000000 417.602264 193.162537 13.518738 31.803345 0.137146
1440.000000 490.798950 174.468948 13.531189 32.497986 0.109419
1440.000000 242.249557 190.121613 14.528519 33.248566 0.105023
1440.000000 467.019348 188.360458 13.746399 36.227783 0.090656
1440.000000 472.517975 189.290787 14.750427 36.814606 0.084121
1440.000000 351.892914 163.428909 30.892151 72.994720 0.082834
1440.000000 481.240417 174.485382 14.504089 34.445648 0.069387
1440.000000 489.252808 177.681229 19.503235 44.593750 0.066633
1440.000000 384.677887 176.697952 16.339661 40.983978 0.058977
1440.000000 408.274231 199.811005 15.985901 34.596832 0.058957
1440.000000 76.841003 181.944809 15.958923 39.185974 0.050642
1470.000000 494.041748 177.655899 19.229675 46.656189 0.694697
1470.000000 110.413528 177.453964 16.663528 39.626587 0.543028
1470.000000 485.277405 179.934753 19.944092 46.665344 0.536676
1470.000000 107.125084 177.581558 22.812935 57.745728 0.261674
1470.000000 208.159790 177.693298 13.428040 33.076996 0.200084
1470.000000 58.510899 197.369659 17.324825 41.462860 0.135801
1470.000000 498.255859 177.514542 12.618408 29.369598 0.100577
1470.000000 477.492004 179.423386 13.315552 30.442047 0.090906
1470.000000 509.016876 177.302765 12.889374 31.583801 0.082699
1470.000000 487.104462 181.453125 12.889038 33.165527 0.079241
1470.000000 69.809937 183.400757 15.345230 33.902618 0.077112
1470.000000 473.519257 181.470932 16.936035 42.169861 0.063979
1470.000000 444.156464 181.553711 17.648743 41.819611 0.059132
1470.000000 486.674744 174.232605 30.844421 72.674377 0.053332
1470.000000 482.835052 184.987305 15.237549 38.499237 0.051930
1500.000000 503.191437 175.701309 19.255096 47.158600 0.429395
1500.000000 480.834900 191.168350 13.833252 35.017120 0.326555
1500.000000 499.791962 171.647003 26.671112 68.850708 0.202858
1500.000000 127.876686 188.351898 11.972969 30.072205 0.175205
1500.000000 413.799072 193.397781 17.863525 43.343994 0.114725
1500.000000 427.149628 198.416534 14.488403 34.171539 0.098814
1500.000000 573.017395 133.820694 18.958374 48.006226 0.075033
1500.000000 498.862823 195.887863 11.428711 28.944672 0.069061
1500.000000 510.286957 195.115570 18.806793 46.571289 0.060366
1500.000000 124.332191 192.011887 15.717354 37.802551 0.058015
1500.000000 564.553040 144.959381 12.093750 31.507294 0.057126
1500.000000 561.693359 143.949997 17.972290 46.132202 0.055374
1500.000000 347.256989 156.795746 37.152161 92.693817 0.055325
1530.000000 511.394287 171.073395 20.439087 49.861023 0.562041
1530.000000 504.545807 171.985870 29.477631 71.246643 0.319260
1530.000000 483.232513 190.562500 14.710205 36.362640 0.310022
1530.000000 317.230591 152.641266 14.255981 34.146332 0.291127
1530.000000 90.401199 158.243835 19.848938 47.705139 0.248855
1530.000000 501.301453 181.204239 20.971008 46.175110 0.191284
1530.000000 416.083069 188.226608 16.536133 38.783173 0.128628
1530.000000 515.033020 170.307617 13.657959 32.143982 0.113078
1530.000000 350.179474 161.234055 29.007874 67.199005 0.102387
1530.000000 175.106354 195.469727 11.618317 28.322571 0.101602
1530.000000 17.551201 91.518341 16.882217 40.276627 0.096092
1530.000000 429.844604 199.658340 14.728516 33.526459 0.094884
1530.000000 84.253174 156.392944 30.631134 74.355408 0.092940
1530.000000 14.175385 87.597260 16.860210 33.775818 0.073435
1530.000000 314.476349 151.932449 20.035095 51.365051 0.073230
1530.000000 94.655411 157.510925 14.015213 33.888245 0.069581
1530.000000 502.190155 183.819870 14.198578 32.920807 0.060512
1530.000000 115.428284 154.711014 20.972534 51.313110 0.059500
1530.000000 99.379242 151.718399 24.518707 63.505493 0.053143
1560.000000 508.800018 171.666412 22.290009 55.168304 0.698703
1560.000000 533.394775 147.222610 32.933472 81.297150 0.154478
1560.000000 513.315430 169.816788 15.434448 39.633270 0.090647
1560.000000 253.837265 192.999222 18.547012 43.356567 0.080744
1560.000000 15.010891 89.046318 15.309311 35.837021 0.070373
1560.000000 316.277252 156.055618 14.648132 34.253265 0.070143
1560.000000 80.612038 194.600922 13.135956 34.128418 0.065904
1560.000000 429.191620 200.406647 15.124939 35.141937 0.055632
1590.000000 511.154541 174.162201 23.415405 55.286865 0.819102
1590.000000 346.314117 165.827667 27.297302 62.089966 0.546749
1590.000000 484.739655 189.781158 14.991028 35.170746 0.511133
1590.000000 400.918030 172.893753 15.444092 36.731689 0.405111
1590.000000 481.294342 191.220413 12.856995 32.196442 0.310641
1590.000000 396.834015 172.217484 22.398682 55.130920 0.235680
1590.000000 338.333710 164.091278 40.618530 96.866150 0.223103
1590.000000 500.987579 166.391235 14.119537 35.854431 0.222537
1590.000000 519.662537 177.933640 15.048340 35.088806 0.190225
1590.000000 505.801788 180.623856 20.792938 47.181610 0.104330
1590.000000 348.457825 167.066757 19.466248 43.027252 0.098871
1590.000000 514.674377 173.559616 15.505493 37.478821 0.064189
1590.000000 494.894470 165.285248 26.123779 62.451202 0.050005
1620.000000 513.144958 173.780945 22.340820 52.550812 0.867300
1620.000000 487.551880 188.960434 15.536011 37.127014 0.448559
1620.000000 19.665052 204.839844 12.286095 31.036591 0.295097
1620.000000 144.284882 183.876892 16.570251 38.915375 0.198344
1620.000000 478.672058 185.984741 13.810120 35.468628 0.180662
1620.000000 360.917694 164.645813 23.493347 56.110352 0.165563
1620.000000 525.422546 173.342728 13.489990 33.543243 0.127111
1620.000000 197.002975 187.964539 13.829376 33.413422 0.114887
1620.000000 499.293488 192.221115 15.785187 37.229034 0.109831
1620.000000 443.094666 207.892609 12.098938 28.824677 0.099734
1620.000000 140.729813 183.048492 25.763489 59.647278 0.099182
1620.000000 432.639496 207.056412 16.713867 38.823547 0.062170
1620.000000 364.767548 163.023987 16.154236 37.153412 0.060504
1620.000000 481.951050 188.465088 17.024841 42.690430 0.055698
1620.000000 352.366638 163.350647 35.643066 85.032013 0.054075
1650.000000 516.139099 170.577271 24.694336 56.533264 0.903148
1650.000000 480.916748 189.589462 15.819092 37.150574 0.523946
1650.000000 530.560974 174.802673 15.009888 36.229950 0.398227
1650.000000 489.980896 190.862564 13.335205 37.075745 0.306722
1650.000000 556.111328 146.409164 22.212280 54.023346 0.194772
1650.000000 516.322815 194.650192 12.986450 30.300140 0.188473
1650.000000 551.235657 144.354691 31.875854 75.672333 0.170413
1650.000000 523.923950 177.273300 16.536743 38.402283 0.137402
1650.000000 0.000000 209.955292 8.657022 37.850372 0.111085
1650.000000 516.414490 174.552216 15.777710 37.008728 0.095685
1650.000000 16.720884 77.201698 13.849804 33.205978 0.079449
1650.000000 431.220886 193.578720 16.272766 37.892883 0.078933
1650.000000 218.519669 180.983902 13.095398 30.279175 0.077785
1650.000000 451.927582 194.619522 13.652161 30.444641 0.074824
1650.000000 545.124146 155.547760 21.386108 60.984619 0.072773
1650.000000 441.928680 201.266373 12.893860 31.460571 0.070828
1650.000000 1.595575 212.909973 11.300865 32.779907 0.061295
1650.000000 483.220917 184.990952 12.608704 30.105713 0.060884
1650.000000 500.791107 198.838501 12.176544 28.874847 0.060806
1650.000000 561.238281 146.680084 14.385010 37.079895 0.053982
1680.000000 522.025879 176.660736 24.281494 58.326508 0.943944
1680.000000 424.612671 191.206024 15.059509 38.961609 0.660069
1680.000000 537.509155 178.335861 17.201294 42.394379 0.518835
1680.000000 508.209686 178.841507 17.843170 41.502472 0.372186
1680.000000 449.286957 183.357925 19.874573 46.923615 0.217684
1680.000000 482.828369 193.487473 15.978333 38.153290 0.194850
1680.000000 413.070587 191.646591 14.701965 37.071503 0.153471
1680.000000 561.941772 160.532196 19.368042 50.976807 0.099634
1680.000000 498.116302 177.164108 18.830231 43.725067 0.096913
1680.000000 524.520813 182.857376 15.636597 38.219269 0.094800
1680.000000 380.996948 176.765854 12.943909 30.741821 0.082331
1680.000000 517.884644 186.180786 13.419800 31.793671 0.082121
1680.000000 419.270569 189.492172 22.440002 55.422729 0.068270
1680.000000 558.107483 159.089661 27.338135 73.471436 0.051927
1680.000000 542.252197 177.099319 12.245850 28.284698 0.051784
1680.000000 419.287018 192.915054 10.596680 27.379303 0.051653
1680.000000 379.120453 176.695129 19.988098 45.615570 0.050185
1710.000000 528.972839 179.657333 29.940674 77.648239 0.990013
1710.000000 554.751770 179.687164 22.711060 55.633453 0.850697
1710.000000 423.522339 196.205566 15.408020 38.226105 0.662982
1710.000000 68.322624 210.392609 12.202789 29.363037 0.633446
1710.000000 92.923836 186.461899 21.394577 48.567688 0.202587
1710.000000 490.609344 191.795288 16.289734 39.305420 0.125176
1710.000000 111.180656 208.240662 14.041214 32.572357 0.119395
1710.000000 406.794403 184.636642 22.159485 58.445923 0.117931
1710.000000 347.106934 183.596939 13.207764 31.837524 0.109360
1710.000000 591.583679 196.722504 18.860596 43.742371 0.079439
1710.000000 570.836853 185.843613 15.500854 36.918579 0.067257
1710.000000 94.620392 186.278793 14.887390 33.395538 0.066725
1710.000000 559.740051 179.496857 15.746216 32.841370 0.063411
1710.000000 420.849823 198.601639 11.717651 29.373322 0.056051
1740.000000 548.711060 177.314026 37.614258 89.927094 0.994631
1740.000000 595.220093 177.576385 28.004028 66.475891 0.830792
1740.000000 436.600281 200.267822 14.777344 34.416534 0.321105
1740.000000 538.819397 197.357040 14.702637 32.180115 0.265312
1740.000000 49.221569 214.775375 10.277863 27.914948 0.260654
1740.000000 514.413696 198.199753 20.575317 47.790619 0.257342
1740.000000 507.033325 193.999939 13.132935 27.801636 0.159286
1740.000000 534.120911 197.208344 13.388794 31.639374 0.136962
1740.000000 593.210999 197.208572 15.803833 38.294708 0.116136
1740.000000 478.614624 210.092911 13.427856 32.017700 0.101949
1740.000000 520.987000 201.378357 14.902100 32.765228 0.094839
1740.000000 15.319064 213.733429 11.725537 28.686615 0.079341
1740.000000 431.314911 201.425476 13.863037 32.586365 0.061706
1740.000000 510.466309 188.030151 16.168091 36.527863 0.060757
1740.000000 502.645752 181.766052 24.503174 57.529816 0.059182
1740.000000 514.653503 193.441986 30.351318 66.410095 0.056202
1770.000000 599.815796 167.713257 36.831543 109.605011 0.992816
1770.000000 518.974426 185.343307 17.596069 43.831512 0.440541
1770.000000 426.397430 196.450226 14.543640 35.325867 0.412263
1770.000000 482.856567 206.265381 14.143982 34.690186 0.367729
1770.000000 525.321167 192.404984 14.715210 35.537415 0.286415
1770.000000 573.306702 191.266510 15.424561 35.937012 0.245252
1770.000000 384.450684 176.727890 19.168396 46.934967 0.178787
1770.000000 471.237885 211.107971 12.048035 29.335541 0.170960
1770.000000 534.049194 193.374039 15.190308 35.697266 0.145650
1770.000000 552.104797 187.882584 24.166870 62.819458 0.126296
1770.000000 457.921967 204.987869 13.738953 29.898071 0.113082
1770.000000 549.691895 197.277954 16.547363 40.948700 0.111438
1770.000000 616.660583 170.423798 23.339417 99.614594 0.109983
1770.000000 515.618958 190.446503 14.708618 34.569885 0.093312
1770.000000 539.662048 196.811722 17.616699 44.698334 0.083759
1770.000000 557.319031 188.527130 17.063477 40.105011 0.081417
1770.000000 379.929718 175.650818 27.698608 68.405334 0.078851
1770.000000 538.173767 190.346451 15.051025 33.254303 0.070992
1770.000000 454.437378 198.388000 13.477234 32.348328 0.058498
1770.000000 491.311584 198.248276 13.134644 31.320374 0.053865
1770.000000 55.152298 167.449921 16.583023 41.725525 0.052874
