30.000000 566.479980 168.328613 34.652954 75.339081 0.529569
30.000000 504.262115 194.292603 16.816620 39.732880 0.368163
30.000000 489.498352 193.155975 15.222046 37.282318 0.345185
30.000000 576.197144 169.759537 22.205444 52.354218 0.342932
30.000000 542.174622 217.673065 20.779785 48.159180 0.336869
30.000000 592.055908 159.042450 17.603882 41.463287 0.253130
30.000000 438.952148 178.480591 15.360168 36.622986 0.250965
30.000000 451.004639 170.979996 21.395386 53.252594 0.222875
30.000000 396.747406 187.967590 13.660278 32.494690 0.208348
30.000000 64.950798 197.340942 13.460159 31.548309 0.155997
30.000000 497.963257 196.268646 12.349792 31.990997 0.146723
30.000000 586.137756 158.166779 27.575928 70.260406 0.125831
30.000000 535.686951 215.675049 32.523315 69.907867 0.099707
30.000000 488.995087 185.737885 12.753235 31.771820 0.092157
30.000000 433.007355 177.509445 26.022278 54.603241 0.066828
30.000000 130.883636 50.361847 18.052704 44.016525 0.066485
30.000000 150.304504 45.724049 19.592682 43.321819 0.065956
30.000000 485.578491 188.989807 21.869202 52.972168 0.064825
30.000000 523.280029 219.563995 16.998291 39.988617 0.059482
30.000000 144.623642 44.643410 28.822845 65.640015 0.058146
30.000000 506.878632 193.068756 12.293671 26.549866 0.054234
30.000000 450.252258 171.170990 15.012512 36.713776 0.053828
60.000000 498.927734 165.792709 25.364380 57.457733 0.492276
60.000000 50.768410 187.311508 15.813599 38.010406 0.165908
60.000000 496.668671 167.256226 20.106415 43.267090 0.147389
60.000000 453.831940 175.232407 16.226929 40.991150 0.139379
60.000000 432.165100 177.648239 15.075684 36.137726 0.130551
60.000000 493.540680 163.641464 36.896454 86.380188 0.120194
60.000000 423.832611 180.402023 14.123047 33.505615 0.113697
60.000000 504.792969 165.836212 16.721802 38.324097 0.073415
60.000000 420.882050 188.050461 11.718567 27.253174 0.061526
60.000000 506.674744 166.541687 25.368896 62.264374 0.051459
60.000000 473.778534 167.412949 15.890076 43.667206 0.051095
90.000000 448.527832 188.088348 12.331238 30.929321 0.464990
90.000000 25.849510 197.975052 14.570343 34.444824 0.429553
90.000000 439.778656 184.391983 13.943787 35.427338 0.287823
90.000000 548.721985 164.919617 17.799194 41.331268 0.178786
90.000000 345.583313 177.329941 13.856445 33.545990 0.164647
90.000000 551.914612 164.838425 12.159058 29.990814 0.163038
90.000000 458.806305 189.813385 12.520508 31.467041 0.153836
90.000000 543.083679 161.159027 28.401611 66.324310 0.133772
90.000000 547.432434 168.787460 12.408203 31.424805 0.109326
90.000000 412.992828 189.097900 10.604431 25.847260 0.103391
90.000000 465.444061 194.596985 12.733582 27.351379 0.074205
90.000000 533.084839 180.941803 18.658936 44.080750 0.069425
90.000000 19.022552 198.752243 17.777267 35.997223 0.065958
90.000000 407.327026 191.672592 14.677979 34.915039 0.065277
120.000000 482.127014 186.538422 15.564209 36.822845 0.873869
120.000000 491.547760 191.448837 12.899963 32.207489 0.637079
120.000000 470.073425 190.530029 14.413818 35.202240 0.619493
120.000000 459.600464 189.220978 12.025818 32.095825 0.342490
120.000000 404.811249 188.932617 10.852295 27.829224 0.319956
120.000000 575.950989 170.238739 12.012207 27.423462 0.245093
120.000000 587.218994 170.240875 13.590942 30.057007 0.242998
120.000000 585.770752 171.206451 18.364746 45.534210 0.182210
120.000000 571.946533 170.010971 11.858398 28.058807 0.182202
120.000000 475.593628 189.989578 15.189819 33.040588 0.124409
120.000000 343.053955 185.003876 13.301086 32.824219 0.074979
120.000000 467.353149 192.766815 11.611694 28.429047 0.069712
120.000000 0.000000 192.022720 12.794731 53.072449 0.058626
120.000000 337.554077 184.949905 10.746460 26.812622 0.050743
150.000000 490.817535 182.535248 19.007202 46.293854 0.923994
150.000000 501.272461 188.759018 16.883850 40.429474 0.875197
150.000000 478.053650 186.155090 18.166870 43.072418 0.752235
150.000000 391.660004 186.146255 11.453308 28.591217 0.546867
150.000000 453.769806 172.213043 22.380127 60.512695 0.490757
150.000000 469.116333 181.306244 19.001465 45.918030 0.290740
150.000000 505.121613 166.808212 24.555756 60.179657 0.120299
150.000000 418.046936 179.155457 10.966736 29.445831 0.115316
150.000000 456.240021 171.854767 16.620911 39.575348 0.107974
150.000000 315.877533 173.521774 12.433044 31.217316 0.103774
150.000000 414.691315 179.323105 16.560303 42.428619 0.102665
150.000000 386.891296 186.922974 14.463257 33.515808 0.079687
150.000000 128.166763 175.820251 28.721558 70.216583 0.063529
150.000000 138.205261 176.752228 16.031555 40.209991 0.053538
150.000000 510.573944 167.458099 17.650421 39.836334 0.053467
150.000000 338.589752 165.036179 11.741455 29.580780 0.050512
180.000000 503.991150 175.836639 24.551636 58.657562 0.978682
180.000000 521.542175 185.865143 20.702881 48.735382 0.973574
180.000000 460.053772 182.791656 20.496521 48.190826 0.950801
180.000000 482.206146 178.526474 26.075012 61.360107 0.938774
180.000000 380.065094 183.820511 13.918640 34.310730 0.790673
180.000000 466.065918 164.595718 29.110168 68.218170 0.573392
180.000000 365.287262 182.309052 12.923035 33.194000 0.499867
180.000000 442.808167 181.329269 11.836487 28.939423 0.402958
180.000000 384.653625 184.438599 12.276367 29.856140 0.306335
180.000000 253.160248 184.635071 18.328552 44.790497 0.210884
180.000000 392.716949 182.840515 12.818665 33.225098 0.144851
180.000000 513.234558 187.721725 20.490112 45.575958 0.142640
180.000000 248.405670 187.689331 15.251648 36.429138 0.125887
180.000000 258.315765 182.760757 12.621033 29.455475 0.092678
180.000000 245.568939 181.858917 13.441833 33.654907 0.091171
180.000000 492.052643 183.804504 17.626465 45.986053 0.077749
180.000000 449.552704 198.901978 13.240356 31.926208 0.071210
180.000000 472.144287 162.172195 15.167053 34.170166 0.058447
180.000000 372.302246 184.540924 11.840088 28.588257 0.056816
210.000000 578.124268 176.762497 29.269897 69.095093 0.989326
210.000000 550.288147 163.990112 34.271851 81.114197 0.983937
210.000000 514.766174 169.227722 28.423706 69.395477 0.939619
210.000000 483.850525 176.862793 26.403931 62.597137 0.932189
210.000000 361.782104 180.906876 15.617310 38.249023 0.801180
210.000000 391.318115 178.395355 18.086670 42.584381 0.584842
210.000000 528.106323 167.394226 32.918823 80.145416 0.548471
210.000000 477.711487 176.886795 23.366699 57.274841 0.314203
210.000000 399.521332 177.787857 17.094238 42.134766 0.304643
210.000000 561.839172 178.927399 26.702271 65.407623 0.243535
210.000000 373.381714 172.009781 10.480042 27.648590 0.220826
210.000000 200.803696 177.672623 15.025970 35.329712 0.219127
210.000000 574.598145 199.430466 17.608643 45.302338 0.202367
210.000000 418.507446 180.140121 11.991150 28.994019 0.192347
210.000000 545.218262 186.539307 22.511963 56.489685 0.180964
210.000000 500.733337 171.476166 24.606323 65.358887 0.159771
210.000000 218.683487 183.621658 14.585693 35.106049 0.133102
210.000000 413.626984 178.526321 18.821838 41.248901 0.124975
210.000000 298.947815 178.829529 13.229980 31.766083 0.123798
210.000000 449.841949 178.238754 12.032898 31.164734 0.123451
210.000000 397.163422 176.560226 13.097046 33.560852 0.113916
210.000000 230.392456 181.429153 13.277039 32.166290 0.113170
210.000000 512.312683 183.035431 20.638428 54.447906 0.100932
210.000000 209.795090 173.286713 17.028259 43.147278 0.099629
210.000000 378.272644 177.952896 15.038818 37.166016 0.093990
210.000000 224.129883 180.919220 13.042450 32.976501 0.084608
210.000000 404.324066 176.132706 19.201416 43.558655 0.081500
210.000000 379.691162 174.547150 10.685669 27.486237 0.069623
210.000000 400.692627 157.889191 14.770386 34.244354 0.068181
210.000000 390.242432 179.030060 12.505615 30.194763 0.061456
210.000000 232.455872 185.029968 15.364502 35.022064 0.051654
240.000000 548.335449 167.473572 38.160767 94.380066 0.981364
240.000000 394.853088 175.652252 22.865723 54.129913 0.968770
240.000000 440.458435 175.003662 21.249451 51.635468 0.927762
240.000000 615.456482 178.568298 24.543518 78.446564 0.410904
240.000000 490.225708 173.089478 15.151917 36.702423 0.368323
240.000000 419.300812 169.999054 16.565186 40.426666 0.133332
240.000000 414.050049 177.137802 15.996460 41.047028 0.111986
240.000000 564.385010 174.879089 33.330566 87.237915 0.080930
240.000000 624.484314 158.427231 15.363525 78.235382 0.079820
240.000000 309.698425 178.403320 18.234314 42.264709 0.078325
240.000000 404.476288 175.835556 16.361084 41.997986 0.075341
240.000000 0.122765 216.027390 12.733727 38.339020 0.074569
240.000000 409.336365 174.552902 14.646118 36.259979 0.071872
240.000000 236.873505 179.624802 13.541870 32.203674 0.066229
240.000000 390.287659 175.100998 19.015686 42.405701 0.065174
240.000000 438.623138 179.236267 14.212158 34.551392 0.060392
240.000000 328.700958 185.423767 13.136902 31.988495 0.057310
240.000000 421.909454 171.591736 20.992676 51.658417 0.055484
270.000000 528.931030 161.578552 33.368896 78.471222 0.993250
270.000000 456.828918 163.855469 32.187866 79.001434 0.988823
270.000000 509.190918 174.688522 16.903076 40.487671 0.270575
270.000000 554.128235 168.851868 13.962646 29.915588 0.248704
270.000000 549.444275 169.626862 20.048462 48.269714 0.196419
270.000000 16.096048 158.295883 15.197903 37.655121 0.119818
270.000000 447.373383 166.188477 16.933838 40.244110 0.057902
270.000000 520.381042 179.310318 18.918457 42.124420 0.050664
300.000000 580.247681 134.534836 52.975586 145.515274 0.991132
300.000000 103.099487 162.621674 15.488892 36.778870 0.395057
300.000000 108.393188 150.527328 13.925705 34.677734 0.170075
300.000000 473.702301 154.322983 14.942017 33.457611 0.096367
300.000000 494.223602 154.194626 14.902100 35.760345 0.092313
300.000000 501.280365 161.839233 18.743256 47.706146 0.077317
300.000000 490.619659 154.850922 22.292084 55.194458 0.061354
330.000000 552.248413 160.035217 18.778320 49.734650 0.156858
330.000000 529.108154 159.589249 18.714111 48.854828 0.080060
330.000000 69.245392 167.580261 14.968658 35.537140 0.065136
360.000000 207.401215 157.771362 12.701843 31.480652 0.138492
360.000000 0.000000 184.743546 10.194619 44.163666 0.078349
360.000000 410.644196 163.520859 21.261719 56.669678 0.055408
390.000000 147.536911 171.688538 13.178741 32.974884 0.152959
390.000000 118.373726 156.985748 15.324226 36.725037 0.131381
390.000000 507.780212 186.582825 13.260742 28.764343 0.117936
390.000000 135.887543 173.062347 15.019989 36.083435 0.110895
390.000000 112.342644 155.777451 25.023354 60.961395 0.095743
390.000000 166.980942 164.072571 11.783051 30.380585 0.078129
420.000000 91.223343 179.185303 17.550064 45.457001 0.162238
420.000000 74.182671 173.648392 13.455948 32.860352 0.140498
420.000000 209.657837 180.176605 11.516907 28.224762 0.130710
420.000000 98.967415 179.083359 15.006149 37.338745 0.091714
420.000000 135.435349 159.961197 13.862854 33.966888 0.071539
420.000000 181.410355 182.963287 14.383881 33.177490 0.064361
420.000000 194.872482 170.857452 14.114655 33.028778 0.061664
420.000000 73.226326 174.701950 19.503937 49.177399 0.056741
420.000000 81.499001 171.743408 26.862137 63.794525 0.052771
420.000000 94.332062 176.320114 21.781616 54.694580 0.052307
450.000000 115.094627 175.646347 13.643623 33.876007 0.287293
450.000000 140.896896 177.291870 14.719116 35.908234 0.161377
450.000000 88.915672 162.143280 21.656082 48.150452 0.116517
450.000000 109.725220 173.759674 23.215881 52.803223 0.098332
450.000000 414.988770 176.230392 17.719971 42.664642 0.095093
450.000000 59.383858 176.053406 25.009827 57.632538 0.091354
450.000000 418.403015 175.162598 11.268372 26.678009 0.079793
450.000000 151.117874 182.588226 12.857635 31.934082 0.064391
450.000000 134.211700 177.430862 15.266724 36.728363 0.061539
450.000000 137.574188 173.943863 21.931213 55.589569 0.060311
450.000000 161.501053 187.074890 12.924316 30.100220 0.056807
450.000000 427.744385 173.780716 13.937195 34.042999 0.056751
450.000000 201.988663 190.169800 12.584076 32.001862 0.054704
450.000000 92.391212 163.872360 15.109741 33.058044 0.052976
480.000000 67.675407 169.986588 26.376404 61.844788 0.440882
480.000000 97.035896 173.352081 28.055359 65.367462 0.246207
480.000000 79.342194 171.037689 15.848236 38.504486 0.234429
480.000000 102.650093 172.921936 13.625427 33.509613 0.181925
480.000000 29.536890 210.099258 13.109743 33.570831 0.174997
480.000000 70.577728 170.179459 18.541290 43.703918 0.160043
480.000000 100.931740 173.795105 18.819885 47.806244 0.147635
480.000000 107.686859 177.014435 20.013168 53.361633 0.140411
480.000000 451.130432 177.309891 14.296204 35.881439 0.117429
480.000000 0.000000 210.456970 13.543951 48.964142 0.115844
480.000000 67.462975 169.016388 15.099380 36.362549 0.105953
480.000000 505.950867 178.975479 18.497070 43.840515 0.101503
480.000000 324.814636 56.422462 13.673889 33.089401 0.097472
480.000000 345.884460 69.827126 11.770752 27.797012 0.094047
480.000000 111.770119 178.264236 13.568832 34.468048 0.090171
480.000000 107.702141 175.437057 13.013184 33.125763 0.081693
480.000000 352.135742 71.970749 12.200500 30.281998 0.081677
480.000000 94.782585 172.592056 14.434738 35.040375 0.074044
480.000000 76.061760 169.242126 14.595764 33.884369 0.069436
480.000000 432.395630 178.633377 13.697693 33.851532 0.060208
480.000000 77.543037 172.666626 24.129532 59.979309 0.059959
480.000000 54.799187 176.920334 21.940445 55.842957 0.054370
480.000000 607.839355 113.583923 12.353760 30.035889 0.053572
510.000000 483.452148 177.137787 19.176819 45.771881 0.761399
510.000000 484.440674 179.925934 13.239319 31.312378 0.456443
510.000000 454.262451 179.462830 11.537964 29.138275 0.335659
510.000000 32.036316 168.414108 28.955963 71.454132 0.269834
510.000000 465.875610 171.402573 14.541321 35.214722 0.231026
510.000000 36.244759 168.675415 19.404747 47.787354 0.195326
510.000000 490.232269 179.757324 15.951538 40.199585 0.168516
510.000000 144.009567 195.929184 12.781586 30.602448 0.167231
510.000000 75.356903 177.316467 17.432251 45.086151 0.158955
510.000000 475.528107 179.499084 11.146423 26.724670 0.140113
510.000000 24.430262 172.245773 21.687948 53.775452 0.135545
510.000000 65.112251 172.943192 28.168152 67.100250 0.131653
510.000000 62.677441 171.730133 20.110477 46.283264 0.130546
510.000000 462.312195 169.696945 20.431702 53.113647 0.118021
510.000000 108.477631 198.545197 13.242432 31.887177 0.116517
510.000000 480.855042 180.325577 12.112854 27.448212 0.106490
510.000000 495.788055 107.408234 15.639526 38.954834 0.102491
510.000000 150.556839 195.438843 12.846008 31.228027 0.100878
510.000000 450.182587 178.746445 17.640137 42.936798 0.085618
510.000000 506.815125 0.109290 16.098145 25.296974 0.077736
510.000000 55.331940 173.163269 22.415131 58.194336 0.073330
510.000000 91.530571 182.192520 17.421326 45.416565 0.064984
510.000000 197.624985 1.198843 14.881958 33.764168 0.063818
510.000000 413.615509 176.052536 13.205139 31.101288 0.061573
510.000000 524.823059 196.679367 14.865356 35.194122 0.059372
510.000000 220.980835 10.960247 12.752350 28.441525 0.058411
510.000000 15.964277 171.696487 38.420975 80.336304 0.058319
510.000000 53.101700 171.561279 17.209328 41.623260 0.058306
540.000000 562.601624 159.136353 29.440063 72.523987 0.645322
540.000000 443.236725 174.329666 12.714111 30.340271 0.577235
540.000000 550.005127 172.455795 19.175049 42.487732 0.533694
540.000000 509.110565 168.373657 20.207550 47.690857 0.468067
540.000000 552.130798 167.057602 25.812866 64.222168 0.420548
540.000000 586.760986 168.504333 19.802979 47.572357 0.366809
540.000000 573.563782 162.140350 26.748901 66.946808 0.346990
540.000000 570.346680 159.188141 20.143188 51.402832 0.340953
540.000000 7.224417 169.502121 16.688524 39.062256 0.339564
540.000000 536.309448 168.058884 15.441650 37.325134 0.253059
540.000000 59.739536 171.305389 37.714062 89.349030 0.251194
540.000000 560.646240 183.740829 19.857910 47.547180 0.239362
540.000000 409.123535 171.187988 16.121582 34.811798 0.229236
540.000000 592.554932 169.804565 13.660645 34.074158 0.221463
540.000000 464.163818 185.576889 13.057434 30.939728 0.215105
540.000000 66.862991 171.020950 19.488251 47.938171 0.210711
540.000000 4.057069 170.334015 24.918346 55.997314 0.186978
540.000000 20.190765 161.238449 23.894806 55.370239 0.178586
540.000000 159.246887 193.990158 15.053558 39.151642 0.173321
540.000000 576.808105 161.374756 12.840576 33.622040 0.141726
540.000000 27.135998 164.217667 15.114952 36.000153 0.137563
540.000000 70.168961 170.929810 26.416916 62.085419 0.129308
540.000000 578.764099 160.782196 18.132568 44.177704 0.129131
540.000000 585.790466 167.494385 15.060425 36.039703 0.126067
540.000000 11.624261 173.936554 17.151253 39.179077 0.122714
540.000000 530.439819 163.949005 24.867676 54.635895 0.114288
540.000000 407.095398 177.589600 12.400879 26.999908 0.103845
540.000000 515.120483 170.709991 15.151733 33.853302 0.102371
540.000000 85.934708 162.405746 15.178513 37.575226 0.101137
540.000000 94.788498 202.931473 14.171997 33.863525 0.097644
540.000000 73.990013 168.328278 17.118011 38.892639 0.094188
540.000000 104.893219 201.882385 13.073074 31.133850 0.090393
540.000000 18.075390 168.742508 15.741890 35.726074 0.084254
540.000000 401.422729 163.902847 17.173706 38.727661 0.081626
540.000000 566.662476 160.998642 14.388306 33.758545 0.081225
540.000000 491.464844 179.472656 19.101501 47.979462 0.077313
540.000000 548.768433 177.741318 13.727905 30.403656 0.076907
540.000000 72.549889 169.232269 12.416992 31.002808 0.072088
540.000000 520.571045 183.587967 15.311401 38.283142 0.062098
540.000000 65.952675 170.113541 14.290268 35.071564 0.058680
540.000000 448.672852 174.000641 10.402100 28.250336 0.057564
540.000000 41.765957 167.061005 27.380161 67.026398 0.054992
540.000000 567.638000 180.141418 20.247314 51.355072 0.052094
570.000000 473.024200 188.313202 13.128235 31.987000 0.230374
570.000000 547.366943 163.705231 20.853394 51.140686 0.108371
570.000000 466.186218 191.004196 11.353149 27.926208 0.096659
570.000000 576.932312 164.048965 21.984863 57.395081 0.069923
570.000000 485.230591 185.565430 13.664429 32.946747 0.057381
570.000000 142.929581 184.974808 13.387604 31.999817 0.053392
600.000000 529.603027 183.292648 19.166992 50.116974 0.552178
600.000000 511.320099 186.143646 15.121002 38.613495 0.362951
600.000000 121.731941 194.657913 12.508781 29.630219 0.348547
600.000000 542.059326 182.588028 19.776245 50.682556 0.210535
600.000000 504.594940 181.862152 22.376495 54.970184 0.199743
600.000000 297.175110 197.607651 12.518494 31.278992 0.186889
600.000000 273.518188 200.756790 11.587341 29.096375 0.152975
600.000000 113.637764 194.676590 12.146118 29.681091 0.117142
600.000000 605.163513 178.877396 18.772949 43.830780 0.102155
600.000000 538.943542 206.158813 12.492432 28.085693 0.073792
600.000000 86.558350 207.477142 12.292236 29.727966 0.072799
600.000000 46.868256 187.202347 13.162788 31.381195 0.068694
600.000000 386.028015 198.046661 13.180847 31.964996 0.060702
600.000000 133.218781 186.393997 14.945984 35.525330 0.056704
600.000000 216.004059 204.250854 10.966675 25.551300 0.056054
600.000000 515.364319 185.287079 17.015625 43.786285 0.054962
630.000000 118.333412 200.680069 16.295586 41.229523 0.608867
630.000000 572.648804 141.209061 28.165771 75.009521 0.254870
630.000000 621.932556 143.792816 17.913818 70.159851 0.094525
630.000000 126.460548 207.960266 12.861977 32.735992 0.083527
630.000000 67.657692 192.980087 25.039383 54.054199 0.079721
630.000000 216.263794 207.846283 11.537811 26.285583 0.075084
630.000000 508.663300 169.221481 13.525299 32.786285 0.067861
630.000000 265.409546 203.119736 11.062927 29.082733 0.064839
630.000000 72.451591 192.229446 15.656204 37.676849 0.050259
660.000000 20.252502 201.014862 22.267666 51.121033 0.208233
660.000000 482.147461 197.338028 11.409729 31.208191 0.184476
660.000000 0.000000 208.798691 12.457315 42.210510 0.170645
660.000000 13.769197 200.632248 32.525879 74.869339 0.124067
660.000000 198.026337 211.084518 13.026581 29.428253 0.094591
660.000000 16.196548 205.559937 17.630318 39.862732 0.061336
660.000000 0.000000 203.581711 15.264409 82.553970 0.059645
660.000000 10.903946 212.483154 19.887173 46.404175 0.058970
660.000000 15.745071 194.349869 15.049686 35.642914 0.056470
690.000000 31.526615 216.481064 13.274551 29.238342 0.353103
690.000000 612.732300 201.121063 12.355713 31.253815 0.134319
690.000000 523.551208 181.522186 15.281982 37.562775 0.118646
690.000000 623.341248 196.948792 12.718018 31.628662 0.097580
690.000000 607.714844 200.288284 13.526978 32.141602 0.081828
690.000000 80.894592 206.728867 14.474625 32.961945 0.075439
690.000000 38.513744 222.059387 12.989243 29.819427 0.070098
690.000000 26.367420 213.075531 12.662201 31.325806 0.057563
690.000000 58.678532 213.975845 13.811504 32.512360 0.053152
720.000000 480.380615 164.939880 13.456665 32.926086 0.240658
720.000000 14.303001 211.387283 13.810482 31.108398 0.173149
720.000000 548.021179 182.899918 13.758179 32.795990 0.141397
720.000000 24.431190 209.145416 15.539841 37.583313 0.105542
720.000000 376.601593 203.249527 15.291626 39.847992 0.090519
720.000000 10.177778 210.551147 20.365288 45.038635 0.090231
720.000000 468.422760 200.235168 10.702087 27.030273 0.072572
720.000000 627.521484 150.997543 12.455811 41.690918 0.061883
720.000000 396.540588 227.111755 14.701538 34.395050 0.050656
750.000000 496.602295 153.579193 15.215454 36.033630 0.178698
750.000000 571.655701 191.383972 16.426636 39.111725 0.157527
750.000000 531.157654 177.597092 14.890381 36.730499 0.121594
750.000000 490.766052 191.850403 14.239746 33.174988 0.101369
750.000000 572.664001 186.672287 12.398560 29.285034 0.076648
750.000000 554.421265 193.031982 15.889160 37.259460 0.071201
750.000000 500.755646 193.724213 14.162018 34.345947 0.070822
750.000000 16.402962 192.071686 13.772823 36.056274 0.055218
780.000000 373.363464 193.383835 13.862305 35.077209 0.235259
780.000000 587.357910 161.710144 15.166016 34.333405 0.070168
810.000000 508.172760 155.179260 18.150238 42.438202 0.203741
810.000000 436.962524 189.088409 11.573547 29.773376 0.172036
810.000000 593.544800 112.557755 22.014038 56.070312 0.147330
810.000000 595.873474 176.492554 25.832886 65.140442 0.145381
810.000000 200.502792 194.566833 12.377502 29.989044 0.133522
810.000000 431.857391 187.974609 12.286865 30.578217 0.126743
810.000000 514.678894 153.451263 12.711548 30.365753 0.113255
810.000000 404.735046 197.438828 11.371887 25.388062 0.094850
810.000000 623.268799 191.535477 16.456543 55.949646 0.076994
810.000000 198.513351 193.003067 20.289276 44.390869 0.076851
810.000000 215.590179 189.923691 12.210236 31.403320 0.076352
810.000000 163.519501 201.113312 12.358459 27.254486 0.072976
810.000000 384.204468 187.137390 12.199036 29.605743 0.071430
840.000000 458.347839 188.346252 13.648193 35.303864 0.449144
840.000000 415.710052 194.741821 15.251404 36.168365 0.371704
840.000000 452.057373 192.309418 12.964294 32.275665 0.174871
840.000000 476.597870 197.553543 10.591858 26.208832 0.090518
840.000000 386.672394 189.448578 11.012268 28.456116 0.089013
840.000000 412.741333 201.155670 12.297119 29.541565 0.088248
840.000000 463.287537 193.682755 12.535767 31.580200 0.071968
840.000000 236.169434 192.495163 12.332367 27.908569 0.067856
840.000000 468.349792 198.250885 11.889099 26.790894 0.056317
870.000000 433.001282 200.768509 13.880249 33.401520 0.427558
870.000000 10.028926 217.173294 12.242642 29.688934 0.365657
870.000000 491.528229 179.017410 18.977051 49.347748 0.317364
870.000000 282.873962 184.328064 14.276917 36.465942 0.195937
870.000000 490.663208 192.590057 12.840881 32.081573 0.185872
870.000000 507.060608 198.115067 14.707275 33.651947 0.161796
870.000000 273.999847 190.449951 12.992065 31.746338 0.137567
870.000000 10.601887 204.472641 14.785320 36.141052 0.102659
870.000000 271.369812 190.654160 18.337646 45.899170 0.086454
870.000000 0.000000 212.399536 11.685937 48.820801 0.085159
870.000000 102.880180 194.369446 13.891708 35.480896 0.061308
900.000000 564.876160 195.814362 17.229492 42.210602 0.258971
900.000000 387.598633 184.935532 14.315186 33.990662 0.108708
900.000000 478.524231 201.412430 18.954163 45.440796 0.065055
900.000000 161.672592 205.780136 10.666992 27.143036 0.051813
930.000000 391.985504 176.916626 14.270630 34.530365 0.318978
930.000000 607.729309 240.534027 18.037964 39.321533 0.268285
930.000000 537.840820 164.408676 25.332275 63.453949 0.112110
930.000000 10.773800 194.312439 16.078686 38.989807 0.085691
930.000000 389.164185 176.327972 20.176025 50.245544 0.083353
930.000000 554.357361 166.119385 21.266602 56.928619 0.076149
930.000000 386.334991 183.274017 12.083069 28.512543 0.066994
960.000000 414.500977 181.699768 17.413513 40.272980 0.301802
960.000000 531.672668 208.679993 14.483643 35.981873 0.247354
960.000000 623.453674 179.857544 16.545654 55.700134 0.223663
960.000000 32.333744 197.067230 13.111328 33.401672 0.090013
960.000000 37.170681 194.071518 14.614906 36.829437 0.087294
960.000000 529.177368 208.219437 11.104126 27.993500 0.062724
960.000000 526.732117 207.622437 21.857666 53.975037 0.052001
960.000000 386.866730 198.861710 11.359802 26.454071 0.051418
990.000000 280.007324 182.962509 14.352478 34.305847 0.095439
990.000000 96.271248 199.543152 12.188660 29.802460 0.095427
990.000000 467.380768 176.765198 16.835938 41.464905 0.078344
990.000000 115.223869 196.851089 13.004768 30.145660 0.054684
990.000000 399.841156 180.447250 20.746338 51.754120 0.051568
1020.000000 64.128578 192.301468 14.049210 34.542664 0.341971
1020.000000 36.821201 193.935867 13.487335 33.651123 0.270437
1020.000000 12.190485 197.036102 15.438824 32.584137 0.197637
1020.000000 435.554749 176.719757 18.202942 45.245056 0.171358
1020.000000 22.956039 194.789627 14.082241 34.224701 0.169736
1020.000000 28.873070 193.076935 18.872162 35.604156 0.136276
1020.000000 253.358932 180.552917 14.384872 33.209045 0.097724
1020.000000 59.063065 189.749954 15.245010 34.003601 0.086428
1020.000000 422.503632 178.534088 19.090820 48.406158 0.075637
1020.000000 387.307404 189.897903 12.839355 31.274841 0.066296
1020.000000 439.884735 175.328918 13.118591 30.394531 0.064883
1020.000000 589.417175 137.906357 20.834351 50.546753 0.064310
1020.000000 0.010329 199.753967 9.946670 45.152069 0.062905
1020.000000 114.800911 168.092514 17.528084 42.744202 0.062634
1020.000000 68.545479 194.446579 14.666412 34.530640 0.054710
1020.000000 32.185165 193.476761 22.175468 45.284790 0.053328
1050.000000 36.634842 178.045349 14.164406 32.298889 0.235822
1050.000000 413.491302 190.875870 12.266418 31.228241 0.165261
1050.000000 45.500156 172.913300 13.987526 35.528961 0.148931
1050.000000 403.525879 193.093079 14.053101 32.973511 0.131305
1050.000000 394.522919 194.781403 14.743530 34.895721 0.126500
1050.000000 28.869131 178.020554 14.207067 32.131897 0.119791
1050.000000 557.111084 158.781143 13.786621 34.975189 0.103618
1050.000000 78.490875 162.185730 16.331223 39.964142 0.103592
1050.000000 86.523361 157.445435 12.439392 28.724030 0.099026
1050.000000 404.688202 189.270416 9.992920 27.942688 0.078699
1050.000000 141.684204 208.895721 12.519714 31.351379 0.078256
1050.000000 83.769699 158.385345 19.166550 47.216827 0.073135
1050.000000 61.110771 157.963242 15.675522 34.775391 0.065777
1050.000000 41.936886 172.845398 12.714073 31.714294 0.052919
1080.000000 0.000000 153.755646 14.107520 43.893524 0.212561
1080.000000 528.979492 184.094589 12.573975 30.582520 0.079686
1080.000000 16.408058 144.322006 13.394581 33.643494 0.079204
1080.000000 29.168674 152.334381 22.147667 53.181183 0.060634
1080.000000 582.896606 181.860947 19.517822 47.866974 0.054576
1080.000000 33.587013 153.104721 14.616623 32.028137 0.054564
1080.000000 204.859634 190.864487 15.479523 36.992523 0.052915
1110.000000 492.248505 195.866714 15.043640 37.845276 0.205333
1110.000000 484.049072 189.129608 15.431641 38.669281 0.187979
1110.000000 475.303802 193.316605 16.179871 37.675781 0.119378
1110.000000 36.018688 166.462494 16.830826 37.522675 0.095986
1110.000000 403.657135 205.558502 12.231018 30.268768 0.072729
1110.000000 31.795792 157.003250 12.461838 31.347015 0.067887
1110.000000 485.493042 193.541946 17.797913 48.621674 0.063524
1140.000000 564.046936 187.425812 26.580811 69.423431 0.664771
1140.000000 568.390930 214.442307 16.205444 41.117584 0.468477
1140.000000 584.105652 182.621338 25.382812 61.323120 0.408617
1140.000000 168.608337 193.980698 12.746246 32.772003 0.186337
1140.000000 568.941345 185.591660 19.012329 47.581116 0.132477
1140.000000 572.360168 194.574524 19.321899 48.104126 0.111201
1140.000000 571.971619 186.388367 12.454102 29.318146 0.090941
1140.000000 455.554443 205.721329 18.199036 42.238190 0.089762
1140.000000 583.918579 196.733246 15.673340 47.325897 0.062380
1170.000000 23.532377 219.105423 14.447664 33.107697 0.127209
1170.000000 418.268066 195.205460 14.910461 34.942322 0.098980
1170.000000 19.759861 219.585205 22.206882 46.593048 0.061727
1200.000000 432.681183 193.456421 13.839417 33.181885 0.285538
1200.000000 10.271299 156.213257 30.634241 73.994690 0.250739
1200.000000 4.020334 156.498016 42.072845 109.759155 0.199750
1200.000000 575.168762 129.079147 24.943115 62.254333 0.164947
1200.000000 620.247864 159.609436 19.738770 79.873718 0.131704
1200.000000 508.612823 194.088989 16.433258 37.033630 0.128653
1200.000000 13.811214 154.122009 17.840179 41.908508 0.123472
1200.000000 604.033386 159.652451 15.235596 32.163361 0.108509
1200.000000 580.501831 137.938431 16.891968 36.514221 0.092596
1200.000000 442.832153 190.223648 12.884644 31.334045 0.085874
1200.000000 596.453369 150.955551 12.685181 28.615051 0.083991
1200.000000 84.055016 192.258591 13.005875 33.470703 0.082192
1200.000000 0.000000 171.744629 16.316584 71.606110 0.072539
1200.000000 494.788940 191.550201 16.943726 39.894714 0.058265
1200.000000 470.000397 197.902634 15.633667 35.136597 0.052602
1200.000000 419.344391 198.771194 12.002991 31.214325 0.052010
1230.000000 391.710083 200.729965 13.591980 32.561127 0.547729
1230.000000 456.182983 195.523453 18.152466 43.105774 0.369355
1230.000000 423.481506 182.038239 18.153076 46.492310 0.222042
1230.000000 78.261818 185.286636 13.371857 30.218170 0.065856
1230.000000 27.724375 173.698029 16.460005 40.162567 0.062334
1230.000000 575.176636 182.740891 18.605713 42.865112 0.062299
1260.000000 423.923096 190.822815 15.832703 37.901825 0.376805
1260.000000 64.637985 164.821823 26.069107 64.277313 0.347317
1260.000000 498.911926 183.084869 22.066345 48.498138 0.218761
1260.000000 419.977814 196.324554 20.540283 47.361450 0.202685
1260.000000 87.030228 189.203796 19.294479 47.726013 0.164886
1260.000000 48.215122 166.480026 20.727398 50.491699 0.138810
1260.000000 44.787914 161.077652 30.005863 72.663605 0.132188
1260.000000 58.184410 176.614014 32.663589 74.590118 0.094068
1260.000000 61.366898 178.942429 21.989288 45.878540 0.087410
1260.000000 409.250549 205.695190 14.768921 34.694366 0.079190
1260.000000 70.373627 171.796371 17.458481 41.847961 0.079142
1260.000000 505.340698 183.587448 15.328857 33.370239 0.073741
1260.000000 455.663666 177.946579 21.757507 57.080139 0.061215
1260.000000 384.035522 203.961884 11.810791 29.540466 0.056757
1290.000000 74.660507 152.311127 31.832748 76.896698 0.255903
1290.000000 13.843927 207.404541 46.283966 117.898071 0.209013
1290.000000 83.108833 152.049622 19.842575 47.190948 0.130286
1290.000000 419.810608 194.336487 10.630859 29.867523 0.125914
1290.000000 397.776825 200.359222 11.006714 25.962402 0.102776
1290.000000 92.614052 165.370880 15.623978 35.127899 0.098566
1290.000000 415.394440 194.459290 16.982605 41.699768 0.096795
1290.000000 499.654236 179.063736 16.482361 39.133911 0.072600
1290.000000 503.942780 177.311188 22.191925 49.765320 0.072330
1290.000000 142.553162 207.356628 10.700714 25.599731 0.064989
1290.000000 408.702515 194.518646 17.642456 43.593719 0.052000
1290.000000 422.129761 188.484100 14.471069 37.441437 0.051323
1320.000000 430.978027 205.148041 15.817078 37.796021 0.487212
1320.000000 437.955414 207.959778 13.147705 31.740570 0.244623
1320.000000 425.346405 206.584030 12.659546 29.706543 0.181147
1320.000000 371.474609 201.006256 10.749268 28.433777 0.142321
1320.000000 404.958344 204.843796 12.440308 30.427734 0.053938
1350.000000 321.093109 201.274063 11.815125 30.088348 0.315917
1350.000000 225.424698 198.155685 12.946625 32.598145 0.111586
1350.000000 498.798309 198.437561 17.056793 41.733887 0.084291
1350.000000 505.108307 186.857269 16.584442 39.297363 0.063498
1380.000000 595.036682 188.782120 14.090332 33.159027 0.265196
1380.000000 589.907471 191.812424 21.178223 49.007507 0.261074
1380.000000 603.424805 196.999481 14.056885 30.429474 0.093023
1380.000000 226.784683 193.010437 12.125244 30.494354 0.068592
1380.000000 540.021484 189.744995 14.860962 36.065216 0.058936
1380.000000 585.022949 188.972656 33.385620 77.726532 0.054771
1380.000000 402.708466 196.871292 13.898376 32.527740 0.053470
1380.000000 609.932373 197.431213 17.432129 37.144653 0.052137
1410.000000 462.035248 195.821487 17.042175 40.505829 0.087440
1410.000000 228.163559 192.945679 14.464661 35.601746 0.071811
1410.000000 452.521545 199.720673 15.463196 38.512054 0.052134
1440.000000 598.120911 214.372833 26.631592 59.562225 0.595473
1440.000000 388.376312 189.834244 10.986633 28.579010 0.233228
1440.000000 435.582794 190.987213 12.014832 29.816925 0.173833
1440.000000 47.254990 201.735260 13.468178 33.531860 0.169106
1440.000000 528.658691 7.238695 24.335205 59.922935 0.090340
1440.000000 482.273285 157.639008 13.520386 33.406647 0.089019
1440.000000 529.554321 196.985367 13.732666 33.248566 0.086633
1440.000000 552.341919 178.102921 21.903564 53.520996 0.079920
1440.000000 13.907657 0.000000 31.402859 56.950661 0.059824
1470.000000 480.309784 186.876480 16.161316 40.102325 0.196460
1470.000000 600.152588 225.433884 14.786621 34.556351 0.172058
1470.000000 569.696777 1.952471 17.731323 40.952057 0.118276
1470.000000 591.952026 223.674942 16.875732 37.714066 0.105823
1470.000000 576.070129 12.284487 24.967041 61.199242 0.068974
1470.000000 581.918335 200.742691 17.391235 41.194427 0.068060
1500.000000 594.856689 177.214279 28.189209 68.171509 0.752344
1500.000000 557.043213 90.095718 14.646484 35.597412 0.120125
1500.000000 587.083557 195.576111 22.601440 52.207672 0.114070
1500.000000 595.294189 209.838898 17.628784 37.947906 0.085855
1530.000000 456.610870 190.660309 12.922180 29.810822 0.090818
1530.000000 210.447952 159.902740 27.013275 70.202332 0.088759
1530.000000 488.379639 204.920517 11.031738 29.559631 0.050479
1560.000000 113.450386 175.705658 19.064232 52.302124 0.225247
1560.000000 487.487976 186.446304 17.162292 41.389282 0.174424
1560.000000 115.962006 178.177155 13.316376 35.295654 0.137065
1560.000000 583.645081 12.907833 14.750000 35.462746 0.081496
1590.000000 592.719849 175.686523 16.805908 40.129578 0.410055
1590.000000 580.499756 162.401321 12.861450 29.580139 0.278282
1590.000000 481.827637 184.976471 13.969910 33.090912 0.227414
1590.000000 575.392273 173.300201 22.496460 54.033661 0.166124
1590.000000 590.264465 173.209869 24.375488 59.000610 0.165206
1590.000000 206.678879 153.497528 17.239563 42.087769 0.114396
1590.000000 229.229630 177.197128 13.884552 33.984436 0.109427
1590.000000 581.633301 178.689041 15.394775 34.456573 0.088480
1590.000000 26.328285 0.097480 14.982834 30.066582 0.085318
1590.000000 256.476624 181.802948 15.685242 37.149933 0.060604
1590.000000 227.252930 175.771393 11.286102 29.975128 0.058734
1590.000000 523.524475 172.338257 15.199829 36.611938 0.050670
1590.000000 575.936768 163.116638 16.367920 39.427643 0.050195
1590.000000 31.328289 0.035231 14.253319 28.701853 0.050022
1620.000000 168.219711 139.152847 22.191559 56.086761 0.221455
1620.000000 234.070129 178.111542 14.441071 34.803986 0.200955
1620.000000 136.634369 138.317993 22.427612 54.833862 0.120198
1620.000000 144.941620 142.250458 20.888092 50.044312 0.114217
1620.000000 125.323990 144.469269 18.298004 47.304749 0.091228
1620.000000 268.903656 182.188995 12.261780 30.803955 0.071551
1620.000000 29.096546 192.183685 14.342491 36.511169 0.066060
1620.000000 148.739029 141.862015 15.382385 34.512207 0.052429
1650.000000 423.234650 180.739090 14.859375 33.793762 0.362674
1650.000000 15.171688 186.240036 17.548969 37.915619 0.359952
1650.000000 213.765976 177.030136 13.057892 31.207031 0.182126
1650.000000 244.483780 175.189346 15.718491 37.606262 0.174481
1650.000000 421.368530 178.576477 20.700439 51.278748 0.159823
1650.000000 261.636993 180.570282 13.085571 30.233429 0.088819
1680.000000 459.988342 183.853546 19.119202 46.016388 0.180712
1680.000000 462.677368 180.498260 13.613708 30.999908 0.145885
1680.000000 212.511169 179.618378 13.484619 32.784882 0.117900
1680.000000 216.771301 183.883713 13.552124 34.085480 0.103356
1680.000000 474.739471 185.331039 15.730286 37.592621 0.052889
1710.000000 555.715454 169.959442 32.746216 75.927307 0.555330
1710.000000 545.492859 174.228378 32.860962 75.243774 0.362232
1710.000000 545.012024 178.566513 22.396484 53.303894 0.274897
1710.000000 560.106445 168.728500 23.419922 53.573395 0.262934
1710.000000 462.643707 179.672333 11.918213 32.579437 0.198627
1710.000000 567.852661 169.380554 18.501587 42.341522 0.141008
1710.000000 543.025024 170.421600 50.543457 102.247040 0.120544
1710.000000 551.228333 174.802948 21.428467 42.980896 0.098711
1710.000000 449.836761 169.870544 14.848145 33.932556 0.070958
1710.000000 482.857910 173.323563 16.412109 42.816528 0.064726
1710.000000 566.765076 170.436981 25.868164 59.676208 0.056517
1710.000000 458.563782 178.962662 19.373047 47.404236 0.053699
1740.000000 399.477386 177.039368 16.380920 39.149170 0.507902
1740.000000 451.573151 176.162735 15.237976 37.682037 0.271977
1740.000000 499.033905 175.517868 12.713257 31.281464 0.220327
1740.000000 566.433533 136.820801 13.387695 32.826904 0.158857
1740.000000 437.701569 182.241592 9.652039 26.206055 0.110232
1740.000000 574.663696 139.108887 13.431641 30.602325 0.103421
1740.000000 433.366760 183.032364 12.595337 30.750519 0.102139
1740.000000 381.848114 182.123230 12.431885 30.384277 0.091338
1740.000000 413.617065 180.751740 16.600220 40.220276 0.078384
1740.000000 483.200439 178.789047 12.390076 31.553436 0.078132
1740.000000 419.905853 169.491638 14.704163 37.011566 0.076803
1740.000000 395.015656 180.226562 11.195129 28.377289 0.071860
1740.000000 582.665894 178.283005 13.325439 31.575470 0.071277
1740.000000 51.923683 213.599350 11.796135 30.025452 0.065040
1740.000000 40.758621 208.316803 14.337234 33.252380 0.064919
1740.000000 44.745483 223.303238 12.205200 28.519806 0.059796
1740.000000 400.251587 174.820557 11.933228 29.760345 0.052809
1740.000000 458.417145 184.156158 14.317017 34.918121 0.052744
1740.000000 406.178040 177.728470 12.960632 28.480713 0.050448
1770.000000 457.665314 175.935669 17.715027 44.991119 0.644518
1770.000000 401.451843 158.558578 20.555359 48.470764 0.624683
1770.000000 382.205170 179.402588 12.670288 31.952911 0.425353
1770.000000 3.934630 218.725800 13.982598 34.521667 0.350147
1770.000000 66.365585 216.547852 12.972916 29.705688 0.346990
1770.000000 472.809692 173.403915 13.482849 34.057800 0.280168
1770.000000 378.051605 178.956192 12.812439 30.431732 0.245225
1770.000000 425.957001 150.790298 22.971497 57.182129 0.239093
1770.000000 456.125122 178.559494 13.082214 31.761017 0.128180
1770.000000 375.145905 179.718903 10.927612 28.465637 0.127482
1770.000000 395.024536 151.578949 18.343994 43.055542 0.124441
1770.000000 244.034027 184.375565 14.833344 35.497192 0.122784
1770.000000 113.516212 209.755951 12.284241 27.947632 0.106339
1770.000000 466.443390 180.883957 13.597046 30.483887 0.099215
1770.000000 467.975220 175.177994 17.384521 45.451172 0.085040
1770.000000 432.618561 171.044479 20.271301 50.541046 0.083533
1770.000000 473.772186 181.811707 14.881470 33.959595 0.076236
1770.000000 7.910886 44.251373 18.783360 45.859100 0.071593
1770.000000 451.495789 176.605728 14.069031 34.526123 0.069332
1770.000000 0.085847 213.170837 10.330185 44.301788 0.068704
1770.000000 500.054047 177.309830 20.317047 48.529724 0.051656
1800.000000 13.645987 208.672394 16.170555 38.783417 0.705009
1800.000000 576.664795 191.155441 29.236816 67.477859 0.517206
1800.000000 592.083679 191.999130 20.350708 48.633057 0.463692
1800.000000 22.233625 149.149185 12.442015 31.819672 0.454010
1800.000000 79.573257 207.672409 12.965149 30.795441 0.436334
1800.000000 47.530899 204.119873 13.864403 33.050232 0.241406
1800.000000 113.766296 200.581863 12.563980 31.128937 0.206076
1800.000000 30.309328 212.219025 13.705694 30.283966 0.185162
1800.000000 530.664062 173.798355 20.550293 50.217102 0.168994
1800.000000 582.674927 191.781799 19.955444 45.820404 0.154893
1800.000000 593.807739 193.682724 13.351562 34.337067 0.146269
1800.000000 513.952942 182.576187 17.668335 41.932007 0.114098
1800.000000 124.277382 190.221481 15.204323 37.480957 0.113798
1800.000000 563.770447 201.041779 18.685791 44.315002 0.111227
1800.000000 552.922119 175.109879 19.033203 46.495514 0.110597
1800.000000 551.871521 170.612961 28.149658 71.365448 0.100043
1800.000000 42.522964 211.749481 13.431694 29.410217 0.093923
1800.000000 5.524147 197.509262 20.626976 49.876282 0.089144
1800.000000 505.619476 183.961014 33.451752 76.498398 0.082587
1800.000000 524.028320 176.291885 31.455811 78.011932 0.077843
1800.000000 583.366333 188.028793 15.117676 32.871063 0.070485
1800.000000 456.009186 164.404465 20.841370 54.516022 0.062733
1800.000000 52.159218 208.858170 12.604683 29.705963 0.054657
1800.000000 418.815857 154.698212 24.456848 56.259766 0.050423
1800.000000 58.538334 204.868011 13.777187 32.487305 0.050041
1830.000000 491.845459 145.764114 15.669739 35.752411 0.121991
1830.000000 31.891573 210.364670 15.590307 36.690857 0.095996
1830.000000 485.376678 145.024384 27.057281 63.766235 0.069029
1830.000000 502.491638 149.288239 13.068970 26.737823 0.064115
1830.000000 34.100742 197.314911 17.336472 44.023621 0.062044
