30.000000 465.953278 118.752159 19.875671 47.630302 0.446475
30.000000 462.103363 119.634232 29.560120 67.412109 0.273550
30.000000 473.224213 124.160034 14.191345 36.621429 0.068628
30.000000 541.877075 123.669678 19.916138 48.126556 0.068000
60.000000 575.137329 189.389542 23.650391 56.048218 0.273830
60.000000 518.010315 189.569214 22.957642 64.414978 0.102968
60.000000 542.765198 193.924484 27.493652 69.353714 0.072727
60.000000 160.553421 167.884552 15.819489 38.292267 0.068156
90.000000 523.389526 142.150360 14.035400 33.513153 0.111324
90.000000 514.753357 149.860306 14.008057 29.741943 0.084134
90.000000 461.121002 159.066422 13.209656 32.831512 0.063311
150.000000 77.932549 191.395126 32.796417 74.320084 0.417021
180.000000 576.689087 187.145721 45.886719 117.098785 0.236728
180.000000 614.638855 184.986694 25.361145 140.907318 0.072509
180.000000 77.471375 207.712509 25.130463 61.686386 0.061264
210.000000 228.842010 99.995178 36.632355 91.199951 0.318067
210.000000 81.136658 206.257843 17.287994 40.920532 0.291571
210.000000 72.926208 208.729126 28.673187 65.314880 0.174835
210.000000 219.415253 99.416183 55.858490 128.603973 0.094717
210.000000 234.552246 100.655914 25.522156 62.481354 0.093612
210.000000 514.459290 179.687378 16.852783 40.591492 0.060959
240.000000 433.889160 186.336090 19.883972 47.993591 0.077424
270.000000 113.686356 186.335709 20.694916 52.232117 0.182922
270.000000 51.956532 205.745422 23.093533 55.891357 0.136798
270.000000 60.162712 209.207001 16.386063 38.253723 0.078885
300.000000 66.902252 213.638275 28.293121 75.946442 0.220563
300.000000 76.010002 216.743271 16.932510 40.915207 0.180639
300.000000 109.635254 199.113342 13.582794 34.828400 0.097750
300.000000 53.566711 196.057495 15.826698 40.177490 0.080271
390.000000 76.075630 222.525574 15.769501 35.867126 0.152355
390.000000 65.727661 219.497925 28.762909 82.414429 0.124589
390.000000 108.538940 201.867889 15.851685 43.013763 0.070701
420.000000 75.156708 223.591873 15.648682 36.513199 0.200480
420.000000 64.216660 220.142059 29.693710 77.667053 0.130991
450.000000 224.315002 97.434990 34.905975 85.569435 0.177658
480.000000 216.601395 103.149078 50.216782 123.843933 0.120914
480.000000 74.003181 235.383469 14.371872 31.749130 0.064459
510.000000 309.056976 117.962479 21.691528 51.922943 0.286565
510.000000 304.497559 118.330872 32.645508 78.561188 0.132977
510.000000 314.673981 118.024574 14.896484 35.722954 0.071954
540.000000 134.771957 206.641800 13.553741 33.296021 0.216313
540.000000 140.893585 201.674530 15.353210 37.824921 0.166010
540.000000 452.837372 151.979538 28.783936 62.608032 0.141713
540.000000 315.168274 114.066788 13.538208 32.054047 0.098958
540.000000 448.147797 168.777832 18.040466 42.430481 0.089214
540.000000 124.246986 209.487915 16.446495 41.230560 0.060497
540.000000 310.555573 113.931267 19.638794 45.437386 0.050308
570.000000 312.517029 109.689751 21.278687 51.392860 0.537388
570.000000 304.613892 107.095436 32.377014 75.091209 0.253678
570.000000 133.403275 197.460281 13.107910 33.464844 0.172371
570.000000 314.584686 109.400368 14.305908 35.294273 0.165615
570.000000 225.137756 115.067413 15.877930 35.816315 0.074198
570.000000 20.695156 208.852890 20.447426 52.022232 0.069138
600.000000 76.355469 223.570190 12.363342 29.369476 0.213683
600.000000 58.192448 223.308762 12.488682 31.813263 0.203528
600.000000 12.102965 221.844910 14.953893 36.258789 0.136411
600.000000 618.723511 150.596771 21.180786 121.033234 0.129826
600.000000 214.048798 82.944023 49.018799 121.356209 0.100712
600.000000 63.745216 226.014160 11.633987 29.081329 0.087641
600.000000 53.657494 224.166199 12.080902 30.123657 0.084185
600.000000 15.856380 216.068542 15.845970 40.701843 0.077617
600.000000 604.924866 155.713623 15.974121 41.834656 0.076137
600.000000 467.399811 165.787277 15.106628 34.919556 0.068788
600.000000 140.954849 179.995667 14.170532 32.828857 0.056388
630.000000 460.448059 184.543518 14.131714 32.944580 0.094009
630.000000 515.525085 176.392365 12.772705 31.256744 0.061907
660.000000 34.537491 215.059814 13.808975 31.410980 0.064335
720.000000 482.464813 139.388824 15.333618 38.533386 0.127422
720.000000 19.410339 208.960739 14.873959 35.366241 0.061371
780.000000 480.336151 135.574493 19.335144 48.963623 0.290538
780.000000 452.150909 135.302780 24.733521 58.191223 0.054244
780.000000 481.559448 170.572449 18.853333 50.960815 0.051420
810.000000 528.164673 178.920242 16.790649 39.941711 0.227727
810.000000 482.370239 145.896301 15.155945 35.877289 0.200379
810.000000 532.047668 179.891479 11.256470 29.357269 0.168304
810.000000 575.061890 192.449097 14.874878 41.708008 0.066058
840.000000 17.835133 217.410202 20.913658 57.486343 0.129435
870.000000 481.392426 146.710022 18.139893 41.273621 0.110818
870.000000 485.788361 177.563950 20.968018 47.914764 0.052557
900.000000 481.930511 148.293243 15.627563 39.592957 0.063794
960.000000 576.236450 226.178452 21.062012 52.998184 0.054444
990.000000 544.227905 201.505615 15.853516 37.524933 0.588232
990.000000 488.899506 176.547699 17.320618 39.940399 0.548785
990.000000 574.954529 226.875870 22.759888 55.150253 0.151417
990.000000 482.522308 148.347137 14.001648 35.238464 0.106536
990.000000 485.467102 175.994156 25.741089 56.921631 0.090150
990.000000 536.928284 200.461517 25.131104 58.151276 0.072600
990.000000 559.757202 195.377823 16.238037 43.175293 0.065086
1020.000000 20.178436 222.909485 17.595726 44.705994 0.115257
1050.000000 543.852600 201.287872 16.709106 38.564514 0.641238
1050.000000 487.191711 176.131470 19.061462 46.575714 0.485997
1050.000000 573.713196 226.276428 24.742676 61.985352 0.482929
1050.000000 566.452026 184.728485 20.582031 51.817169 0.250663
1050.000000 560.245789 195.685562 13.679810 34.957550 0.170425
1050.000000 21.328777 221.915680 14.366566 35.546417 0.103358
1050.000000 568.462219 186.452103 14.564575 34.114594 0.068871
1050.000000 577.546082 226.533768 15.031494 40.125687 0.063973
1050.000000 493.254181 178.148071 14.302429 32.729889 0.055163
1140.000000 12.960404 229.148468 16.464134 43.428314 0.133337
1170.000000 566.270935 184.297089 23.248901 53.401031 0.820604
1170.000000 542.077759 200.426666 17.848267 40.606445 0.273927
1170.000000 576.820068 192.161255 17.591187 44.454559 0.175715
1170.000000 27.940212 206.440125 18.521164 47.429993 0.133579
1170.000000 490.529541 176.891098 17.332214 44.065063 0.096266
1170.000000 560.336853 194.851898 16.223755 39.782257 0.093294
1170.000000 480.972626 146.176834 17.656921 40.750549 0.069635
1200.000000 561.546143 193.802109 15.804932 41.000885 0.292911
1200.000000 543.930847 200.496750 17.120361 38.893890 0.134303
1200.000000 567.463196 185.057159 21.183472 51.779327 0.101718
1200.000000 490.278809 177.360306 17.714355 43.417755 0.071366
1230.000000 14.284541 230.714844 15.570443 42.457336 0.132283
1260.000000 12.934692 230.195999 15.913139 40.110855 0.311957
1290.000000 541.702209 200.356491 19.765625 40.044434 0.140126
1290.000000 490.008972 177.970276 16.249878 39.476715 0.074797
1290.000000 507.202240 182.490158 17.044586 40.609467 0.057602
1290.000000 16.597111 238.431030 13.522633 32.150543 0.057183
1320.000000 567.864746 183.771057 22.636597 53.937378 0.649909
1320.000000 543.328064 199.742859 16.557617 39.440186 0.616752
1320.000000 488.572418 176.960999 18.919067 45.745636 0.574856
1320.000000 490.839752 177.777161 13.103638 31.800568 0.237219
1320.000000 560.825806 194.911957 16.898682 42.659790 0.209438
1320.000000 537.680298 198.780396 23.944214 57.871490 0.183712
1320.000000 577.076416 192.062866 18.052490 44.298035 0.083555
1320.000000 481.092468 146.084595 17.024963 39.725800 0.075181
1320.000000 548.687256 198.965179 14.956665 34.583679 0.071744
1320.000000 575.116516 225.190811 21.228760 55.833145 0.070225
1350.000000 489.933411 178.076019 16.254700 36.992065 0.308537
1350.000000 481.619873 144.804977 16.689331 39.688385 0.248700
1350.000000 13.862183 232.322510 15.386803 40.429260 0.132971
1350.000000 477.943542 139.670380 23.404053 59.530457 0.068044
1350.000000 484.988434 177.144714 25.813171 59.156799 0.061194
1380.000000 566.463989 184.548218 22.987183 53.259552 0.484176
1380.000000 544.492676 198.017715 16.955933 40.467285 0.399185
1380.000000 539.035278 197.949173 24.341553 61.028397 0.272371
1380.000000 491.565979 178.179169 15.545227 36.042847 0.253321
1380.000000 560.017212 196.025162 15.093506 35.285431 0.138054
1380.000000 488.234131 176.924103 22.542786 53.369537 0.118609
1380.000000 567.583008 185.472015 16.035034 35.735626 0.065442
1380.000000 480.874329 145.352585 17.491638 40.325012 0.061725
1410.000000 490.060364 178.370804 15.711792 37.015259 0.393777
1410.000000 569.530945 190.916565 20.319336 47.036011 0.271791
1410.000000 480.251495 144.746994 18.679688 43.160126 0.160657
1410.000000 549.313843 199.644150 14.106445 32.200989 0.134943
1410.000000 543.846313 199.975052 13.309570 31.179840 0.108003
1410.000000 487.477539 177.374695 22.699646 55.769257 0.104569
1410.000000 14.314238 231.241089 15.956200 41.504303 0.082602
1410.000000 503.010223 181.731567 18.206085 45.113342 0.072706
1410.000000 573.337341 226.831467 21.051758 55.684341 0.066272
1410.000000 560.110352 194.820999 17.197510 45.000427 0.063681
1410.000000 573.237854 191.871201 13.498291 34.646729 0.059510
1410.000000 561.811890 195.909714 12.018066 31.440765 0.054437
1440.000000 567.438110 185.926727 22.535522 51.898743 0.732908
1440.000000 543.369080 199.862549 18.548950 40.561615 0.325325
1440.000000 481.061584 146.073898 17.744263 41.520691 0.065993
1500.000000 570.549683 191.415878 19.758179 46.303894 0.838394
1500.000000 560.712402 195.616959 14.164429 36.478668 0.355272
1500.000000 537.952332 201.964401 17.050903 38.815155 0.081229
1500.000000 564.093201 188.737823 19.194458 48.212646 0.070259
1500.000000 0.000000 214.361633 11.266020 64.887543 0.051399
1560.000000 574.304993 227.896057 21.901001 54.599640 0.169329
1560.000000 561.560913 193.466507 16.877075 42.172150 0.063723
1590.000000 568.272400 184.762070 21.576416 52.716644 0.366175
1590.000000 575.779297 191.557861 17.786743 45.899841 0.247730
1590.000000 55.153526 239.109543 13.540359 31.840927 0.151412
1590.000000 68.105743 229.936661 13.782883 30.109634 0.093961
1620.000000 62.690853 242.859055 13.244137 33.725998 0.245517
1620.000000 56.930325 243.051910 12.746494 31.804016 0.069824
1620.000000 574.741272 230.161926 20.478271 50.805115 0.052737
1620.000000 125.991188 210.046341 16.970543 42.328033 0.051389
1650.000000 183.970871 201.078644 14.959167 34.318390 0.088864
1680.000000 35.301434 224.300278 14.515152 36.007492 0.537645
1680.000000 615.304443 208.847260 20.562622 53.720459 0.195072
1680.000000 621.050110 207.228577 17.933105 43.956573 0.129232
1680.000000 611.540466 210.211594 18.819458 39.669952 0.097216
1680.000000 29.080629 226.288971 18.597342 44.347473 0.085441
1680.000000 606.289001 201.458099 25.951538 65.269501 0.078040
1680.000000 188.986816 142.577576 14.989563 34.968719 0.070760
1680.000000 120.201324 228.217560 13.926773 34.236633 0.070205
1680.000000 134.013458 230.776382 14.661072 35.826157 0.063808
1680.000000 615.573792 202.895996 23.437622 94.143066 0.054162
1680.000000 115.250900 154.457718 14.625504 33.382751 0.053660
1710.000000 567.182678 247.029694 15.065430 35.746582 0.679834
1710.000000 322.774933 247.590561 11.124573 30.785416 0.498116
1710.000000 614.919861 245.650772 20.112915 52.856155 0.422219
1710.000000 613.269226 202.423752 26.730774 99.107315 0.381706
1710.000000 332.920227 248.040359 10.745056 28.586838 0.377867
1710.000000 75.647972 220.971558 17.647751 43.024597 0.301029
1710.000000 342.744049 239.198502 13.963562 34.945816 0.215160
1710.000000 104.713966 211.235565 13.431702 33.360901 0.188399
1710.000000 314.472504 254.185760 11.833435 26.308716 0.185816
1710.000000 115.861053 221.558289 15.578995 38.187286 0.167839
1710.000000 82.674416 222.324036 13.791306 31.671539 0.151931
1710.000000 317.237244 246.434006 13.584778 33.665176 0.148385
1710.000000 565.045715 245.618866 19.270386 56.960938 0.147415
1710.000000 338.708130 246.816666 10.790344 28.638931 0.140083
1710.000000 66.436417 216.679047 28.992599 69.280457 0.124359
1710.000000 499.315216 249.350784 14.572601 34.631302 0.094262
1710.000000 618.716431 204.292511 18.370728 70.347595 0.091079
1710.000000 190.878967 262.483643 14.468140 38.076599 0.071872
1710.000000 558.502136 246.811874 13.313232 29.825089 0.067838
1710.000000 624.769104 245.885468 15.230896 53.785095 0.062203
1710.000000 98.007454 223.265976 16.102203 36.088516 0.062159
1710.000000 473.814972 248.221954 9.626526 23.132141 0.057017
1710.000000 619.560425 175.373413 19.963623 247.069275 0.050592
1740.000000 156.072083 250.420502 13.836029 34.789490 0.067165
1740.000000 131.128754 247.920807 14.924072 38.467102 0.060838
1770.000000 450.431061 214.033829 30.821289 68.430222 0.413011
1770.000000 534.140076 98.149178 14.026489 29.752151 0.252551
1770.000000 470.308960 216.732361 22.682922 53.555328 0.202600
1770.000000 447.149994 215.439484 22.219666 57.126678 0.187691
1770.000000 531.627808 97.744415 18.893921 44.278656 0.113271
1770.000000 478.682434 216.344116 20.125061 50.058441 0.110690
1770.000000 405.945587 183.776337 33.009094 76.656097 0.110128
1770.000000 519.697449 99.134941 17.498413 40.906380 0.106042
1770.000000 502.284546 211.179657 22.112793 59.364349 0.080977
1770.000000 465.892517 216.013229 19.565063 47.986862 0.066680
1770.000000 472.663452 218.889191 15.858948 36.381439 0.059570
1770.000000 540.680054 204.770782 16.574341 38.799500 0.052861
1770.000000 466.477356 213.033066 13.044983 31.005432 0.051407
1770.000000 513.495300 89.162354 17.657715 40.997910 0.051054
1800.000000 14.258351 217.201981 29.820457 61.741531 0.156172
1800.000000 18.844231 217.589676 21.165756 42.357101 0.104179
1800.000000 478.667145 148.817673 22.919189 50.985962 0.080782
1830.000000 225.638260 125.902176 17.296875 40.080292 0.143581
1830.000000 621.670654 68.509201 14.352905 37.564682 0.115622
1830.000000 156.751663 30.629780 16.361389 37.125286 0.110355
1830.000000 189.882202 207.539780 12.244171 30.818665 0.103968
1830.000000 414.372559 207.545654 15.400146 34.799561 0.095384
1830.000000 556.093506 193.745529 12.880859 32.039703 0.090852
1830.000000 15.321008 212.861160 14.157905 34.528412 0.077386
