30.000000 266.905701 113.384918 12.229614 28.762970 0.406357
30.000000 551.489746 213.330551 13.793945 33.227570 0.312888
30.000000 197.069595 107.792282 14.400055 35.247299 0.280129
30.000000 307.993591 142.451279 11.138428 24.927612 0.235662
30.000000 98.940994 217.664307 13.109299 28.261749 0.229502
30.000000 263.700439 114.367134 18.148682 42.948631 0.218161
30.000000 194.191818 108.378120 12.339844 29.568657 0.172307
30.000000 249.426987 117.521988 14.085312 33.074951 0.117398
30.000000 277.023102 111.496185 15.714355 37.892761 0.109928
30.000000 338.076447 146.362015 11.247559 28.327576 0.109402
30.000000 210.070633 117.995834 11.730164 25.831268 0.108069
30.000000 275.804810 118.052162 19.986206 49.192604 0.106312
30.000000 72.014503 216.167953 12.660812 30.497101 0.092858
30.000000 187.624390 108.267059 20.196442 46.707886 0.079722
30.000000 182.354202 114.362625 12.830505 30.421112 0.066685
30.000000 189.115479 109.009140 14.341248 32.736221 0.056205
60.000000 626.396423 215.619629 13.552734 37.070282 0.249976
60.000000 573.587219 153.079788 14.237061 32.500793 0.131424
60.000000 480.971771 158.428741 14.110657 31.911102 0.119902
60.000000 268.981842 103.073433 15.406860 33.706062 0.100986
60.000000 478.337311 184.790329 16.796936 37.711060 0.094269
60.000000 602.067688 190.120361 12.472168 29.541107 0.094226
60.000000 102.551727 174.255585 14.501419 35.726227 0.091277
60.000000 446.090546 216.598068 15.134705 36.734314 0.087486
60.000000 179.257812 97.338303 18.916077 42.898758 0.077746
60.000000 295.760132 186.356125 13.160461 32.126648 0.059197
60.000000 437.315979 186.367889 16.420227 37.526001 0.055178
60.000000 541.576538 215.453506 12.530762 30.743195 0.050645
90.000000 19.591789 188.157135 24.871742 58.594147 0.420112
90.000000 257.095398 93.008995 12.633728 29.412857 0.347827
90.000000 0.000000 194.120270 14.537481 37.506104 0.265349
90.000000 270.234131 90.252335 13.824036 30.724457 0.211357
90.000000 6.303051 179.238174 15.556534 40.192932 0.190764
90.000000 25.531643 187.043121 14.636887 36.091583 0.181544
90.000000 483.449341 178.894760 15.552856 34.924683 0.177975
90.000000 502.886871 180.397400 23.356232 55.848267 0.154894
90.000000 14.031559 198.285568 21.118557 48.094269 0.131302
90.000000 240.695618 95.088913 13.551727 32.766190 0.113573
90.000000 476.695099 175.512283 25.035278 56.035858 0.110890
90.000000 508.740784 179.908981 16.125122 37.320129 0.110720
90.000000 421.125702 169.291946 14.065308 34.272034 0.109977
90.000000 471.251526 177.681122 12.908020 31.080841 0.108245
90.000000 219.629761 106.544647 12.926147 30.540543 0.094173
90.000000 602.700317 223.365417 13.716431 32.667389 0.091863
90.000000 178.280045 98.363914 13.107178 28.813080 0.077960
90.000000 413.918671 171.891083 13.987854 33.108795 0.075864
90.000000 541.235596 219.816345 12.654297 31.437927 0.073516
90.000000 611.833740 141.604523 15.449585 33.399292 0.072900
90.000000 597.984131 222.898880 20.266846 44.399765 0.067648
90.000000 593.216248 223.506104 13.572754 33.115356 0.066137
90.000000 5.325293 188.811264 18.226219 46.592072 0.062199
90.000000 478.132751 174.599274 15.443726 36.804230 0.058741
90.000000 489.051880 179.967377 13.919800 32.397095 0.054190
120.000000 249.263397 74.768776 13.496399 33.136230 0.521276
120.000000 259.682465 72.598816 18.161255 44.181885 0.413348
120.000000 108.495857 119.021072 38.931664 91.648773 0.228479
120.000000 592.948242 119.481842 15.936646 38.416351 0.211903
120.000000 136.109116 104.873924 17.773773 42.852028 0.201163
120.000000 395.408234 172.713943 10.914429 27.110596 0.149319
120.000000 483.472168 180.326340 14.780151 33.827423 0.126420
120.000000 470.091644 185.214249 13.762268 34.112762 0.101039
120.000000 146.016708 74.753700 20.401276 48.194382 0.100474
120.000000 478.547943 181.449234 14.341003 34.654388 0.098370
120.000000 224.368378 79.129578 24.403473 58.809769 0.071388
120.000000 245.148849 74.594276 21.047104 52.268082 0.066849
120.000000 551.123718 73.617905 16.268555 38.136047 0.063466
120.000000 215.366852 89.217697 13.173676 31.689804 0.060662
120.000000 32.499214 117.186287 18.245499 45.674812 0.057430
120.000000 132.829544 94.015038 18.375488 44.140205 0.056593
120.000000 111.266212 145.546585 28.171684 63.240112 0.054063
120.000000 131.058792 97.243393 25.088135 69.343201 0.051090
150.000000 248.491959 57.626709 16.609329 37.617508 0.742555
150.000000 234.279633 60.901997 15.053711 34.475613 0.371385
150.000000 216.408875 63.613770 15.478760 35.096680 0.250734
150.000000 122.135063 63.895603 12.506538 31.279797 0.250152
150.000000 467.901154 178.518677 11.637512 27.510620 0.188276
150.000000 241.323669 67.363892 13.595123 29.749222 0.183144
150.000000 476.313538 178.978119 12.219543 27.458221 0.164334
150.000000 147.023529 50.339958 14.277435 34.949371 0.131571
150.000000 130.438309 59.008999 18.452576 41.001896 0.127741
150.000000 130.138062 59.419403 12.875427 27.917679 0.111799
150.000000 423.664948 179.506332 18.206909 42.930511 0.105465
150.000000 145.987473 60.553223 17.823669 41.381866 0.103489
150.000000 230.176086 176.576294 11.758301 30.503448 0.099730
150.000000 442.721100 50.137733 16.639832 35.889923 0.085511
150.000000 577.127808 61.448002 10.441040 24.653027 0.082675
150.000000 477.332520 178.893295 16.728882 40.014374 0.075096
150.000000 321.021790 177.104324 12.391418 30.333099 0.070238
150.000000 418.284271 178.729492 29.606140 69.347412 0.069890
150.000000 137.031464 58.338547 14.027252 32.100571 0.067429
150.000000 582.104004 21.062748 30.039551 73.545044 0.055659
150.000000 117.498436 65.443481 16.292442 39.805771 0.054492
150.000000 50.561527 86.274094 17.118816 41.460724 0.053201
150.000000 56.021294 90.289375 17.796600 41.357262 0.051932
150.000000 466.983856 16.609650 26.702881 63.700256 0.051314
180.000000 128.000000 174.970612 18.231964 43.321625 0.236338
180.000000 121.362831 175.447693 18.165611 46.064056 0.148089
180.000000 74.523849 189.229111 17.233795 40.262878 0.127942
180.000000 482.805664 167.797638 11.985901 27.239532 0.076197
180.000000 572.529541 169.907272 12.986816 27.713837 0.074218
180.000000 131.227844 173.711975 12.983063 30.463684 0.073396
180.000000 464.637146 168.948715 14.353210 33.807556 0.058732
180.000000 146.268112 36.224640 12.257904 23.712975 0.053577
180.000000 432.824738 168.804062 12.507812 30.045532 0.051339
180.000000 121.680130 173.306107 13.865234 32.430054 0.050551
210.000000 463.379608 149.554855 17.885132 43.536102 0.567972
210.000000 206.742462 162.254333 12.065735 29.836243 0.305107
210.000000 564.819397 167.676544 12.086426 27.333771 0.159714
210.000000 486.343353 152.004913 19.647766 46.752167 0.130580
210.000000 489.997559 153.786606 14.176697 32.361633 0.110113
210.000000 459.362061 151.447495 25.458008 60.617737 0.098827
210.000000 422.076202 148.081940 18.169800 45.915222 0.093234
240.000000 457.715973 148.257019 16.075500 35.365021 0.377389
240.000000 473.866333 142.874481 17.428284 40.735443 0.286225
240.000000 416.721649 147.150284 20.617249 51.791229 0.172852
240.000000 422.363922 148.456482 14.137634 35.915619 0.158507
240.000000 453.614868 148.073059 23.412354 53.137695 0.115752
240.000000 416.373718 148.991943 14.489990 35.712982 0.097022
240.000000 436.146423 142.613571 20.201172 49.703094 0.096532
240.000000 238.789581 26.350386 18.685608 41.090889 0.094572
240.000000 408.814178 157.934875 13.797058 32.306122 0.092427
240.000000 470.931366 141.518204 24.434814 59.518677 0.091052
240.000000 343.745392 151.801300 11.852600 31.072113 0.085321
240.000000 88.825859 23.315512 13.689102 29.574640 0.074409
240.000000 397.575195 166.812195 10.967041 23.394409 0.068778
240.000000 282.596466 155.547104 12.522583 31.179840 0.061022
240.000000 222.757446 30.158421 16.959045 38.871609 0.060623
240.000000 403.158447 160.385056 11.521118 28.730927 0.054995
240.000000 409.243652 155.097214 21.423279 48.406433 0.050915
270.000000 597.483215 170.575424 15.613281 42.610626 0.122694
270.000000 450.459839 145.888382 15.340759 35.489838 0.073268
300.000000 600.400269 106.051949 21.676147 48.631020 0.612250
300.000000 475.311401 161.980637 16.566650 39.108307 0.182545
300.000000 596.398743 104.807114 29.214600 74.749908 0.166896
300.000000 414.883484 180.504929 15.331665 37.582306 0.164970
300.000000 627.012634 106.723907 12.956665 44.247559 0.146301
300.000000 519.643066 144.298874 18.670898 45.956848 0.083189
300.000000 545.872375 189.013794 14.217651 35.272003 0.068388
300.000000 473.624268 161.564911 26.510620 62.833984 0.057869
300.000000 621.961975 106.393745 18.005981 68.436638 0.057551
300.000000 492.655121 162.635132 20.234833 45.248199 0.055368
330.000000 545.549133 197.528763 11.637451 29.063721 0.535225
330.000000 532.219177 198.564041 12.772949 32.925812 0.301256
330.000000 547.078308 186.580521 14.797363 36.736603 0.184911
330.000000 140.353088 183.924316 13.582153 33.177124 0.151250
330.000000 446.090973 196.642029 12.253784 31.386749 0.127344
330.000000 564.039978 188.639542 12.662354 30.375366 0.115139
330.000000 461.080780 162.499222 14.215332 34.510498 0.087042
330.000000 539.882629 198.699554 11.294556 28.061676 0.078260
330.000000 439.672211 193.631287 16.585754 40.107635 0.051617
360.000000 443.353973 161.628525 21.284058 50.409760 0.663995
360.000000 482.393097 163.695282 19.140564 45.167877 0.306398
360.000000 445.255005 164.558289 14.293274 34.295990 0.273940
360.000000 448.991394 161.654816 15.122192 33.830475 0.145351
360.000000 157.809464 185.664581 12.324402 31.347900 0.116388
360.000000 451.026794 157.102768 25.155640 59.937744 0.109340
360.000000 426.758240 178.649261 14.792236 37.450989 0.094886
360.000000 622.928040 189.420349 14.077759 39.387695 0.087727
360.000000 456.585083 157.109070 18.091675 40.976562 0.078394
360.000000 538.055359 187.877197 15.039917 34.516113 0.070279
360.000000 626.127808 172.760010 13.828003 49.227844 0.064651
360.000000 606.272156 182.695251 11.069092 26.551849 0.061482
360.000000 486.943390 163.200333 13.140137 29.333496 0.051955
390.000000 438.734192 166.856735 15.400696 36.641571 0.491440
390.000000 449.185455 157.900833 28.860901 72.374115 0.237765
390.000000 457.388489 157.220520 15.720825 36.469543 0.211457
390.000000 460.427490 194.487030 14.427246 35.916138 0.189834
390.000000 489.203156 164.659149 22.193787 48.994812 0.165009
390.000000 486.141388 164.266159 17.016418 37.622925 0.143081
390.000000 451.821960 165.771683 16.124817 38.951447 0.115512
390.000000 382.569611 170.793930 11.490356 28.691040 0.106613
390.000000 444.312592 168.076599 13.316345 29.583801 0.081418
390.000000 623.838745 190.872696 13.040649 36.100006 0.068352
390.000000 550.348450 180.254211 19.208862 47.659393 0.063683
390.000000 435.193329 171.290085 14.033081 33.454468 0.055112
390.000000 99.597313 198.911194 9.959259 25.509430 0.050011
420.000000 475.999084 162.109589 21.039917 49.476807 0.220746
420.000000 567.279724 157.945297 12.203125 29.914032 0.195770
420.000000 610.584106 123.941452 29.151733 71.170105 0.194296
420.000000 438.539124 159.233398 16.403442 40.566193 0.170958
420.000000 615.651855 124.090416 18.383423 46.142723 0.151538
420.000000 116.727493 194.115616 12.375717 31.256897 0.139450
420.000000 0.000000 179.193024 9.320284 43.193726 0.126763
420.000000 457.309113 146.167984 27.343811 63.549103 0.114799
420.000000 478.159302 161.822968 15.001831 33.295898 0.111048
420.000000 433.976532 157.865845 24.974976 61.884796 0.108509
420.000000 63.602978 176.418945 15.453289 38.646851 0.061092
420.000000 447.145416 155.755356 17.785034 45.150574 0.053780
450.000000 449.763092 147.493744 22.928162 58.122925 0.395814
450.000000 453.786621 147.691910 16.354675 39.631836 0.147020
450.000000 441.504059 152.929092 19.312134 45.880432 0.128843
450.000000 463.143219 159.832504 16.531311 38.218933 0.115122
450.000000 441.252747 144.849106 33.954651 86.365723 0.093821
450.000000 192.834442 177.955917 12.080048 30.206146 0.085019
450.000000 74.424629 190.242783 16.359314 38.125061 0.068262
450.000000 458.014893 157.169510 22.713379 55.703156 0.062357
450.000000 94.245621 177.410507 15.951035 38.496674 0.059175
450.000000 135.842041 177.881744 12.179626 31.541687 0.054434
450.000000 453.217590 140.118149 13.307556 31.669861 0.052889
450.000000 458.607086 138.587967 23.053467 56.262177 0.051374
450.000000 465.671112 149.615891 13.066833 31.671234 0.050799
480.000000 249.592926 148.890823 20.100586 51.450439 0.619270
480.000000 338.382019 152.413910 17.066223 39.735596 0.542810
480.000000 268.419312 152.254822 20.104004 48.240051 0.483429
480.000000 277.432495 150.980148 19.110596 46.398590 0.440797
480.000000 334.099945 150.179825 24.440125 59.061432 0.374962
480.000000 624.291077 168.813354 12.952759 31.325623 0.288056
480.000000 281.836823 155.122742 12.492981 30.644287 0.156259
480.000000 376.754272 142.524506 20.320007 50.115967 0.151316
480.000000 373.943390 149.842651 12.599792 31.425385 0.104299
480.000000 420.958710 150.795868 14.487854 35.068054 0.096169
480.000000 255.648071 147.707275 19.046814 43.806274 0.086876
480.000000 81.628616 191.294220 10.926605 25.014374 0.083670
480.000000 156.386093 178.404068 12.949432 31.892914 0.083263
480.000000 560.999451 154.959641 11.143188 25.581451 0.072831
480.000000 445.979645 185.300003 15.843506 35.795837 0.069715
480.000000 168.559387 166.971481 13.969971 34.536163 0.066754
480.000000 386.655579 151.493057 13.580200 30.814789 0.065418
480.000000 448.039032 173.829361 14.225708 31.897827 0.054803
480.000000 176.687225 173.283630 15.047852 38.887787 0.054420
480.000000 21.583549 169.499298 14.537712 35.125702 0.054150
510.000000 559.901123 189.279846 15.366089 34.560577 0.313826
510.000000 23.727386 176.969116 15.575764 37.527588 0.256719
510.000000 562.130127 186.246811 19.215942 45.203918 0.247159
510.000000 434.663116 174.185669 10.586060 24.552399 0.173104
510.000000 577.562500 191.870148 13.881958 30.280975 0.170565
510.000000 32.664227 185.404816 15.691971 29.417419 0.111416
510.000000 406.330902 171.196182 20.538635 54.938293 0.101317
510.000000 347.214661 145.022064 21.128601 53.779877 0.086832
510.000000 382.640076 153.021988 18.612366 46.429840 0.079199
510.000000 570.087830 179.364304 22.433350 58.045898 0.061467
510.000000 401.064758 164.574493 13.959229 30.007294 0.057310
510.000000 200.906677 178.778015 11.586670 27.452820 0.056208
510.000000 129.283661 160.029572 13.562988 33.001160 0.050201
540.000000 289.418457 175.756348 16.513184 40.244659 0.311237
540.000000 293.738312 183.385574 16.173706 39.868835 0.199085
540.000000 282.382202 186.849701 11.340149 27.323120 0.163220
540.000000 22.581215 158.822723 16.903858 40.462006 0.162781
540.000000 352.686493 145.313538 19.085144 49.747864 0.092816
540.000000 54.231922 161.358047 15.106594 34.004303 0.092458
540.000000 98.445358 158.477463 17.478226 41.753540 0.075958
540.000000 346.339783 142.358994 29.526733 75.512268 0.053138
570.000000 7.938311 101.458397 37.750053 103.318001 0.703168
570.000000 86.790619 108.043221 36.875519 92.308250 0.144669
570.000000 212.188400 163.709991 26.000610 64.748108 0.102169
570.000000 493.851471 169.842072 10.895752 29.045288 0.074636
570.000000 535.720154 167.301956 11.711426 27.444855 0.057271
570.000000 0.000000 100.234909 27.261610 108.524536 0.056576
570.000000 72.342247 113.064896 26.198425 60.954224 0.054843
600.000000 78.194870 152.671417 24.170319 58.800598 0.345424
600.000000 503.140564 155.759613 13.758972 30.285522 0.278560
600.000000 178.266357 175.005081 12.248596 31.415100 0.243503
600.000000 536.364380 150.713913 12.612305 30.068878 0.188428
600.000000 565.066223 149.996628 11.979248 30.191437 0.155098
600.000000 471.019592 152.232559 16.820862 40.790710 0.135928
600.000000 618.799377 166.191422 12.822876 32.885925 0.132957
600.000000 571.999573 152.778442 11.741821 28.079346 0.103715
600.000000 68.124626 170.123413 18.214645 44.344055 0.092877
600.000000 370.763397 151.710266 24.207458 53.890167 0.075874
600.000000 23.237978 182.361969 14.415274 36.427612 0.055975
630.000000 13.437175 171.405548 17.005726 41.552063 0.493376
630.000000 547.064697 168.572250 13.802856 31.489868 0.338266
630.000000 434.184265 149.669006 13.158569 26.767059 0.165784
630.000000 20.207973 175.245560 15.174320 38.084198 0.156419
630.000000 561.693726 169.570953 13.151611 31.712097 0.083847
630.000000 449.674744 145.664536 17.974854 41.586945 0.072979
630.000000 0.018003 151.278381 11.977274 53.112152 0.071138
630.000000 11.324272 154.018768 25.560429 58.009216 0.069778
630.000000 538.167358 153.619522 14.324585 32.368195 0.067379
630.000000 9.210247 170.923752 15.050392 40.085602 0.067089
630.000000 570.117126 180.268768 22.627808 51.020020 0.054067
630.000000 581.784851 190.377777 19.085205 45.040588 0.053001
660.000000 537.142639 166.629257 15.067871 36.303650 0.518728
660.000000 342.197205 134.352173 21.539185 51.585663 0.421800
660.000000 557.661743 158.229294 12.521240 28.802002 0.333744
660.000000 608.202637 178.727570 11.825928 29.888306 0.198782
660.000000 533.102478 164.378754 22.093994 50.527069 0.196603
660.000000 353.440155 148.106003 18.636902 46.238220 0.114709
660.000000 583.529114 182.925232 11.973755 26.833801 0.105058
660.000000 23.226170 145.291824 18.667046 45.618378 0.080813
660.000000 348.084717 144.470688 26.463745 68.230072 0.070257
660.000000 349.438263 136.482605 15.022034 34.629639 0.063436
660.000000 594.483459 181.849030 17.557983 41.911957 0.061803
660.000000 61.689075 165.644485 13.033955 33.466553 0.060973
660.000000 527.477722 181.828537 15.027100 34.215942 0.057874
660.000000 602.685303 183.445221 20.180664 44.137939 0.057332
660.000000 356.194580 149.725159 14.054932 30.555878 0.055538
660.000000 376.603088 146.866470 14.050171 33.780518 0.052004
690.000000 14.675240 183.654785 15.083897 31.062988 0.548427
690.000000 0.877739 185.687927 13.094357 44.960175 0.373540
690.000000 11.336329 186.258041 13.627426 31.859711 0.330783
690.000000 522.722900 175.019745 24.020020 59.103851 0.308614
690.000000 505.813171 183.672821 15.773560 38.425568 0.278347
690.000000 600.321594 181.801331 13.609619 33.228699 0.228989
690.000000 491.636108 189.588684 15.749451 39.005615 0.205420
690.000000 371.960052 166.051956 14.928650 33.678833 0.175748
690.000000 501.684601 180.167847 23.426178 53.817078 0.149107
690.000000 267.397583 137.086578 23.990601 58.939026 0.110841
690.000000 597.604736 192.239029 18.543213 41.926727 0.101721
690.000000 590.976624 185.303528 13.130371 32.156982 0.101608
690.000000 528.840637 174.096085 13.478271 32.444824 0.095821
690.000000 320.657593 153.193130 18.614502 45.509521 0.090061
690.000000 482.251740 175.249878 10.521179 27.551147 0.086408
720.000000 539.146240 188.986221 13.414185 32.535706 0.504628
720.000000 545.233154 186.707657 11.776123 29.414307 0.450726
720.000000 208.423630 190.198730 12.431274 31.017334 0.269662
720.000000 524.902893 191.473038 14.745483 34.763947 0.236645
720.000000 197.196213 171.598007 15.669647 38.348785 0.195816
720.000000 422.474548 185.429779 13.656921 32.044617 0.168654
720.000000 462.122009 183.794815 10.559021 27.434204 0.104322
720.000000 167.188553 175.750275 15.160004 35.901703 0.100639
720.000000 174.809174 144.677795 23.872833 66.766388 0.090945
720.000000 217.737076 168.376968 15.501740 39.241638 0.088309
720.000000 187.826721 168.180130 17.357666 41.525452 0.059655
720.000000 471.305481 183.758820 12.796204 27.340790 0.050579
750.000000 613.912109 203.286575 14.539551 36.373779 0.386090
750.000000 93.474495 180.279343 16.327316 40.379364 0.321754
750.000000 386.039215 184.811310 18.030701 43.453949 0.283528
750.000000 120.408035 153.028595 21.030914 46.545990 0.278838
750.000000 69.169708 178.560165 18.319839 43.395813 0.271972
750.000000 502.330536 188.568390 14.200775 33.056335 0.238396
750.000000 577.674927 187.932373 19.197876 46.836945 0.208440
750.000000 342.157562 182.631180 17.436096 43.745300 0.182834
750.000000 85.431961 187.828979 14.129669 32.552094 0.171740
750.000000 496.506470 189.101624 21.875061 53.514282 0.160309
750.000000 620.152893 189.569519 16.905029 48.281677 0.154018
750.000000 370.456909 184.037216 14.301392 33.177368 0.141796
750.000000 118.438377 147.341095 28.038094 71.010071 0.121473
750.000000 305.994232 168.283340 15.203552 39.085724 0.111541
750.000000 56.283585 174.035629 15.054504 38.027954 0.100699
750.000000 384.985046 181.607330 14.720459 34.528320 0.086462
750.000000 60.133125 169.953140 25.303619 55.651642 0.084842
750.000000 230.954712 178.491089 15.075775 34.261292 0.082692
750.000000 432.070343 196.060989 11.847473 31.861847 0.079396
750.000000 378.143341 174.548096 21.890869 55.819824 0.072617
750.000000 296.711090 180.042374 13.129822 30.899414 0.070250
750.000000 479.935822 184.840439 14.240417 35.799866 0.064723
750.000000 434.865173 192.647232 12.563782 31.817444 0.061450
750.000000 406.404419 189.954132 18.525208 47.444794 0.060388
750.000000 95.385117 171.266251 23.646515 49.834900 0.058833
780.000000 541.258911 175.606842 18.832275 47.597565 0.822090
780.000000 393.889282 161.986343 23.627625 56.509949 0.627229
780.000000 466.342682 182.355896 15.431396 38.767365 0.488680
780.000000 300.520477 178.292145 15.673340 35.124786 0.338680
780.000000 371.263977 179.918961 15.399475 36.280151 0.321729
780.000000 397.370056 185.102188 15.107422 33.467224 0.288267
780.000000 230.470078 180.890305 17.063995 38.104401 0.275507
780.000000 49.355560 205.443619 14.593925 36.382629 0.271836
780.000000 431.257324 198.128128 15.588989 37.932098 0.219322
780.000000 309.733154 183.211227 14.003540 30.119354 0.185914
780.000000 216.618378 182.035034 16.108398 37.315735 0.149305
780.000000 400.702820 159.669174 12.960388 30.777557 0.131621
780.000000 291.294495 180.225861 15.613159 35.547241 0.130406
780.000000 523.124084 186.755035 14.827148 34.172028 0.123316
780.000000 198.468231 196.412811 12.514679 29.521637 0.119758
780.000000 402.285156 183.459732 15.449097 33.969330 0.118369
780.000000 359.850952 188.812515 11.665405 27.631836 0.105951
780.000000 127.151169 158.345795 24.220886 66.563232 0.105727
780.000000 294.627441 177.421875 20.691833 50.148193 0.095527
780.000000 347.768494 183.915085 12.310181 28.011780 0.094183
780.000000 175.230835 176.521423 14.086670 34.713013 0.089776
780.000000 343.529724 183.086700 18.642944 44.637787 0.087886
780.000000 376.332611 174.040039 23.492859 50.833252 0.084462
780.000000 182.459442 177.110046 13.301300 32.333893 0.081475
780.000000 107.591286 165.958786 17.693848 44.013733 0.068089
780.000000 356.061127 187.716476 16.838867 41.757202 0.066791
780.000000 207.823456 184.345215 15.869995 36.383606 0.063734
780.000000 306.684113 180.767227 13.213135 28.261505 0.061910
780.000000 356.390289 180.962341 10.900269 26.524475 0.060519
780.000000 69.971008 109.125443 14.585907 34.724960 0.060302
780.000000 375.948730 177.874008 16.568726 36.192230 0.051765
780.000000 480.416107 190.609329 12.790649 31.072052 0.050734
810.000000 561.486877 172.221313 19.615479 49.612366 0.979212
810.000000 464.873413 185.277969 13.350525 33.276703 0.607044
810.000000 593.855896 178.943542 22.224487 55.120636 0.566079
810.000000 11.387718 202.515656 12.169598 29.775757 0.396084
810.000000 117.768799 156.949966 14.223557 37.556213 0.338633
810.000000 586.164612 183.262466 20.603638 51.110260 0.164895
810.000000 56.786289 170.748886 19.513012 49.592468 0.133014
810.000000 26.652691 196.280640 15.547768 35.665497 0.129929
810.000000 475.541473 178.672485 15.324036 37.521057 0.108271
810.000000 346.044067 178.001495 13.397827 29.826447 0.105220
810.000000 273.153412 195.398224 12.667236 30.927429 0.099136
810.000000 107.898933 161.341934 19.499710 50.462128 0.098300
810.000000 126.798378 168.972763 14.508018 33.953156 0.096565
810.000000 432.416962 164.952423 24.757446 61.435455 0.080338
810.000000 38.094540 208.954346 12.591591 32.562958 0.079558
810.000000 33.335213 199.581314 13.628113 34.146362 0.076349
810.000000 602.387512 184.222366 14.927002 37.137207 0.075966
810.000000 529.106018 180.985901 17.490723 40.035797 0.072727
810.000000 232.366943 185.773453 14.093079 34.159668 0.071280
810.000000 111.111366 163.141800 13.725388 34.096680 0.064281
810.000000 387.681580 181.060913 13.369202 31.224731 0.063550
810.000000 567.964050 174.662628 16.229126 40.772003 0.059453
810.000000 301.265228 186.752869 12.761230 33.337982 0.052910
810.000000 134.203873 164.753845 26.866211 70.306915 0.052048
810.000000 377.597382 187.020386 14.160889 32.179291 0.051732
810.000000 258.269165 182.591827 13.862000 33.098297 0.051511
810.000000 589.751892 183.271194 13.835205 34.802704 0.051121
840.000000 556.578003 156.302551 27.299438 69.137177 0.954875
840.000000 574.352539 156.492966 24.868286 63.492493 0.791235
840.000000 500.782013 160.948593 25.782867 69.819061 0.416381
840.000000 79.473732 139.734299 29.882111 76.469147 0.301861
840.000000 53.800026 177.132812 17.460266 43.430847 0.128182
840.000000 506.779724 184.604187 15.266602 35.219879 0.088847
840.000000 315.426025 178.520493 15.579834 36.786743 0.087851
840.000000 68.852249 162.821091 16.683029 39.179047 0.082848
840.000000 32.741096 201.175339 15.568306 37.727478 0.077879
840.000000 491.053314 181.489883 13.100891 29.543671 0.075377
840.000000 20.025774 200.551117 18.987860 43.921478 0.062735
840.000000 441.813690 193.387131 12.104675 30.164093 0.052533
840.000000 86.332596 144.576797 21.822418 52.175415 0.051446
870.000000 571.715698 185.145248 15.154541 35.995636 0.660944
870.000000 575.922913 183.438370 16.509033 39.683350 0.645284
870.000000 542.369568 183.329987 14.211426 34.103912 0.571350
870.000000 58.777714 164.850159 19.453205 44.842072 0.244909
870.000000 386.320618 183.060303 14.447388 36.368225 0.184609
870.000000 532.843384 178.895615 16.580811 40.002716 0.173729
870.000000 77.410049 169.373108 16.347290 42.139221 0.166380
870.000000 582.536011 181.509384 16.400879 41.168274 0.137652
870.000000 314.942566 182.508057 13.561523 32.011261 0.116945
870.000000 115.992653 165.720001 14.841103 35.419708 0.107111
870.000000 546.767761 185.373611 15.915039 34.421844 0.101209
870.000000 239.960159 177.406143 12.302979 28.737701 0.094948
870.000000 572.699463 162.829620 26.316284 60.118011 0.078541
870.000000 504.102936 197.565903 12.875397 30.603271 0.073031
870.000000 40.971012 152.745453 17.849350 42.024445 0.059446
870.000000 85.190704 165.674347 17.657303 40.665131 0.059296
900.000000 40.589252 200.915878 14.866188 37.944153 0.395137
900.000000 30.212616 160.792099 13.939400 33.300171 0.355208
900.000000 147.139267 193.230835 16.135559 39.149261 0.341729
900.000000 79.202263 158.884430 21.986588 56.773071 0.276583
900.000000 81.796898 159.477921 15.344254 36.828888 0.127974
900.000000 7.151520 169.121216 13.715435 31.634125 0.111525
900.000000 51.281731 158.341156 14.016434 32.565704 0.105331
900.000000 0.000000 171.481262 11.531780 71.744812 0.075222
900.000000 0.000000 155.961639 19.274151 83.768738 0.062950
900.000000 601.642700 172.089310 28.374146 75.539825 0.058202
900.000000 603.448486 178.142120 19.224976 48.092438 0.054963
930.000000 64.158798 169.922852 14.993896 37.893341 0.258243
930.000000 142.600922 201.766937 15.925842 40.936371 0.248204
930.000000 398.869171 196.488663 12.936035 32.550964 0.123640
930.000000 53.824440 168.682373 15.895210 36.615509 0.111521
930.000000 101.584229 160.591827 12.926315 33.128479 0.097036
930.000000 32.717415 210.020905 14.665657 32.699524 0.082916
930.000000 619.050110 161.000931 19.225830 54.129639 0.077852
930.000000 468.379120 193.653564 16.858032 41.157471 0.059230
930.000000 191.855270 210.682327 14.436829 34.933289 0.053711
930.000000 63.426922 163.337860 13.118473 31.504242 0.053039
930.000000 620.144348 166.451523 14.272583 36.081543 0.052033
960.000000 12.952116 217.441391 15.994652 38.875656 0.285131
960.000000 128.607224 208.901810 13.585510 34.414551 0.234600
960.000000 99.378311 171.605408 15.085510 35.882324 0.223322
960.000000 10.171671 139.332291 27.222471 59.591339 0.207532
960.000000 404.777985 202.302689 15.233521 37.221771 0.148320
960.000000 42.863380 151.352325 18.259705 44.955872 0.137966
960.000000 54.901653 156.983307 20.753513 51.557770 0.111093
960.000000 225.473083 178.315353 13.712555 31.830902 0.094989
960.000000 37.963932 133.889343 27.792736 66.988586 0.089926
960.000000 294.605621 189.214539 14.325562 34.292206 0.085849
960.000000 94.147552 169.493729 23.887878 51.976044 0.078343
960.000000 20.707430 155.383194 19.671583 39.318878 0.068618
960.000000 58.788017 156.281464 14.859604 33.486877 0.066368
960.000000 546.945312 191.896194 18.514282 44.333221 0.065744
960.000000 0.000000 159.644196 22.349438 89.903290 0.058553
960.000000 92.032944 173.339127 13.530640 31.634003 0.053633
990.000000 534.955017 135.459686 39.064209 88.903320 0.314548
990.000000 366.638641 192.115921 11.315552 28.394775 0.134675
990.000000 139.442551 169.651840 15.330688 38.974854 0.130012
990.000000 97.905426 142.091827 28.774216 71.811981 0.117443
990.000000 75.066437 166.637863 19.124054 46.081787 0.108130
990.000000 0.000000 144.436844 20.077648 57.199554 0.101588
990.000000 328.598938 190.068604 14.671387 33.993469 0.098594
990.000000 599.981934 189.625992 19.330200 44.828033 0.079174
990.000000 317.966095 187.877289 12.598572 30.735199 0.070950
990.000000 567.653198 116.434532 30.501953 73.781227 0.061520
990.000000 103.005180 143.762848 18.633362 49.774902 0.054932
1020.000000 56.051003 165.687271 16.582596 40.095001 0.119468
1020.000000 143.374023 178.560318 13.543945 30.862122 0.102075
1020.000000 49.325439 163.636963 29.734665 70.415161 0.085295
1020.000000 510.546112 209.630951 13.431000 30.504242 0.079375
1020.000000 73.636963 164.608994 19.158310 48.475708 0.061894
1020.000000 461.646851 205.759598 16.069458 38.251648 0.060871
1020.000000 446.958252 201.520401 14.536133 34.548065 0.058153
1020.000000 207.676407 172.689728 11.378082 26.464722 0.056741
1020.000000 506.218018 212.631256 18.719482 47.952423 0.055245
1020.000000 63.103027 160.796722 29.926559 71.347076 0.055065
1020.000000 151.535828 187.378082 13.603729 35.689667 0.053875
1020.000000 58.725914 164.211578 21.973969 52.514923 0.053201
1050.000000 444.867737 166.955811 35.569641 87.072845 0.610175
1050.000000 96.305351 202.310974 17.811417 39.215240 0.440238
1050.000000 534.985413 184.364441 16.085083 37.113281 0.144885
1050.000000 206.715164 165.368744 14.330750 35.094788 0.131394
1050.000000 5.728009 183.713379 17.175228 44.247345 0.100101
1050.000000 349.522797 192.854462 12.749146 27.736908 0.075430
1050.000000 452.234100 166.143219 25.472168 58.639801 0.066887
1050.000000 300.023621 192.393250 14.248535 33.662689 0.061162
1080.000000 197.216034 166.408768 15.551544 34.826996 0.287264
1080.000000 123.323700 159.228455 15.983459 39.072693 0.224529
1080.000000 177.280014 184.860107 13.335846 29.213348 0.197883
1080.000000 350.819580 194.525177 13.817505 29.050354 0.184169
1080.000000 116.433403 159.703369 13.942451 35.564423 0.169529
1080.000000 581.035217 184.971588 15.498535 35.578339 0.134390
1080.000000 363.383972 190.198807 12.505798 28.234436 0.113923
1080.000000 548.447571 184.953537 15.473877 34.239594 0.098303
1080.000000 203.561920 159.534119 15.967743 37.948273 0.097599
1080.000000 224.227219 171.663361 13.380188 28.574768 0.081956
1080.000000 583.427734 189.817764 21.426025 53.382935 0.079512
1080.000000 566.329041 184.443008 13.956299 33.894104 0.075085
1080.000000 67.494553 145.528961 18.109726 41.834747 0.071542
1080.000000 341.252258 191.178223 14.429504 34.210175 0.066632
1080.000000 345.279236 183.980072 12.312805 28.093994 0.066380
1110.000000 572.613159 190.489822 17.275269 41.386688 0.509247
1110.000000 168.875519 184.165329 12.700317 30.286835 0.221766
1110.000000 39.681427 155.064453 14.610794 33.939758 0.182366
1110.000000 569.509277 189.256363 25.226562 61.536011 0.158483
1110.000000 499.000671 159.560944 23.992554 63.492798 0.145320
1110.000000 522.246582 178.479553 19.709595 48.692017 0.140651
1110.000000 434.751953 188.441925 12.222656 30.924133 0.127358
1110.000000 346.090759 182.480545 12.110107 29.377014 0.075994
1110.000000 150.300797 188.317886 10.637756 27.612579 0.070336
1110.000000 163.312592 184.495560 12.860626 31.439911 0.061489
1110.000000 576.700256 189.537247 12.503052 28.713531 0.059890
1110.000000 86.690475 145.134766 14.706970 36.599274 0.051301
1140.000000 446.126801 187.396561 12.952576 32.207306 0.300763
1140.000000 452.183868 186.867142 13.118591 32.668854 0.189788
1140.000000 128.958313 188.589417 12.639069 29.676117 0.150974
1140.000000 478.579742 190.026978 13.397888 31.770569 0.100771
1140.000000 161.347412 184.832001 11.921082 30.959808 0.096367
1140.000000 164.801483 189.924225 12.217865 29.280426 0.086872
1140.000000 475.361206 187.974579 11.550171 30.152924 0.071229
1140.000000 174.095428 191.593933 10.002319 25.197357 0.053414
1170.000000 304.418457 188.024551 11.711914 28.547913 0.307244
1170.000000 46.784569 186.525406 22.551048 50.513184 0.292404
1170.000000 65.020821 193.250168 28.131653 64.123306 0.108197
1170.000000 41.637287 185.580643 34.760983 70.670578 0.103880
1170.000000 271.831238 187.357880 12.564148 26.790741 0.096073
1170.000000 134.419571 185.986755 11.661499 28.662170 0.084389
1170.000000 511.326141 189.386383 11.954620 28.812164 0.080046
1170.000000 309.805786 183.872681 12.719971 32.094757 0.065405
1200.000000 25.617182 209.086990 12.224531 28.976349 0.230356
1200.000000 13.775108 210.644516 13.162338 33.990936 0.167088
1200.000000 305.330048 186.669571 12.748047 28.801666 0.079866
1200.000000 211.118179 161.502701 14.830017 36.544647 0.079670
1200.000000 559.177734 169.648804 13.343628 33.150818 0.073956
1200.000000 123.070053 189.793457 12.252655 30.185638 0.072134
1200.000000 135.850647 189.447739 12.343994 30.335114 0.060920
1230.000000 497.980316 178.547073 14.590729 34.624298 0.465272
1230.000000 577.831909 182.069870 13.184326 30.153076 0.445523
1230.000000 583.930420 165.567307 23.708008 60.723907 0.299132
1230.000000 552.718750 176.971161 15.190186 35.437134 0.287941
1230.000000 586.867798 163.870377 17.276489 41.451202 0.249330
1230.000000 565.662231 180.481140 15.730103 38.232513 0.242059
1230.000000 576.756775 181.168396 18.202881 47.618530 0.085081
1230.000000 590.883179 159.269379 22.617676 54.405029 0.076764
1230.000000 402.071838 178.090973 15.552795 36.130646 0.059747
1230.000000 203.279495 162.671341 14.281342 33.654358 0.053651
1260.000000 536.888672 170.538742 17.189087 39.388794 0.744530
1260.000000 559.012207 168.319214 16.073120 37.999054 0.460261
1260.000000 548.239380 170.481873 13.485840 36.570587 0.440167
1260.000000 429.663300 180.892883 13.590698 33.200806 0.291382
1260.000000 574.049500 175.438858 13.886108 31.593201 0.280199
1260.000000 74.600616 192.996246 13.316208 32.784210 0.269624
1260.000000 554.493896 173.587448 15.693726 41.488556 0.249634
1260.000000 448.488281 183.674606 15.128784 34.373810 0.170679
1260.000000 621.569275 174.318283 16.444214 40.387878 0.109437
1260.000000 94.255547 195.531326 14.605835 36.383820 0.083128
1290.000000 591.585449 161.682907 22.204468 53.218628 0.888933
1290.000000 447.677887 155.510574 25.031433 58.676178 0.327652
1290.000000 402.811768 178.181519 13.919617 36.819611 0.226800
1290.000000 600.055420 163.444214 19.340088 46.705933 0.213964
1290.000000 423.260071 177.075760 14.559692 34.985931 0.180685
1290.000000 5.340476 198.441803 13.973058 36.222595 0.164238
1290.000000 9.324564 197.872192 15.478062 39.563263 0.161760
1290.000000 620.717285 158.448242 18.098755 49.051483 0.143420
1290.000000 107.962097 156.055756 16.862823 40.105377 0.140429
1290.000000 610.265320 166.866470 20.709839 54.389465 0.102134
1290.000000 0.000000 197.078491 13.183442 39.436249 0.091616
1290.000000 164.250259 168.014282 16.397858 38.392120 0.069735
1290.000000 435.573517 176.785294 15.470276 36.461548 0.068181
1290.000000 102.274002 154.711548 28.285690 63.174072 0.061369
1290.000000 593.568726 161.843887 15.334473 36.364288 0.058513
1290.000000 585.567017 180.463745 18.053467 43.315430 0.055308
1320.000000 528.662720 202.468201 13.449463 30.658905 0.494592
1320.000000 503.538696 179.546646 23.692993 59.966644 0.460966
1320.000000 522.461731 201.410934 16.270752 38.324036 0.261928
1320.000000 508.684265 181.373749 15.252319 38.178650 0.190076
1320.000000 180.418915 137.130981 26.688232 67.832825 0.183325
1320.000000 439.453064 172.391266 22.005249 53.438507 0.159296
1320.000000 194.719528 168.858398 16.506714 41.987030 0.120576
1320.000000 443.039276 173.980759 14.006226 37.508057 0.107969
1320.000000 146.562073 154.064896 14.683533 35.827026 0.091032
1320.000000 450.836182 170.430756 15.523743 37.977020 0.088474
1320.000000 183.735718 141.376373 19.674042 43.686096 0.086873
1320.000000 444.739777 170.980362 24.321655 62.458069 0.085158
1320.000000 516.791809 200.032288 23.687866 53.126801 0.067543
1350.000000 0.000000 158.770370 14.527443 41.922852 0.221184
1350.000000 336.983856 179.820938 12.401428 28.909485 0.209845
1350.000000 17.543522 166.004181 14.363434 36.012878 0.188933
1350.000000 42.343197 191.560181 18.554413 43.964386 0.181084
1350.000000 43.490601 185.317230 14.284874 34.533813 0.121543
1350.000000 91.157349 94.490555 16.045364 39.300400 0.114316
1350.000000 24.960665 165.119461 14.506205 33.578430 0.109606
1350.000000 493.132111 179.707748 19.540924 45.861511 0.093268
1350.000000 333.530640 180.667969 17.849304 39.671967 0.089552
1350.000000 3.846193 159.134262 17.388226 41.354797 0.079994
1350.000000 579.471558 147.736511 17.586060 43.730011 0.078388
1350.000000 96.314331 93.244202 11.309891 29.916367 0.066078
1350.000000 508.606781 150.751923 16.954498 38.858704 0.059940
1350.000000 144.126968 151.243073 13.730225 32.291748 0.058588
1350.000000 300.519135 172.498169 13.474976 32.601288 0.050624
1380.000000 30.717190 176.300201 16.116714 39.703552 0.691261
1380.000000 27.701958 181.646332 24.837486 58.668365 0.171973
1380.000000 27.507235 189.287628 14.402121 32.880554 0.120606
1380.000000 47.990505 176.399414 15.060028 35.917023 0.105345
1380.000000 81.034439 173.824875 13.978958 32.685638 0.091754
1380.000000 36.453156 188.141937 15.404228 37.414520 0.083975
1380.000000 463.974915 0.218740 17.024597 23.563417 0.070401
1380.000000 414.308899 159.152130 11.102112 28.685181 0.051379
1380.000000 130.729721 154.932571 17.834229 41.227142 0.051024
1410.000000 589.377563 145.818588 16.297729 41.263245 0.657212
1410.000000 596.395386 139.327988 17.159302 43.847443 0.513353
1410.000000 21.246899 175.420151 19.494297 45.687714 0.467261
1410.000000 17.180496 174.024628 28.386040 72.672058 0.173070
1410.000000 33.511864 180.615067 14.409576 36.226379 0.136777
1410.000000 240.963501 174.177551 14.095825 33.925415 0.077072
1410.000000 527.001953 153.828354 11.738647 27.610535 0.068690
1410.000000 475.316528 169.531525 13.394775 34.136658 0.057716
1410.000000 302.162323 177.235260 14.880371 34.912170 0.051164
1440.000000 603.378479 141.385010 19.577026 47.790649 0.302657
1440.000000 614.859497 145.172409 15.793091 40.488983 0.226996
1440.000000 246.680298 120.603226 19.148254 45.003235 0.199288
1440.000000 227.376480 136.800568 16.033508 37.496857 0.165023
1440.000000 619.604614 132.278717 19.992310 55.401886 0.157859
1440.000000 468.995819 165.924652 10.420593 25.224976 0.156631
1440.000000 542.156616 153.403748 12.362793 29.468475 0.140162
1440.000000 626.178284 151.603195 13.721680 36.298859 0.138664
1440.000000 482.077087 148.456070 22.943604 56.425110 0.119576
1440.000000 156.338745 167.163132 13.949219 36.670258 0.094763
1440.000000 106.941444 196.058975 17.629486 41.225677 0.094563
1440.000000 151.689163 168.982590 24.782227 62.833038 0.091470
1440.000000 213.725311 142.512085 15.868561 37.390656 0.081772
1440.000000 562.653076 153.049408 11.555054 26.188141 0.081742
1440.000000 402.861115 163.823669 10.276978 25.018341 0.065976
1440.000000 236.903290 180.046585 13.991272 32.977203 0.057831
1440.000000 599.219666 153.994598 11.199341 26.782227 0.056734
1440.000000 517.950134 148.399643 14.020752 35.203430 0.051287
1440.000000 501.864868 148.146606 12.902588 32.801025 0.050106
1470.000000 503.213470 145.559097 24.160370 62.644653 0.566416
1470.000000 23.705704 166.591736 28.455147 68.279388 0.428766
1470.000000 473.451233 160.587067 14.001465 31.839630 0.326340
1470.000000 29.487015 164.976349 17.749588 43.932220 0.299724
1470.000000 554.805725 137.832703 17.261597 44.001068 0.235817
1470.000000 203.578323 168.226059 17.232971 41.390045 0.124915
1470.000000 94.651558 148.748032 15.452530 32.073242 0.066316
1470.000000 166.296280 115.811417 13.868042 32.770996 0.065934
1470.000000 483.115082 164.645721 10.467529 26.122498 0.063704
1470.000000 363.351959 170.867493 12.812317 29.475800 0.056795
1470.000000 190.603043 164.605606 16.119690 40.876312 0.056163
1470.000000 402.666901 160.624359 14.210632 34.698486 0.051245
1500.000000 356.141846 169.624115 13.232361 31.308929 0.254405
1500.000000 613.144714 136.749130 13.222656 33.836670 0.186564
1500.000000 144.408569 139.153793 17.993073 43.736755 0.139939
1500.000000 162.044922 152.612518 27.778564 67.681061 0.127725
1500.000000 142.217957 133.376709 28.032043 69.262146 0.106046
1500.000000 51.768574 83.256821 14.454082 34.124786 0.093701
1500.000000 143.216446 104.994507 16.233093 37.956543 0.080095
1500.000000 40.466293 75.728806 13.390259 32.493301 0.068331
1500.000000 173.516357 164.484482 18.708740 44.530121 0.067804
1500.000000 436.708740 155.914505 10.734436 27.593414 0.064705
1500.000000 30.114361 82.091087 13.947128 31.479355 0.062322
1500.000000 483.276764 165.905807 9.943298 25.097900 0.061675
1500.000000 470.319183 166.970749 13.105286 31.105774 0.059974
1500.000000 43.768436 81.573616 17.433578 33.743027 0.056717
1500.000000 168.174850 155.450119 17.814636 41.314453 0.054586
1530.000000 485.743591 164.856445 12.055115 27.234955 0.279527
1530.000000 30.189796 77.105392 14.707748 36.162811 0.238630
1530.000000 341.559357 173.134918 14.315552 35.114075 0.213824
1530.000000 147.030441 159.790588 15.276825 35.935638 0.175274
1530.000000 188.878799 176.945419 14.115753 35.213959 0.111931
1530.000000 491.106506 163.152908 13.640686 29.118103 0.105045
1530.000000 521.141418 149.833801 17.687134 43.698853 0.091931
1530.000000 383.150238 172.003738 12.669617 30.244415 0.087703
1530.000000 125.514244 141.199097 15.190987 36.202881 0.083937
1530.000000 421.831665 161.496918 10.710632 24.883148 0.073064
1530.000000 158.800812 160.829361 14.141724 33.177917 0.070551
1530.000000 605.499695 156.602524 12.524536 29.663177 0.069183
1530.000000 57.501911 149.653778 30.199894 75.061066 0.067238
1530.000000 470.190735 161.904907 14.993408 35.930298 0.060986
1530.000000 512.845276 147.084854 29.995850 74.938782 0.057255
1530.000000 185.412918 174.630142 19.763519 51.196564 0.051013
1560.000000 499.911957 164.413223 12.153900 29.646637 0.393878
1560.000000 1.120516 197.238983 48.753235 151.083984 0.332151
1560.000000 509.530151 168.502090 12.259155 33.718658 0.219567
1560.000000 485.318481 169.397797 12.507141 32.032043 0.190732
1560.000000 252.295883 180.934540 11.998062 29.014221 0.180474
1560.000000 513.068298 163.221069 17.746704 43.600983 0.156837
1560.000000 126.319298 179.761749 12.734184 30.716583 0.116326
1560.000000 513.243103 165.780655 12.725342 30.293762 0.108248
1560.000000 614.099548 156.314804 12.344849 29.557251 0.065558
1560.000000 171.944870 177.904724 15.135406 39.003723 0.061056
1560.000000 493.596313 163.485504 16.787048 38.002075 0.060336
1560.000000 508.081543 158.031494 15.124023 35.960632 0.057730
1590.000000 499.642517 150.409424 18.594543 44.149811 0.707168
1590.000000 513.491638 160.087433 14.371582 36.245209 0.451918
1590.000000 125.271263 158.138260 15.991951 37.207703 0.262788
1590.000000 517.556396 153.474594 14.716187 36.531219 0.172151
1590.000000 564.788269 136.782364 20.650513 51.295074 0.164442
1590.000000 527.735352 153.321045 15.697632 38.712128 0.109237
1590.000000 122.265678 156.621155 24.786858 59.797241 0.106496
1590.000000 382.917816 162.168762 14.000793 33.403381 0.102392
1590.000000 35.909176 154.386719 15.512390 36.885742 0.096770
1590.000000 242.643005 178.778030 12.901001 30.740112 0.093023
1590.000000 68.946213 176.316467 14.645538 36.746979 0.087940
1590.000000 586.694885 140.949951 18.217651 46.749298 0.077376
1590.000000 620.190186 141.102081 19.439209 68.661438 0.073246
1590.000000 292.048737 157.553909 25.342163 64.900909 0.071443
1590.000000 626.718628 142.980347 13.121216 43.965485 0.062956
1590.000000 183.153442 161.748459 16.015137 39.100830 0.060935
1590.000000 510.449463 158.867889 12.403076 30.824432 0.060190
1590.000000 86.814774 176.410400 14.579681 33.643616 0.059244
1590.000000 335.426971 179.097092 13.139465 31.392365 0.053358
1590.000000 497.198669 153.042786 14.374756 30.378174 0.052962
1590.000000 525.478333 162.341293 13.029053 28.720276 0.052384
1620.000000 538.005249 158.177963 15.409546 37.930939 0.693164
1620.000000 552.059998 152.503052 17.796997 41.812836 0.383257
1620.000000 522.603333 151.095352 15.324341 38.077393 0.266806
1620.000000 555.718750 150.513336 22.429199 57.851837 0.258572
1620.000000 78.621704 112.688438 11.943527 30.477165 0.241990
1620.000000 210.361038 159.396973 13.386780 32.894867 0.199371
1620.000000 66.142265 172.890213 18.651382 49.237640 0.110723
1620.000000 0.000000 179.961914 8.927055 43.969543 0.096554
1620.000000 544.989807 157.364853 11.251343 26.949036 0.086975
1620.000000 199.659836 155.752243 14.940552 35.562714 0.082704
1620.000000 608.337158 140.606277 19.595337 49.581879 0.080742
1620.000000 122.823822 170.065079 25.436768 59.777679 0.075831
1620.000000 119.593178 134.263443 13.028404 30.290894 0.073151
1620.000000 161.229736 171.531708 13.073486 32.697876 0.069601
1620.000000 70.796104 173.737534 13.277618 33.354675 0.065823
1620.000000 252.720291 163.340134 15.257126 35.827881 0.061354
1620.000000 7.065351 181.918976 18.178219 41.746368 0.060713
1620.000000 2.309566 183.924744 31.976154 79.998322 0.058793
1620.000000 558.141174 152.169571 14.876831 34.490692 0.056774
1620.000000 302.692413 160.864166 18.091858 42.672028 0.052468
1620.000000 58.297455 172.644501 29.028824 65.875397 0.051237
1620.000000 543.393799 157.440765 16.991455 42.781647 0.050784
1650.000000 544.721191 147.814026 20.192627 50.637939 0.573875
1650.000000 310.964294 161.605133 17.147949 40.057861 0.502388
1650.000000 583.876953 152.192017 25.379761 64.943970 0.290794
1650.000000 350.812286 177.195465 14.519775 36.598541 0.165462
1650.000000 436.707855 160.506653 11.127930 23.579132 0.160976
1650.000000 407.619293 173.909561 14.220581 33.365845 0.124368
1650.000000 586.169434 136.528320 33.933838 84.254761 0.118712
1650.000000 437.661987 164.151733 18.278381 46.865631 0.107772
1650.000000 42.387840 174.026581 15.643547 36.596069 0.105706
1650.000000 125.884476 135.595764 13.175049 31.169952 0.095164
1650.000000 432.377960 159.280823 10.629822 24.297211 0.089251
1650.000000 284.669037 165.364090 14.330383 34.614838 0.081818
1650.000000 305.259766 159.802322 23.804810 61.487518 0.074154
1650.000000 239.885468 177.027435 13.415100 31.987366 0.063129
1650.000000 136.281067 156.735916 20.862396 50.466217 0.057658
1650.000000 336.962799 154.573639 13.557068 32.356018 0.057370
1680.000000 558.334106 144.958435 25.364502 62.968262 0.645113
1680.000000 583.924805 155.511414 18.550537 48.603180 0.531203
1680.000000 312.697571 161.771332 17.941528 41.836639 0.471008
1680.000000 441.557068 163.753586 18.380310 43.719696 0.440538
1680.000000 600.275818 147.787140 23.411255 54.867889 0.378070
1680.000000 115.386635 170.312241 15.339760 35.916840 0.235922
1680.000000 132.736130 151.667969 27.490570 62.273254 0.227808
1680.000000 598.969604 159.161148 13.449463 32.161621 0.201705
1680.000000 595.090393 154.048218 21.046997 49.704529 0.185847
1680.000000 141.631561 158.293976 18.769958 35.911743 0.175004
1680.000000 427.448120 162.315170 11.401062 30.871979 0.171143
1680.000000 357.470337 183.218140 13.154175 30.715759 0.167643
1680.000000 419.649780 159.506149 16.801453 44.188232 0.162632
1680.000000 20.763849 197.801788 32.520096 76.176971 0.155520
1680.000000 419.534241 154.916061 12.497253 33.748596 0.148180
1680.000000 106.772659 178.073441 17.459885 41.183990 0.141454
1680.000000 309.274994 161.168701 25.508362 63.439148 0.137970
1680.000000 444.439636 167.406769 11.798035 30.959961 0.125309
1680.000000 285.236176 164.993317 14.335999 34.859802 0.125015
1680.000000 587.503662 165.431229 12.291016 30.706573 0.124282
1680.000000 566.440918 161.152664 20.118286 46.301270 0.122879
1680.000000 131.344788 160.855316 19.527344 46.100708 0.118736
1680.000000 619.122253 140.412476 19.550903 53.155640 0.114857
1680.000000 117.160408 165.760391 26.299828 54.635986 0.111908
1680.000000 228.370163 161.040253 17.071320 41.680084 0.098425
1680.000000 571.342590 161.739456 13.626831 32.454987 0.097519
1680.000000 110.619553 169.527328 26.691605 61.883820 0.093851
1680.000000 78.687897 116.579918 12.925201 30.366829 0.091220
1680.000000 431.179749 161.145447 11.030579 29.431274 0.090811
1680.000000 605.096130 146.097168 15.116943 33.735840 0.085180
1680.000000 195.759796 167.076965 15.782440 37.175903 0.060123
1680.000000 174.366730 165.415085 15.895691 38.780640 0.058432
1680.000000 61.723228 180.979614 14.830032 36.040802 0.056866
1680.000000 108.480042 175.211121 13.331116 31.157928 0.056554
1680.000000 440.356140 156.900314 13.691956 32.373413 0.053449
1680.000000 564.901855 152.532516 16.211304 38.829651 0.052171
1680.000000 625.888611 153.862061 14.069824 54.702209 0.051138
1680.000000 609.482239 148.548019 20.268066 53.155273 0.051003
1680.000000 446.411011 166.726959 19.271790 47.006134 0.050307
1710.000000 592.507996 154.911743 20.155396 53.162231 0.923696
1710.000000 609.566406 147.166214 27.060059 61.213440 0.532928
1710.000000 610.596436 151.842560 17.761963 45.819305 0.384634
1710.000000 191.677887 198.850983 21.031097 53.967560 0.319035
1710.000000 196.891907 172.492004 16.379181 39.285736 0.293241
1710.000000 566.069641 143.660065 26.483887 72.420868 0.264019
1710.000000 421.709747 158.307632 14.416199 37.380890 0.252007
1710.000000 133.683624 163.300919 14.434875 34.970917 0.176831
1710.000000 619.487488 147.966309 20.319824 71.874817 0.169998
1710.000000 188.673141 166.324738 27.108582 69.394501 0.167453
1710.000000 607.408264 155.558807 15.178101 37.356995 0.155675
1710.000000 141.936859 162.329681 16.121674 38.470703 0.150680
1710.000000 603.632751 151.039566 21.237061 54.903381 0.111106
1710.000000 573.001465 144.430389 18.932495 47.074707 0.104713
1710.000000 128.692688 164.919067 17.835052 45.763519 0.101989
1710.000000 162.507202 163.490173 15.698395 37.499573 0.086177
1710.000000 139.458694 164.489899 22.307617 54.170929 0.085525
1710.000000 115.480515 133.314178 26.457489 64.781219 0.084424
1710.000000 472.367859 151.369934 15.553589 37.701508 0.082540
1710.000000 624.156250 136.967438 15.695923 59.951294 0.080108
1710.000000 582.702148 161.511826 13.971313 33.077972 0.070901
1710.000000 154.790863 159.696075 23.854706 58.434357 0.070878
1710.000000 314.076172 162.375458 17.925110 43.231659 0.067818
1710.000000 602.654419 153.688980 14.644287 35.631165 0.061706
1710.000000 195.910217 160.688644 13.073944 31.364136 0.060778
1710.000000 84.343964 180.479919 16.570160 40.120361 0.058231
1710.000000 191.418503 172.533859 16.357910 37.955078 0.057709
1710.000000 121.408447 132.066406 11.822357 30.630127 0.053231
1740.000000 582.859863 149.427887 23.924927 61.465363 0.701335
1740.000000 604.249451 154.796722 18.859863 50.073212 0.352065
1740.000000 550.218628 142.679764 23.148560 57.947479 0.235738
1740.000000 619.246521 121.581718 20.616821 85.506691 0.221865
1740.000000 594.262024 123.387817 33.319946 86.945770 0.217535
1740.000000 448.409607 162.705292 11.116638 26.236450 0.166358
1740.000000 200.471863 183.668518 13.856995 34.416138 0.146741
1740.000000 142.337250 165.237396 16.480347 41.413452 0.078316
1740.000000 554.314270 141.040955 16.723389 40.360046 0.073708
1740.000000 444.074188 162.226318 11.126709 24.888245 0.058123
1740.000000 555.492920 156.160507 14.067261 33.699890 0.055171
1740.000000 128.624832 158.828339 28.819122 67.191681 0.051428
1770.000000 616.654480 154.599945 19.637085 51.731995 0.885893
1770.000000 588.119873 144.175247 28.150391 68.992035 0.829547
1770.000000 549.718811 139.495514 27.737671 62.570648 0.288333
1770.000000 569.247375 153.486588 18.630737 43.255798 0.211155
1770.000000 599.115601 119.458809 29.444702 78.555779 0.207299
1770.000000 580.141785 159.350510 14.296021 31.413483 0.153322
1770.000000 22.604595 177.968811 18.618748 44.864105 0.130497
1770.000000 558.868652 147.027069 24.777100 53.695679 0.094435
1770.000000 451.571777 171.992737 10.581177 25.788849 0.090396
1770.000000 194.291702 164.944199 14.261169 35.401886 0.081856
1770.000000 4.856699 200.077103 14.506989 36.027130 0.079450
1770.000000 207.410858 162.668655 13.575836 32.786072 0.070315
1770.000000 598.809265 147.563080 21.906616 59.629608 0.069318
1770.000000 626.250977 149.764221 13.639893 50.898804 0.065709
1770.000000 20.046524 175.228714 25.945702 66.518646 0.062849
1770.000000 449.109955 170.614914 14.795166 38.148376 0.052959
1800.000000 451.983398 163.550781 12.615906 29.677551 0.211249
1800.000000 457.700562 140.530945 20.921875 51.325195 0.187089
1800.000000 612.109497 145.314392 21.103882 64.979553 0.182672
1800.000000 231.706848 174.209061 15.736359 37.861084 0.167540
1800.000000 394.110962 175.458939 10.849792 25.685455 0.158752
1800.000000 411.757538 162.918564 11.545227 27.202911 0.156350
1800.000000 170.610596 179.658340 13.707062 32.560730 0.080138
1800.000000 3.119440 181.968277 21.627863 49.969269 0.073356
1800.000000 96.910728 107.345383 15.501617 34.193726 0.071906
1800.000000 601.716431 141.586731 26.638794 63.155457 0.056805
1830.000000 83.951424 202.282120 24.943756 58.650742 0.204571
1830.000000 405.779053 183.683914 10.071289 22.725098 0.132932
1830.000000 580.940979 160.792496 18.831055 44.217041 0.088095
1830.000000 223.861160 178.994263 14.742554 37.034851 0.075616
1830.000000 88.958374 202.496552 16.340927 39.083374 0.063786
1830.000000 454.980011 174.650375 11.887390 25.929504 0.062588
