30.000000 599.184143 157.030487 33.205444 82.748871 0.653323
30.000000 546.066223 184.151337 18.089966 41.701019 0.586472
30.000000 554.705200 179.689011 18.046875 45.406006 0.261713
30.000000 539.820679 187.592957 16.459717 39.167847 0.219356
30.000000 606.901550 159.725632 24.224243 56.616272 0.206554
30.000000 192.804642 191.640579 15.631409 37.883728 0.136056
30.000000 514.609314 190.740036 21.343750 55.035278 0.118834
30.000000 559.938416 179.104156 14.249268 33.378418 0.117857
30.000000 394.766327 94.520653 13.904358 33.261627 0.114053
30.000000 523.348572 182.593262 19.266479 51.263275 0.111415
30.000000 505.298950 190.759460 20.793823 52.515747 0.099817
30.000000 534.234436 184.311707 23.596680 61.452820 0.095490
30.000000 577.161682 175.984619 13.399536 33.309875 0.084343
30.000000 186.007034 189.152740 15.268036 36.349396 0.059388
30.000000 570.142883 178.501236 12.429321 27.430298 0.050837
60.000000 600.624207 178.874344 23.775879 58.136627 0.772789
60.000000 489.907074 190.810608 12.155090 28.831238 0.490530
60.000000 606.567749 198.912857 15.410400 37.415955 0.408979
60.000000 620.846436 182.453217 17.360718 48.928406 0.353746
60.000000 589.937256 186.567459 20.624268 50.430817 0.325943
60.000000 594.485352 186.855225 11.534302 28.686462 0.300155
60.000000 397.000519 161.039032 19.536621 48.342316 0.266599
60.000000 623.713013 200.164612 12.485474 31.666046 0.183204
60.000000 618.875366 200.255096 13.108765 31.362640 0.175187
60.000000 610.287354 184.804977 18.946777 48.731903 0.111868
60.000000 599.739075 189.747665 15.753662 39.061462 0.110501
60.000000 87.931496 215.197876 12.827545 29.269257 0.101438
60.000000 482.988708 186.423981 12.878235 30.288635 0.083296
60.000000 605.431946 178.251572 16.982178 36.744568 0.069408
90.000000 546.496094 178.439941 18.872437 45.249390 0.946378
90.000000 475.619598 187.761551 12.908569 30.762634 0.251917
90.000000 469.077698 180.888107 13.455200 32.758484 0.210677
90.000000 627.209351 173.070923 12.790649 39.586731 0.075161
90.000000 78.704811 202.282516 12.657974 31.504883 0.072646
90.000000 348.244965 86.776642 15.664612 34.316772 0.071335
90.000000 412.087952 155.763474 16.818420 42.782623 0.068538
90.000000 480.262024 153.549591 17.927063 40.815979 0.054336
90.000000 320.454285 69.711258 17.978943 41.603180 0.052900
90.000000 427.789337 163.819946 16.091553 37.616516 0.052254
90.000000 542.268372 183.369614 14.122681 33.504852 0.050229
90.000000 521.887817 161.606781 16.091797 36.176453 0.050006
120.000000 588.748596 151.541489 20.774292 51.761810 0.298188
120.000000 462.725342 179.400345 18.205688 46.336792 0.090485
120.000000 82.310783 76.145302 18.785706 43.614883 0.069609
150.000000 579.008667 192.704422 15.899658 39.339874 0.377825
150.000000 572.032410 193.620316 14.875854 37.483459 0.303955
150.000000 537.529907 134.160614 12.254761 28.069183 0.074817
150.000000 564.337341 198.763916 11.095703 27.414948 0.071157
150.000000 532.356750 131.934967 20.877197 49.185455 0.064939
150.000000 573.278015 188.763107 11.668579 28.049438 0.064193
150.000000 380.793030 194.477005 11.293823 29.761078 0.054123
150.000000 530.501343 207.185684 17.046631 39.829834 0.054016
180.000000 504.103149 64.896423 21.611572 51.796356 0.469414
180.000000 522.876221 37.965729 24.735596 64.351074 0.087818
210.000000 483.067749 179.794861 13.760925 32.522003 0.195360
210.000000 494.513733 178.356766 13.467896 31.841797 0.119726
210.000000 479.025879 179.797165 12.105408 28.186584 0.099906
210.000000 449.503174 197.944870 12.437256 29.931915 0.083219
210.000000 475.243958 182.120865 14.506653 33.847473 0.072606
240.000000 456.965027 192.657059 14.684631 35.388977 0.378313
240.000000 513.980774 188.043884 11.729980 30.241669 0.132104
240.000000 514.281372 184.437134 17.639893 42.743439 0.105989
240.000000 475.646820 192.788300 12.114624 31.933594 0.069518
240.000000 508.919312 189.719727 17.274658 38.717194 0.057394
240.000000 600.361816 206.476639 14.761108 35.195007 0.052313
240.000000 526.245239 194.304642 10.590698 29.564026 0.050665
300.000000 13.436046 214.069839 16.157928 31.559937 0.362502
300.000000 507.265656 189.664413 12.908234 29.464325 0.357821
300.000000 562.689758 170.988373 18.306519 43.253723 0.226887
300.000000 503.699310 190.571930 18.063446 40.511810 0.147409
300.000000 29.554228 207.600067 11.706591 31.172394 0.142126
300.000000 569.552063 174.132095 14.635010 38.522491 0.093951
300.000000 565.340698 171.478699 22.496216 55.751678 0.081867
300.000000 514.925415 190.318237 11.631714 28.166107 0.061921
300.000000 564.014526 170.118271 13.401001 30.376801 0.058132
300.000000 557.057800 179.709213 12.103271 28.977417 0.053118
330.000000 499.128235 119.162003 33.025146 81.660034 0.721422
330.000000 47.610947 202.565384 9.516327 24.544861 0.163264
330.000000 539.614868 142.591293 13.458862 31.296875 0.153199
330.000000 21.011665 197.886658 12.357327 30.073639 0.104638
330.000000 448.507629 115.409058 25.868408 63.069519 0.098227
330.000000 506.853394 123.591400 23.656982 54.409271 0.094190
330.000000 19.559952 107.398300 21.241100 46.332275 0.088644
330.000000 492.390228 117.827240 45.518951 119.702118 0.066527
330.000000 9.109096 113.497955 17.188850 41.453369 0.064562
330.000000 460.653320 129.210678 28.591003 63.250305 0.063931
360.000000 43.622818 197.354279 15.900833 34.051483 0.251350
360.000000 0.137820 195.150818 10.876823 39.050629 0.086103
360.000000 75.202667 181.390396 14.659164 34.875153 0.085004
360.000000 69.846115 192.377029 13.622681 32.855988 0.066265
360.000000 60.795753 192.635666 19.040909 34.261230 0.058639
360.000000 103.398781 107.586777 12.506271 30.563583 0.055580
360.000000 439.767761 158.896683 11.742615 26.836639 0.055558
360.000000 83.649765 177.657394 14.352310 32.429657 0.050782
390.000000 283.355225 181.112686 14.092712 31.560425 0.214221
390.000000 142.055588 86.980835 14.061035 35.617523 0.051086
420.000000 566.364868 177.450455 16.535034 38.657349 0.175124
420.000000 605.957947 180.047775 18.237549 40.214233 0.121641
420.000000 441.204071 184.133041 13.757690 33.731506 0.082425
420.000000 234.926041 184.872482 11.953400 27.906158 0.080811
420.000000 575.224731 141.884949 26.291504 59.387970 0.066106
450.000000 600.549255 95.586205 39.065674 138.453278 0.277630
450.000000 458.277954 1.003353 15.922607 36.023312 0.201276
450.000000 457.688232 192.712021 14.848694 38.843323 0.134245
450.000000 383.465240 190.177185 11.904846 29.776886 0.118461
450.000000 481.642792 180.584366 15.127380 40.578644 0.087512
450.000000 391.192993 181.863968 16.276550 40.461853 0.056957
450.000000 454.092316 0.091862 23.055603 54.424507 0.050784
480.000000 537.289124 169.380508 18.275269 43.417603 0.932327
480.000000 521.228455 176.518326 15.059570 34.841858 0.815461
480.000000 407.858521 156.202637 14.735840 34.106201 0.272339
480.000000 516.222473 176.346832 15.374878 36.379059 0.258854
480.000000 26.656309 188.532043 10.641649 25.525299 0.136764
480.000000 22.950653 190.626297 9.842411 24.758759 0.127073
480.000000 490.349243 183.580780 15.887451 38.246918 0.114372
480.000000 530.245605 173.941116 15.060547 36.758514 0.104210
480.000000 14.830705 194.114563 8.946219 22.292236 0.098344
480.000000 52.031792 192.304443 11.123665 26.824402 0.081155
480.000000 401.549133 154.022339 21.713135 48.766052 0.060927
480.000000 402.948242 158.401245 13.137024 30.681335 0.059745
480.000000 19.282246 191.946564 10.451305 23.479309 0.054229
480.000000 40.485729 189.925797 9.776123 23.259003 0.051605
510.000000 531.254211 183.437805 18.822998 46.270813 0.375209
510.000000 418.490936 151.841797 12.505676 29.000275 0.240198
510.000000 376.079559 169.749374 14.981995 35.779694 0.178210
510.000000 535.889526 185.641769 12.762695 32.451752 0.158192
510.000000 64.064667 182.931335 11.640442 29.496948 0.112742
510.000000 432.765991 150.628937 12.640991 29.160645 0.065933
510.000000 506.726898 136.955200 14.473297 36.234802 0.062340
510.000000 429.495117 138.154022 17.742493 41.320007 0.061763
510.000000 473.775848 176.100403 21.983398 51.112610 0.060504
510.000000 373.942902 171.992081 11.187988 27.470612 0.055538
510.000000 456.566040 156.986450 28.283508 64.587952 0.054452
540.000000 476.568390 173.504257 14.769531 34.824097 0.282841
540.000000 419.646088 161.842361 18.397339 45.523407 0.137120
540.000000 384.694031 174.399277 13.875977 34.193024 0.096105
540.000000 449.421967 181.290787 15.899231 39.588348 0.095975
540.000000 537.364441 180.228683 17.550049 41.376770 0.091679
540.000000 475.346100 174.806702 20.761597 51.871796 0.088767
540.000000 223.017044 178.183487 11.283173 27.731598 0.060959
540.000000 579.264954 174.224731 19.298950 46.334351 0.053475
540.000000 30.914616 189.521698 13.911705 35.119781 0.052442
540.000000 443.044525 149.902863 17.929565 41.424835 0.051376
570.000000 525.227234 173.802444 19.292236 45.444916 0.942079
570.000000 543.968689 174.874451 16.078125 38.866394 0.668247
570.000000 539.054443 182.868057 12.589478 33.031708 0.458368
570.000000 552.588379 176.829971 15.738403 38.239624 0.399826
570.000000 7.850047 183.996002 12.872915 33.489990 0.224865
570.000000 435.652679 152.849518 25.908142 62.412537 0.194831
570.000000 174.924301 101.821686 11.975586 26.743820 0.181937
570.000000 561.003479 179.189606 15.211060 37.949982 0.159258
570.000000 542.307068 173.591156 21.958862 58.282318 0.144135
570.000000 0.000000 178.070801 11.118195 49.053223 0.138326
570.000000 553.227478 177.385666 21.704590 53.949219 0.137822
570.000000 452.198212 157.224609 15.212036 38.567474 0.098824
570.000000 440.316132 153.979492 17.809265 41.812286 0.084894
570.000000 453.397888 169.628571 20.784912 49.167542 0.076218
570.000000 556.233398 175.517807 11.617432 27.840881 0.071636
570.000000 562.442200 178.293686 21.020386 51.002380 0.052768
570.000000 2.011456 181.342056 14.211412 37.305328 0.050874
570.000000 533.238220 180.788101 15.768921 38.944458 0.050436
600.000000 618.976074 166.030762 21.023926 71.927734 0.898728
600.000000 427.419006 172.652313 14.709473 37.231750 0.241972
600.000000 1.843137 189.272064 12.853136 34.566040 0.233180
600.000000 464.187195 147.214340 23.418335 57.011841 0.172338
600.000000 13.666294 191.780380 11.837883 28.469940 0.097384
600.000000 149.054626 88.545746 16.910278 39.047897 0.096286
600.000000 447.489960 138.383102 21.040649 53.039429 0.079967
600.000000 617.365601 91.869232 22.196411 267.741241 0.067297
600.000000 300.465149 184.107880 12.931335 32.767334 0.066564
600.000000 483.239716 94.703079 42.088409 110.439087 0.061461
600.000000 441.868988 136.113831 29.643555 76.003357 0.058815
600.000000 538.845032 134.963470 30.243652 74.329132 0.056198
600.000000 555.843201 166.266525 16.146973 37.995911 0.055256
600.000000 626.095825 165.363388 13.601074 35.907135 0.051094
630.000000 65.023132 86.181236 16.805847 39.599197 0.487603
630.000000 47.009377 88.930359 13.937088 32.898270 0.308584
630.000000 21.845211 189.848587 12.488655 33.184387 0.262002
630.000000 43.722534 87.196365 20.550972 57.311661 0.205697
630.000000 477.932709 132.172302 30.781006 71.254486 0.187408
630.000000 116.781815 71.139404 18.071136 41.925842 0.185739
630.000000 141.029892 86.729004 14.558746 34.395599 0.185623
630.000000 383.857574 179.853470 14.322754 34.465424 0.181719
630.000000 491.330841 148.919708 17.355164 40.401672 0.113679
630.000000 76.237991 73.986740 20.785645 52.194611 0.113497
630.000000 513.149414 132.368561 32.656250 79.812103 0.110071
630.000000 379.637085 180.512482 13.485046 32.835999 0.101253
630.000000 56.474712 81.062935 12.537418 29.191208 0.087978
630.000000 34.968605 191.063110 11.243309 27.176117 0.080731
630.000000 16.828199 190.466949 14.309174 30.026489 0.079985
630.000000 62.858570 85.762550 23.821957 57.564430 0.065256
630.000000 7.101542 192.975571 12.712996 32.122589 0.057353
630.000000 79.839806 76.098778 14.179871 32.103149 0.051686
660.000000 6.843070 73.020584 15.401628 33.387009 0.454226
660.000000 578.910461 174.104218 17.584961 40.952179 0.329884
660.000000 78.637054 62.336166 13.685867 32.333237 0.318734
660.000000 575.744751 179.614456 23.971069 56.975464 0.282655
660.000000 445.979767 186.799515 16.477539 31.699524 0.281113
660.000000 42.237629 189.686005 13.892212 33.411896 0.124868
660.000000 531.932007 169.355530 15.289062 32.634949 0.124320
660.000000 349.822418 178.935791 10.547668 28.643005 0.122287
660.000000 41.474350 69.780579 13.822853 33.683929 0.112051
660.000000 601.526245 153.664917 32.794312 78.938965 0.105153
660.000000 500.511749 167.841354 16.247406 38.503387 0.098291
660.000000 377.332031 184.750763 13.580811 37.393677 0.079668
660.000000 409.686127 185.141434 16.274170 39.396393 0.062839
660.000000 22.474394 77.223701 13.503275 32.376434 0.062026
660.000000 398.251221 177.832336 16.337830 39.107880 0.059201
690.000000 601.314880 158.767944 19.040649 42.144318 0.459061
690.000000 607.508240 154.619049 18.957153 44.795959 0.214776
690.000000 82.560081 193.522690 11.098190 25.938629 0.084530
690.000000 348.415253 184.874191 12.540466 29.323792 0.067658
720.000000 610.468079 148.170441 17.859619 40.532715 0.396391
720.000000 464.592163 164.565414 18.391846 45.190521 0.263455
720.000000 461.311249 161.562912 24.945618 67.437744 0.241704
720.000000 377.160828 183.734314 14.495117 34.801086 0.185905
720.000000 390.043915 186.447891 13.816772 38.022308 0.130202
720.000000 606.984863 148.023499 24.211060 63.028351 0.120934
720.000000 506.329590 178.535278 20.721191 46.585602 0.109802
720.000000 437.670776 170.403687 22.334717 59.060760 0.104878
720.000000 390.918945 181.634308 11.154480 27.274750 0.084131
720.000000 382.691132 188.418915 12.180359 31.581146 0.072593
720.000000 365.675354 187.962906 9.665039 24.248413 0.065087
750.000000 448.217102 185.067444 20.790833 47.964203 0.091733
750.000000 400.507172 190.029510 19.174500 45.828369 0.068173
750.000000 9.551958 197.527557 11.395599 30.419373 0.064403
750.000000 408.700134 186.131485 20.917786 53.020447 0.053937
750.000000 394.692932 189.369293 16.281128 36.797272 0.053663
780.000000 385.537689 183.167938 13.511475 32.878662 0.178503
780.000000 612.228394 163.076660 26.739990 69.421570 0.169337
780.000000 511.915863 168.543976 36.512054 80.393036 0.147545
780.000000 184.296829 84.481552 13.794464 32.308929 0.146786
780.000000 392.952179 180.705948 15.690735 37.508759 0.111226
780.000000 355.095337 185.807922 14.427429 31.300476 0.101671
780.000000 520.942017 169.169617 22.324341 55.130188 0.064686
780.000000 398.244568 180.380417 11.612000 27.380463 0.052419
780.000000 410.348358 178.359009 12.010498 31.965485 0.051612
810.000000 559.824585 168.490936 14.625488 35.438385 0.238481
810.000000 364.442383 183.238251 12.270752 29.097351 0.118936
810.000000 553.257568 167.956314 24.807373 53.061859 0.083935
810.000000 69.512100 187.751984 11.854492 29.553711 0.067463
810.000000 466.671814 182.102356 19.128662 42.703979 0.061655
810.000000 524.467957 170.067535 15.483765 37.936432 0.060009
810.000000 578.787781 168.578583 20.137085 47.170959 0.059280
810.000000 517.102600 168.186981 26.204712 67.401337 0.055279
810.000000 494.650635 179.474884 14.561279 33.557831 0.051628
810.000000 414.670319 183.104416 16.422729 42.319092 0.051104
840.000000 212.598160 169.146149 13.392059 30.836029 0.182689
840.000000 43.472244 189.875076 13.268913 33.346863 0.177118
840.000000 34.912300 160.832443 16.357712 41.484131 0.131301
840.000000 419.391266 176.816589 14.139404 34.718384 0.121061
840.000000 613.244507 0.386923 24.140869 55.735031 0.120735
840.000000 176.660873 172.468750 12.086548 29.916412 0.111316
840.000000 488.792938 179.757111 17.038818 41.218842 0.108549
840.000000 24.088634 154.720352 27.524437 67.871185 0.094056
840.000000 161.958878 186.470123 10.507416 26.816956 0.090213
840.000000 208.503128 167.224350 13.730286 35.017883 0.069767
840.000000 597.953857 4.510805 19.804932 43.994926 0.062998
840.000000 97.242126 187.232544 12.520157 31.644226 0.060248
840.000000 347.343567 178.989166 14.953003 34.827118 0.060204
840.000000 18.167706 188.382782 16.116051 39.583160 0.056328
870.000000 262.014526 179.980453 15.749756 37.572754 0.277540
870.000000 204.714081 171.549515 11.887177 28.997284 0.202390
870.000000 426.201630 175.370529 15.204895 36.459259 0.162866
870.000000 259.600403 178.234314 13.520325 32.313019 0.082191
870.000000 419.920105 172.783875 22.429382 60.550934 0.060029
870.000000 458.105713 192.059692 14.838928 33.779968 0.054167
900.000000 436.419647 175.774857 18.389465 43.832611 0.372791
900.000000 442.423065 179.361221 12.889465 32.493774 0.226697
900.000000 20.124636 89.854309 17.211622 39.479340 0.218563
900.000000 427.160431 178.528061 13.646057 34.939148 0.159321
900.000000 12.177038 82.492722 15.757317 37.289169 0.124217
900.000000 340.952606 170.684235 22.201050 60.407471 0.101592
900.000000 54.691235 154.443085 14.587605 37.338776 0.083797
900.000000 345.160156 172.626373 15.978271 39.835236 0.068640
900.000000 338.456146 191.924683 16.992188 42.059326 0.064091
900.000000 436.663757 173.560730 12.192871 28.899506 0.051336
900.000000 77.255081 190.468704 14.597900 38.680664 0.051306
930.000000 33.528595 175.220871 20.503571 50.978821 0.228181
930.000000 36.735172 176.649109 13.604202 33.908020 0.189031
930.000000 95.847000 179.751419 14.374832 35.528809 0.163167
930.000000 463.545532 178.777725 15.832031 37.818939 0.118527
930.000000 23.482986 172.304245 30.530594 75.903290 0.112735
930.000000 92.041252 176.681702 20.927948 53.719757 0.063292
930.000000 100.821953 180.703842 12.206192 29.231140 0.061374
960.000000 15.022952 177.370651 19.478580 45.850006 0.195976
960.000000 485.140076 175.673386 12.408508 31.434723 0.194501
960.000000 134.614471 177.986710 14.695557 36.068420 0.164544
960.000000 404.143982 188.381531 13.642883 31.940857 0.153757
960.000000 506.475128 176.603043 17.656525 42.332855 0.132813
960.000000 19.457819 177.261627 13.097582 32.441589 0.115384
960.000000 479.892273 173.417786 22.251526 51.576172 0.071313
960.000000 10.651251 176.659836 36.222061 57.564087 0.059918
960.000000 244.562057 179.766998 13.665970 33.477600 0.054084
960.000000 495.414337 176.622971 16.127808 39.599640 0.053007
960.000000 130.125031 178.321945 20.885834 53.411804 0.052575
960.000000 21.662970 178.885452 15.895445 38.315643 0.052415
960.000000 502.878876 174.589905 25.201141 60.718140 0.050425
990.000000 79.483521 187.792191 12.998398 29.153900 0.221284
990.000000 111.012375 188.809311 12.655777 30.055267 0.163660
990.000000 189.707001 181.105331 15.028107 35.921875 0.160195
990.000000 31.604319 182.328171 13.909571 33.856995 0.136675
990.000000 123.937347 185.319946 14.535919 34.949432 0.109351
990.000000 7.467825 181.444397 17.043041 39.586823 0.093306
990.000000 116.471901 178.743317 13.927467 33.424133 0.092831
990.000000 182.995697 179.445541 22.392181 56.364136 0.088504
990.000000 244.555817 181.114380 19.738220 47.216644 0.071823
990.000000 15.470552 181.932083 13.467216 31.620026 0.064852
990.000000 485.842041 176.071884 17.688843 44.522614 0.055234
1020.000000 499.836761 184.932922 15.991730 38.152802 0.317431
1020.000000 220.029312 180.023956 16.246399 38.630524 0.244687
1020.000000 540.180786 178.867035 17.581299 39.429260 0.209214
1020.000000 78.454697 188.415726 13.105057 32.278351 0.201390
1020.000000 250.740265 186.102753 17.768921 43.695038 0.195809
1020.000000 497.234528 182.966629 23.421234 55.040924 0.113188
1020.000000 222.498016 180.538498 11.771027 26.238800 0.110638
1020.000000 502.704437 184.019943 11.629913 26.604187 0.109467
1020.000000 539.327209 179.311920 12.366211 31.159180 0.081594
1020.000000 562.223145 175.508667 19.049927 45.209656 0.079334
1020.000000 533.496399 176.456696 25.025879 59.277771 0.078464
1020.000000 104.505424 192.982162 12.282455 29.441620 0.076006
1020.000000 474.743805 185.331406 15.980713 37.653778 0.075177
1020.000000 484.365295 182.366486 14.590027 36.995087 0.065989
1020.000000 505.825806 184.611542 13.861206 33.012421 0.065280
1020.000000 214.406296 177.960327 23.265747 59.279205 0.062892
1020.000000 244.945145 193.556274 13.082840 31.409851 0.060434
1020.000000 183.549973 137.939331 13.350159 31.124268 0.057538
1020.000000 176.963898 189.937286 13.692749 34.404022 0.057001
1020.000000 559.721008 173.415619 28.348999 68.191772 0.056930
1020.000000 254.285934 183.333694 21.538071 53.671967 0.056176
1020.000000 543.703125 177.991943 13.463135 26.640442 0.050010
1050.000000 510.054840 177.200012 11.385345 29.082916 0.344553
1050.000000 458.545929 179.134735 12.945801 31.929352 0.288033
1050.000000 531.334656 182.101013 12.979492 32.535248 0.266288
1050.000000 179.360794 182.880356 14.280884 34.227966 0.149482
1050.000000 522.466492 182.246887 12.504883 29.752197 0.130634
1050.000000 538.723877 180.598236 11.461060 28.272125 0.129181
1050.000000 466.001526 190.478088 15.009888 32.995422 0.114526
1050.000000 562.969055 164.176178 26.367310 64.007751 0.085152
1050.000000 528.106567 180.398651 10.489746 28.126648 0.081087
1050.000000 475.390869 191.160278 11.986328 27.948029 0.070292
1050.000000 535.088257 180.502335 18.260986 41.792999 0.068624
1050.000000 455.660980 182.764572 21.801514 48.014343 0.067091
1050.000000 483.222412 183.953201 11.782715 27.321442 0.066220
1050.000000 153.583542 176.038010 17.201233 44.421417 0.065370
1050.000000 337.687317 182.952484 13.079163 31.543304 0.057527
1050.000000 525.968201 181.137909 23.362305 46.622833 0.052374
1050.000000 571.236938 170.225723 15.795654 39.061005 0.051178
1080.000000 547.684326 183.568878 11.736816 30.496490 0.494811
1080.000000 163.475998 176.326508 17.110321 42.307281 0.483490
1080.000000 538.070251 178.791962 13.327026 31.960205 0.469057
1080.000000 516.660095 178.498215 14.263428 36.236084 0.424412
1080.000000 499.403564 185.696640 11.182495 28.492859 0.393481
1080.000000 150.373550 173.000275 17.885590 45.613098 0.384598
1080.000000 191.524597 175.307663 11.571991 29.219849 0.259503
1080.000000 186.293045 174.123611 12.830933 31.550659 0.255689
1080.000000 614.459045 22.550093 25.006714 59.160233 0.186211
1080.000000 135.461914 175.215149 15.120178 37.496277 0.151117
1080.000000 542.371277 180.490509 11.407837 26.376038 0.116500
1080.000000 617.144104 25.163668 17.609009 40.227577 0.112171
1080.000000 604.410828 159.139633 13.920166 30.786804 0.108985
1080.000000 595.067078 40.458641 16.567261 40.184311 0.097269
1080.000000 575.648682 180.417709 14.390381 33.155670 0.094647
1080.000000 542.339050 183.487152 14.466064 35.733429 0.090317
1080.000000 290.836334 193.883957 17.273682 40.923187 0.073806
1080.000000 229.319244 201.924240 15.362427 38.199921 0.061535
1080.000000 486.360168 185.644043 12.495178 31.219604 0.057163
1080.000000 228.939117 202.455261 10.939697 25.740509 0.056909
1080.000000 133.554672 169.309250 22.131317 54.987671 0.056312
1080.000000 252.108475 182.349411 14.201462 35.231110 0.056150
1080.000000 477.749939 184.642090 10.766907 27.583496 0.055714
1110.000000 558.247131 176.990341 14.482666 33.830139 0.291559
1110.000000 535.473022 174.433197 14.786743 35.543243 0.230552
1110.000000 396.162384 200.203674 14.160095 34.744934 0.221086
1110.000000 587.429626 167.285995 12.662476 30.561951 0.202780
1110.000000 421.635956 178.286652 14.794434 35.292847 0.145441
1110.000000 591.310669 167.053711 14.123413 31.956390 0.140011
1110.000000 147.744202 183.162552 17.913818 42.311005 0.121961
1110.000000 512.154785 167.514526 18.325684 43.892303 0.121378
1110.000000 606.810120 174.812332 14.157837 33.541168 0.106814
1110.000000 599.859253 167.554382 13.403442 31.906158 0.106291
1110.000000 584.272522 165.062866 18.650146 45.338470 0.089294
1110.000000 222.573242 193.224274 10.991608 27.084534 0.065803
1110.000000 41.430584 205.260880 9.950027 23.859070 0.053054
1140.000000 571.615417 181.433243 15.347290 37.340424 0.294967
1140.000000 598.155334 175.069122 13.294067 29.549927 0.161756
1140.000000 624.392212 176.730331 12.586548 36.194946 0.152262
1140.000000 625.027771 162.661011 12.804077 34.583984 0.137134
1140.000000 597.012695 175.117477 19.812988 47.914581 0.122841
1140.000000 615.027161 150.932526 23.556885 71.398895 0.103090
1140.000000 609.762634 176.621506 16.000610 38.528015 0.102845
1140.000000 396.630188 198.394653 14.685608 35.431488 0.080807
1140.000000 604.414307 176.314697 14.786377 33.879028 0.057770
1170.000000 597.172485 175.074570 17.529175 42.027802 0.286962
1170.000000 249.870651 183.082916 12.899033 30.828339 0.218795
1170.000000 614.965149 175.268433 17.519043 43.749817 0.188038
1170.000000 30.216408 195.678055 15.750511 40.377045 0.163824
1170.000000 150.352982 169.886429 14.528717 32.937744 0.156586
1170.000000 210.375290 179.378799 12.864838 31.552795 0.150046
1170.000000 365.422943 187.044052 12.816833 30.802765 0.131805
1170.000000 602.338013 183.910980 15.884521 33.497223 0.120525
1170.000000 625.788208 173.572006 14.016724 43.883301 0.115676
1170.000000 214.945190 179.888718 13.070862 33.607239 0.113638
1170.000000 611.434631 182.149948 15.259155 39.096771 0.106431
1170.000000 289.277679 197.857086 20.272461 48.256287 0.091021
1170.000000 371.185059 182.389847 11.140564 29.896729 0.088736
1170.000000 321.795959 181.973953 14.268738 33.681976 0.077805
1170.000000 616.205444 175.814011 11.571045 28.959869 0.064773
1170.000000 124.793869 176.071594 15.621429 38.407532 0.063692
1170.000000 263.079895 181.189880 12.899963 31.657166 0.062734
1170.000000 604.590393 177.517548 11.671509 28.881317 0.051828
1200.000000 262.236267 180.311722 13.387024 32.477692 0.220082
1200.000000 104.518181 78.888939 17.037476 39.398605 0.107774
1200.000000 171.159302 192.351608 10.878418 26.397308 0.084729
1200.000000 332.365753 181.780518 14.275757 34.449249 0.079912
1200.000000 514.419434 169.769516 12.747803 32.468231 0.074994
1200.000000 325.901154 180.798233 14.380920 33.998047 0.066933
1200.000000 39.442913 215.363174 10.857010 25.667969 0.066262
1200.000000 408.724152 186.351562 12.290955 30.913605 0.052073
1230.000000 454.358582 182.523651 15.551758 36.978882 0.592296
1230.000000 528.386841 167.562119 18.648438 47.441071 0.414726
1230.000000 79.718544 182.870270 15.979248 36.513275 0.311617
1230.000000 625.653931 152.867950 12.317505 34.236084 0.228900
1230.000000 555.046997 158.716705 18.307983 45.043854 0.171491
1230.000000 624.352844 147.917587 15.478149 65.519806 0.148908
1230.000000 212.327286 183.024155 12.470337 31.274078 0.129777
1230.000000 583.365967 151.171814 25.916992 65.312561 0.118270
1230.000000 95.573174 184.552841 13.889816 34.405457 0.088558
1230.000000 164.563385 190.681396 10.904114 27.903168 0.080536
1230.000000 459.686951 189.529938 13.238037 29.784760 0.063536
1230.000000 64.438927 178.432022 16.701859 37.864136 0.063143
1230.000000 87.354973 91.642822 16.500137 37.820068 0.054833
1230.000000 74.177147 179.829681 27.616257 64.784454 0.054069
1230.000000 261.618500 178.140305 12.773010 33.482391 0.053328
1260.000000 66.245384 188.051453 16.854141 40.082123 0.294786
1260.000000 209.148010 175.639191 11.115540 25.680267 0.184550
1260.000000 59.930321 186.564743 25.758255 60.292938 0.103562
1260.000000 407.312897 180.820587 13.365723 34.505859 0.074785
1260.000000 424.231476 177.214127 15.284790 37.315186 0.072497
1260.000000 51.564709 200.148895 15.675282 39.890411 0.070696
1260.000000 58.739780 195.558868 18.200947 44.872437 0.056568
1290.000000 204.714951 174.288712 16.511078 42.132935 0.364538
1290.000000 405.882202 192.398392 14.166077 33.237061 0.359748
1290.000000 546.327759 189.371826 32.454468 74.554108 0.338913
1290.000000 33.494015 182.477417 13.853752 34.895050 0.322566
1290.000000 264.680328 180.882706 11.660828 25.592224 0.280196
1290.000000 414.587189 205.879807 16.808350 40.387360 0.183500
1290.000000 210.295837 177.874359 12.523376 30.803192 0.179515
1290.000000 137.642166 190.365601 10.229218 24.822540 0.178931
1290.000000 71.174225 196.847321 14.118591 33.961792 0.144798
1290.000000 267.724976 178.866989 13.304016 31.566956 0.142841
1290.000000 213.252548 179.515442 14.037354 32.927063 0.128827
1290.000000 512.207581 201.211014 15.864624 36.280792 0.128668
1290.000000 53.167786 196.844986 12.414772 31.008270 0.118083
1290.000000 261.475922 182.375732 9.758545 23.677063 0.096515
1290.000000 155.733032 188.192383 14.466797 36.391785 0.095242
1290.000000 219.929733 185.023193 12.748138 30.433258 0.089009
1290.000000 201.040436 176.424988 27.025726 58.938599 0.087793
1290.000000 250.697510 184.044067 9.921844 21.868347 0.071091
1290.000000 564.622070 218.738937 18.350830 44.785172 0.069798
1290.000000 214.733200 181.841354 16.766907 41.634949 0.067528
1290.000000 29.694412 182.898697 13.387856 31.072784 0.064702
1290.000000 402.603607 191.550766 21.511414 49.928497 0.061683
1290.000000 118.574554 188.861862 11.974503 30.294891 0.055006
1290.000000 543.122986 217.745880 19.362183 46.105713 0.054474
1290.000000 257.832703 183.896759 10.131226 24.731079 0.053134
1290.000000 234.961060 190.412903 11.014099 28.142792 0.051489
1320.000000 6.225896 195.124893 13.274714 33.606506 0.212710
1320.000000 141.777695 186.743820 13.190094 33.621857 0.159056
1320.000000 257.185608 182.543671 15.924866 40.270599 0.153769
1320.000000 0.000000 191.691376 11.769023 47.393097 0.153375
1320.000000 46.172764 194.645111 14.217033 34.614380 0.140252
1320.000000 35.193020 197.828690 11.455193 27.967651 0.134888
1320.000000 22.133228 198.324265 17.645294 37.887512 0.094523
1320.000000 157.079773 176.952148 14.665771 36.866730 0.091843
1320.000000 16.543674 196.807495 15.746468 38.312256 0.082692
1320.000000 271.567535 200.543381 15.851135 34.908875 0.082249
1320.000000 116.617912 188.388321 13.259895 31.478760 0.076383
1320.000000 29.477959 205.248215 13.427864 31.393677 0.066837
1320.000000 59.686844 196.788589 13.581146 32.702332 0.062317
1320.000000 40.127220 196.865128 13.657600 31.715271 0.055291
1320.000000 254.189072 182.864319 25.160446 53.539825 0.054296
1350.000000 299.158813 176.670166 14.546082 35.609406 0.111388
1350.000000 80.373566 189.878082 13.150131 32.761871 0.074564
1350.000000 524.061707 186.176025 13.323730 34.836456 0.058323
1350.000000 317.190186 179.171844 11.568970 29.075989 0.057157
1350.000000 510.032166 197.654465 16.400757 37.350525 0.053988
1350.000000 313.188660 177.745529 18.002930 44.225220 0.052341
1380.000000 38.479370 199.243668 12.454605 30.890442 0.461789
1380.000000 578.115784 192.258972 18.494751 42.367767 0.306030
1380.000000 31.112679 202.239380 11.461449 28.478516 0.279003
1380.000000 430.975677 200.508972 14.132202 34.946991 0.197494
1380.000000 446.653625 192.699677 17.233521 42.177246 0.157306
1380.000000 572.709106 190.709900 26.994141 62.976715 0.109688
1380.000000 119.456070 93.604324 13.749161 31.850327 0.105276
1380.000000 444.342834 189.868896 24.796021 58.979095 0.104248
1380.000000 1.463840 33.560513 15.980433 48.180958 0.080395
1380.000000 0.000000 194.757935 9.860897 45.173065 0.066164
1380.000000 579.456238 191.453354 13.740967 28.609833 0.053103
1410.000000 0.000000 193.179245 11.903492 44.454102 0.147364
1410.000000 595.218750 170.398682 15.352173 38.936554 0.055591
1410.000000 56.925217 190.638718 16.200119 40.209442 0.054613
1440.000000 45.328281 198.256470 12.248253 33.530243 0.371751
1440.000000 146.600586 179.309464 14.940857 37.740387 0.205142
1440.000000 426.384705 180.642990 15.483704 37.926575 0.192457
1440.000000 58.272106 200.852219 11.683796 30.128418 0.141353
1440.000000 530.375244 184.321869 14.984131 37.479950 0.074189
1440.000000 538.745728 191.040863 14.558350 32.361938 0.065691
1440.000000 54.567707 202.419113 11.300800 29.386353 0.062721
1440.000000 471.055603 185.333115 12.774292 31.316864 0.050258
1470.000000 0.000000 202.478851 10.512297 36.471283 0.179004
1470.000000 121.557846 171.151352 18.003052 42.370575 0.106534
1470.000000 4.413513 188.555115 13.514898 35.898346 0.090459
1470.000000 439.031128 193.489899 13.515198 32.598541 0.074986
1470.000000 1.352283 195.782822 14.447254 41.602997 0.056590
1470.000000 53.408199 205.946854 11.845158 25.205841 0.055648
1500.000000 472.190887 185.622849 17.903015 46.058746 0.426266
1500.000000 624.043701 177.838303 15.916138 51.231079 0.169076
1500.000000 113.351479 182.523727 17.444359 42.299591 0.057215
1500.000000 259.569122 175.542709 13.132141 32.988495 0.050229
1530.000000 469.356598 176.705765 12.951355 32.493683 0.298987
1530.000000 255.302963 171.135986 13.498032 33.454407 0.277460
1530.000000 263.296509 171.242645 15.317688 36.199066 0.105415
1530.000000 457.636169 179.318359 13.588013 33.137390 0.097863
1530.000000 269.366760 168.740768 13.471619 35.062256 0.081201
1530.000000 370.792419 184.548721 11.110046 28.000305 0.068660
1530.000000 624.742249 163.904251 15.191406 45.115448 0.059324
1530.000000 517.499573 184.941711 18.482300 58.904358 0.058436
1530.000000 509.032349 182.221771 18.766602 49.330231 0.051979
1560.000000 12.729392 200.214035 14.417153 36.907135 0.335353
1560.000000 242.713058 170.040848 16.229050 37.267303 0.311623
1560.000000 3.800135 88.529205 15.808041 38.766144 0.157101
1560.000000 517.162964 172.604446 13.729004 34.882080 0.124765
1560.000000 596.110229 64.909790 17.145508 38.364075 0.112659
1560.000000 42.811008 92.330299 16.386703 38.781532 0.108480
1560.000000 619.387939 190.005463 15.107788 40.777618 0.095397
1560.000000 555.671997 183.299103 12.810547 33.400085 0.093314
1560.000000 602.538879 182.501907 28.155884 60.996033 0.070126
1560.000000 370.602478 183.212051 11.846558 29.969360 0.061566
1590.000000 226.603256 169.099823 14.652496 35.345337 0.355862
1590.000000 381.782104 129.477264 13.384705 30.817383 0.255866
1590.000000 246.852615 157.891708 14.357376 36.135681 0.210411
1590.000000 63.515785 192.590118 16.467072 37.538177 0.210220
1590.000000 254.747986 165.028259 12.785095 32.039276 0.192470
1590.000000 46.075932 88.378975 14.064018 34.152130 0.174602
1590.000000 91.975380 81.418640 14.755905 35.521164 0.150074
1590.000000 230.780014 170.885101 16.153900 38.446686 0.129480
1590.000000 573.445923 134.287491 27.561890 60.817749 0.110391
1590.000000 141.021881 122.718018 16.495819 37.708374 0.102850
1590.000000 549.491150 172.923477 17.868530 40.281525 0.102845
1590.000000 35.473404 146.360321 12.821686 29.977142 0.100666
1590.000000 216.668610 172.750473 15.315063 38.847870 0.098343
1590.000000 246.762314 173.946869 15.259598 37.250702 0.083004
1590.000000 554.716736 162.235519 16.608765 40.338501 0.072012
1590.000000 402.882507 186.090164 12.712463 28.871674 0.057164
1590.000000 249.649704 166.794067 13.751846 33.533600 0.056719
1620.000000 581.864502 113.336349 21.160278 49.781006 0.357921
1620.000000 490.609100 113.558685 18.760742 44.143280 0.205765
1620.000000 587.175476 110.302505 27.719482 65.398895 0.182173
1620.000000 499.474091 88.517403 15.349579 34.491531 0.169373
1620.000000 586.869385 116.458755 14.601807 33.982513 0.165966
1620.000000 210.717300 166.685150 16.737152 38.027740 0.151807
1620.000000 620.602966 199.743408 16.290161 40.708130 0.134734
1620.000000 474.951111 43.092083 22.649902 51.890690 0.105153
1620.000000 539.918457 101.010292 15.878052 33.972527 0.081876
1620.000000 494.030518 85.430420 24.206665 56.471725 0.081175
1620.000000 416.607452 183.513870 12.761292 32.483429 0.080517
1620.000000 145.042786 133.238220 8.896820 20.483185 0.071778
1620.000000 370.100555 121.534943 14.210388 33.486664 0.068539
1620.000000 341.242645 180.254974 13.242920 31.912109 0.068374
1620.000000 601.665100 116.799004 29.069092 64.952522 0.060188
1620.000000 596.852295 111.135574 17.434692 41.787445 0.055887
1620.000000 32.579098 100.050781 16.071899 37.215286 0.052254
1650.000000 428.382263 180.918427 15.273071 37.464386 0.309609
1650.000000 375.751984 182.502228 12.217468 32.199432 0.055552
1680.000000 197.320160 184.114594 16.115479 39.524963 0.149831
1680.000000 172.625534 181.992096 13.760437 34.245209 0.096355
1680.000000 312.027863 197.621964 16.634338 40.328186 0.081076
1710.000000 593.881714 211.464737 13.432739 29.617157 0.181364
1710.000000 20.897709 176.694031 12.674938 31.178802 0.070663
1740.000000 146.097427 188.299393 13.273010 33.679169 0.127484
1740.000000 566.897461 178.306946 10.165283 25.498901 0.121630
1740.000000 557.463440 176.244354 9.580688 26.230530 0.091716
1740.000000 570.149048 171.388458 14.100464 34.759003 0.072235
1770.000000 560.312012 177.934647 12.419434 30.409576 0.570989
1770.000000 60.938194 144.342926 36.936249 87.479736 0.534536
1770.000000 565.359680 174.002045 13.109741 32.021240 0.466930
1770.000000 506.332520 175.448700 14.642334 36.471375 0.287465
1770.000000 593.802429 182.175537 15.429688 37.256683 0.199742
1770.000000 57.695747 148.669403 28.281906 66.952179 0.178067
1770.000000 513.361511 171.990799 10.184326 26.751648 0.131413
1770.000000 78.856239 156.559509 27.024429 74.717010 0.129827
1770.000000 99.056145 142.648849 19.453827 43.345490 0.119935
1770.000000 499.588348 171.159164 12.014160 30.035400 0.112017
1770.000000 1.695693 210.742126 16.573780 41.458984 0.086905
1770.000000 589.628052 182.083801 11.956055 29.306793 0.066226
1770.000000 143.851303 140.718170 16.145172 36.868073 0.060661
1770.000000 550.074463 179.085876 15.141357 29.832794 0.059764
1800.000000 539.437500 179.629898 14.287598 33.450500 0.774986
1800.000000 483.832642 172.371780 14.016479 34.686279 0.650090
1800.000000 567.543213 179.957809 11.912354 30.464020 0.408384
1800.000000 555.642029 172.972672 15.497192 38.353607 0.395092
1800.000000 473.233063 170.730316 16.519653 39.437744 0.365685
1800.000000 559.632019 181.739197 13.444214 32.653778 0.352985
1800.000000 617.110901 171.980698 15.024170 36.255219 0.293131
1800.000000 545.240540 172.428467 17.309814 41.209961 0.253029
1800.000000 609.220703 172.778137 14.477661 34.569702 0.191662
1800.000000 459.913544 174.182098 12.863953 32.294281 0.182483
1800.000000 596.441040 181.413696 13.422607 29.255554 0.148589
1800.000000 503.355652 0.000000 34.206299 54.681068 0.133310
1800.000000 470.709686 170.769638 11.998901 29.745026 0.123715
1800.000000 591.307434 179.114899 18.407715 43.773041 0.104904
1800.000000 544.159119 0.089500 34.179443 77.964401 0.099067
1800.000000 81.711128 194.487045 15.334625 38.872925 0.098961
1800.000000 551.616150 178.849487 13.241089 33.472656 0.095731
1800.000000 583.800537 177.864258 12.585083 29.407257 0.094668
1800.000000 440.939636 184.314148 11.680298 27.729584 0.089955
1800.000000 616.838867 165.306183 20.739624 60.583069 0.084328
1800.000000 580.257202 175.824539 17.632935 43.456818 0.082993
1800.000000 550.676147 169.986328 14.739868 31.816711 0.068440
1800.000000 100.434128 183.465637 12.955048 33.552002 0.061330
1800.000000 537.751587 178.461273 11.202637 27.753571 0.055691
1800.000000 546.129028 175.944763 11.384644 30.856812 0.052496
1830.000000 79.859680 184.853851 16.078918 38.101593 0.574384
1830.000000 540.110291 183.352280 12.931519 34.864471 0.533114
1830.000000 560.706970 177.162689 16.365112 38.673523 0.429356
1830.000000 554.028015 180.389053 13.413330 32.661041 0.424925
1830.000000 623.238525 165.134201 16.653198 43.387604 0.288112
1830.000000 78.898468 184.281296 13.684189 25.897949 0.156384
1830.000000 607.513245 169.475723 13.815063 32.790131 0.148869
1830.000000 613.797302 176.552628 12.064209 29.607849 0.116039
1830.000000 547.649780 177.958679 14.641724 36.275757 0.092786
1830.000000 558.738525 173.170471 14.305420 31.554260 0.078226
1830.000000 478.714691 187.121521 14.565979 36.164612 0.068643
1830.000000 625.062866 162.704254 12.254761 32.982727 0.053137
