30.000000 76.624023 195.711716 13.207504 29.768707 0.143639
30.000000 131.352844 192.091873 10.132477 26.566833 0.141944
30.000000 434.541168 170.370529 15.236267 37.197906 0.092886
30.000000 63.392483 198.903152 11.680004 27.830292 0.075261
30.000000 35.961052 200.452347 11.931885 29.720551 0.073616
30.000000 421.787598 177.910736 15.692993 38.302185 0.067561
30.000000 83.433830 196.624329 11.511826 28.586029 0.065619
30.000000 135.899094 183.984497 12.759766 32.480988 0.055201
60.000000 71.154449 192.895187 11.787430 28.164673 0.268109
60.000000 20.081642 191.920197 12.478111 32.781372 0.207598
60.000000 63.720509 190.500473 13.939724 30.041229 0.180856
60.000000 42.871506 194.600006 12.436569 30.063385 0.173012
60.000000 1.800829 200.752090 11.887409 28.913025 0.124651
60.000000 12.686604 184.643448 12.910019 31.870361 0.117220
60.000000 147.951141 190.205795 11.029816 22.633057 0.090936
60.000000 0.000000 182.890900 9.546999 38.501923 0.083615
60.000000 40.845947 190.572433 11.798409 26.614471 0.070571
60.000000 580.733582 149.499939 19.773682 46.306946 0.067588
60.000000 5.350556 185.856445 13.998542 31.727600 0.064219
60.000000 95.731468 189.190598 12.715302 30.054535 0.063566
60.000000 57.008736 194.907928 11.261169 26.916901 0.062046
60.000000 6.602547 201.338593 10.604197 27.641205 0.061023
90.000000 167.164001 168.360062 13.028442 32.510681 0.257432
90.000000 44.122910 192.158096 11.993729 30.461853 0.100186
90.000000 81.621269 96.176155 14.435349 34.352226 0.069167
90.000000 618.874146 138.371201 21.125854 90.825378 0.052933
90.000000 513.882751 161.133301 13.625000 35.690460 0.052118
120.000000 615.177673 91.001007 24.822327 118.413269 0.142660
120.000000 372.757111 177.679459 12.604370 32.543243 0.093014
120.000000 609.354614 133.935120 22.526978 71.958832 0.065960
120.000000 157.671783 180.396454 11.460907 22.908997 0.064960
120.000000 623.498596 139.148834 16.501404 69.501160 0.063079
120.000000 55.827705 192.436722 12.108360 27.443573 0.054452
150.000000 603.105408 163.140747 19.401978 52.349701 0.116772
150.000000 596.100281 175.651855 12.295044 30.130981 0.088208
150.000000 565.404480 11.610458 22.785034 57.478943 0.062673
150.000000 386.284332 179.284210 13.068726 33.600769 0.060117
150.000000 10.003721 186.426865 11.139164 26.689606 0.058914
180.000000 439.305237 181.744812 12.290527 30.824127 0.123023
180.000000 618.224060 165.308914 21.732178 114.951889 0.082895
180.000000 159.521942 168.418488 13.101440 31.425232 0.069520
180.000000 380.508331 183.062363 11.201355 27.176880 0.064038
180.000000 288.606445 176.361328 12.692383 31.377838 0.055200
210.000000 81.444145 175.435577 12.985657 30.016266 0.480755
210.000000 141.909637 166.209473 14.521820 35.268402 0.424971
210.000000 0.000000 180.672943 18.446644 38.639771 0.417197
210.000000 466.686890 164.271942 19.666809 46.886108 0.395959
210.000000 70.756004 175.563278 14.721451 31.109528 0.267560
210.000000 379.754333 185.696060 14.337708 31.927490 0.149569
210.000000 417.220917 189.657791 14.378662 30.996857 0.145035
210.000000 103.259506 178.672211 10.731857 27.138092 0.131595
210.000000 7.304117 180.919098 13.185186 30.192688 0.117682
210.000000 17.904497 181.446518 15.044836 35.869141 0.099859
210.000000 108.092705 175.135223 13.911331 32.531769 0.099334
210.000000 76.164528 176.801788 12.908630 27.866791 0.097870
210.000000 473.726532 168.073822 14.754211 34.225281 0.090977
210.000000 468.584717 170.992813 22.172302 56.485657 0.083650
210.000000 437.931274 176.210098 16.635498 39.925842 0.074092
210.000000 129.368179 164.430908 13.119690 31.830383 0.059133
210.000000 117.575165 165.560104 14.321335 34.225616 0.057236
210.000000 137.226730 165.202301 24.147980 54.365295 0.051200
240.000000 53.852661 177.953064 20.660080 45.950562 0.451730
240.000000 381.078918 181.340866 22.863220 59.631073 0.369681
240.000000 534.690857 159.285995 19.662354 52.373352 0.362343
240.000000 80.494019 175.941727 13.806305 33.159302 0.259148
240.000000 386.468719 185.410019 16.201721 38.843964 0.225601
240.000000 450.343506 147.632385 24.043823 62.527222 0.224791
240.000000 72.987724 179.969238 16.196167 33.306702 0.202714
240.000000 101.444946 175.450500 13.571259 33.462616 0.131069
240.000000 491.696930 162.442596 24.558868 62.668396 0.128624
240.000000 44.858856 177.689545 15.010460 34.175568 0.114835
240.000000 495.997498 163.473419 14.857544 35.425598 0.111689
240.000000 58.094631 177.900650 14.251163 29.798950 0.094993
240.000000 76.678268 175.603043 21.932129 47.322327 0.094466
240.000000 537.983459 161.250397 13.865601 31.908936 0.094052
240.000000 527.570068 151.387451 15.461670 36.451935 0.091181
240.000000 167.731979 178.826706 12.041809 30.500671 0.090452
240.000000 540.800476 146.489807 15.094116 35.415283 0.083921
240.000000 123.525047 165.443497 13.863838 33.501678 0.082848
240.000000 389.184418 175.110184 15.217529 36.030914 0.080308
240.000000 383.469696 174.298172 15.826294 37.417908 0.079394
240.000000 75.016075 193.762024 16.935425 37.289276 0.073891
240.000000 99.405762 175.322937 20.057175 53.847321 0.067081
240.000000 51.124420 177.583298 15.061798 30.240967 0.064771
240.000000 120.646194 164.298843 21.145752 53.782623 0.062370
240.000000 516.307373 174.627045 10.984375 28.580902 0.061986
270.000000 57.508308 177.459793 15.421097 36.025024 0.520777
270.000000 35.382431 181.694778 18.328331 44.168732 0.500345
270.000000 577.296875 173.611954 17.964111 43.321655 0.418868
270.000000 28.470390 180.521667 31.032532 58.706726 0.371198
270.000000 53.876923 175.976700 23.249557 54.970490 0.366357
270.000000 269.295929 185.310501 19.188904 46.231537 0.249295
270.000000 251.045258 185.559753 16.166382 40.267517 0.245337
270.000000 572.508118 169.902954 26.192749 64.574463 0.204215
270.000000 457.904236 174.716766 13.669800 31.689209 0.199490
270.000000 272.894135 184.915817 12.499084 34.117310 0.159829
270.000000 28.738203 180.372650 19.497660 40.942535 0.158208
270.000000 596.209961 176.894547 14.053223 32.555237 0.141422
270.000000 400.501953 192.933151 16.889648 40.404694 0.136965
270.000000 529.559143 167.254364 17.340820 38.107666 0.134440
270.000000 521.882385 165.652023 26.074829 55.839386 0.117088
270.000000 514.089966 175.985184 13.856079 33.543732 0.107184
270.000000 404.788116 181.486572 12.447449 30.336426 0.104234
270.000000 111.000458 185.071426 13.944824 32.473022 0.104151
270.000000 542.380859 179.325424 11.192017 26.485474 0.094665
270.000000 463.138550 170.389877 15.281372 35.515717 0.094548
270.000000 81.473434 178.130325 13.035522 33.201630 0.082919
270.000000 85.397110 168.317154 12.889175 29.933472 0.074760
270.000000 556.600769 168.812469 15.862305 38.325439 0.072344
270.000000 454.465424 156.953339 19.138184 46.977417 0.071840
270.000000 30.808336 179.582489 13.255556 29.441345 0.062357
270.000000 465.476501 151.927094 15.495361 36.180756 0.061294
270.000000 51.000893 180.632156 13.580818 32.513885 0.060567
270.000000 95.698402 164.946198 14.440414 31.260040 0.060506
270.000000 89.296448 179.754898 16.305038 36.188446 0.060004
300.000000 18.193935 177.591248 19.057877 46.315369 0.564691
300.000000 471.666809 166.854462 16.437622 39.559998 0.502892
300.000000 37.394165 174.542725 14.776924 35.633209 0.427006
300.000000 456.567352 165.561676 15.788635 37.931000 0.406827
300.000000 93.262222 160.940765 18.085312 43.367279 0.358161
300.000000 463.650208 150.866333 22.481934 53.951813 0.346934
300.000000 11.989819 176.173676 29.104637 62.964172 0.341202
300.000000 37.172565 175.507431 21.193367 50.847260 0.336641
300.000000 22.258526 176.624023 13.293346 32.620483 0.230242
300.000000 571.379333 152.338196 15.184326 38.370056 0.215434
300.000000 60.181583 179.977341 16.777866 41.015442 0.202311
300.000000 552.923218 171.050995 14.014282 33.207825 0.199853
300.000000 420.440674 196.650574 16.817078 43.154633 0.189333
300.000000 462.212830 168.223236 13.008118 33.884277 0.187214
300.000000 578.962341 143.539108 22.702759 52.927490 0.187148
300.000000 62.327271 163.156952 23.966476 58.597565 0.177161
300.000000 535.418274 167.988068 15.992554 35.767242 0.165259
300.000000 80.266930 176.259460 15.285141 35.066254 0.161654
300.000000 13.963313 177.411987 15.558877 33.595764 0.146180
300.000000 64.629234 176.751572 13.649002 29.539917 0.145301
300.000000 465.182770 155.361176 15.769409 37.415924 0.141220
300.000000 531.498169 145.873047 23.335815 58.858948 0.133521
300.000000 460.218353 159.278946 11.262207 27.739929 0.131447
300.000000 465.800781 168.663803 15.800354 35.001160 0.110584
300.000000 472.886780 159.301483 11.557068 28.631714 0.085332
300.000000 92.593826 160.365723 26.343811 61.410217 0.067450
300.000000 519.591675 173.486038 13.085449 31.169434 0.062097
300.000000 540.102417 175.005997 14.072754 30.545837 0.059085
300.000000 44.618946 176.428253 17.291260 39.169342 0.058525
300.000000 180.581375 144.163391 29.265717 70.891266 0.056949
300.000000 427.062775 175.095871 13.056641 28.988220 0.050807
300.000000 589.539368 155.376434 15.248535 36.661041 0.050368
330.000000 10.450104 172.614197 24.692978 59.878204 0.533961
330.000000 472.498901 171.502502 12.037048 30.759949 0.229085
330.000000 15.513443 173.234497 15.605377 38.202454 0.218108
330.000000 60.257446 175.904877 15.306808 37.368713 0.205524
330.000000 485.163422 175.314667 12.299622 25.886505 0.125785
330.000000 557.223022 165.747406 15.412598 37.448181 0.114947
330.000000 18.096529 174.668793 19.022917 45.629639 0.109677
330.000000 482.753418 159.974243 17.406433 41.266815 0.109210
330.000000 531.713562 156.538300 14.833252 35.077850 0.102342
330.000000 29.282526 169.429398 22.120359 55.148376 0.094020
330.000000 79.176971 158.573669 25.141083 59.778107 0.083707
330.000000 94.110023 167.858627 16.579514 42.173462 0.082282
330.000000 81.502815 169.037766 14.290573 36.145569 0.077218
330.000000 86.084473 157.134079 15.232605 35.503601 0.074837
330.000000 32.245533 172.627029 15.397118 37.723114 0.072030
330.000000 63.763889 173.947540 13.178722 28.092529 0.065869
330.000000 183.778244 143.505875 21.295654 52.062866 0.064708
330.000000 494.791473 172.685226 13.589905 31.675812 0.063919
330.000000 174.914093 146.350769 17.417755 40.006683 0.062815
330.000000 252.808990 169.755127 16.462769 39.754700 0.059885
330.000000 472.081329 145.387161 22.583191 57.623993 0.059132
330.000000 38.299332 172.089600 14.225426 32.816315 0.056675
330.000000 177.266541 142.465088 30.291138 73.403473 0.055414
330.000000 27.744686 179.028259 16.408684 43.036163 0.055158
330.000000 462.905762 139.439560 25.402893 63.362000 0.051374
360.000000 237.078476 181.755447 20.995224 53.415009 0.526923
360.000000 56.983879 176.097305 17.112427 41.799805 0.460667
360.000000 246.084717 182.097168 20.100342 48.130951 0.459000
360.000000 613.894226 176.756653 12.256836 29.791565 0.434609
360.000000 608.782166 174.900345 12.397095 31.228241 0.415535
360.000000 37.174191 176.977264 14.403572 35.574463 0.274577
360.000000 393.865051 79.905869 14.963989 35.014526 0.249470
360.000000 241.691696 179.701294 29.465927 66.734558 0.232086
360.000000 238.242920 159.096710 18.372803 43.264771 0.197107
360.000000 52.625328 175.596222 27.203369 53.589539 0.184756
360.000000 568.324524 180.286270 10.214966 25.378723 0.182235
360.000000 48.035133 185.189194 14.898689 34.855225 0.166048
360.000000 26.174843 173.685226 27.023247 61.833313 0.162948
360.000000 7.747907 174.032639 18.098511 42.447937 0.160267
360.000000 87.520111 180.876419 13.010040 31.899780 0.145201
360.000000 492.927917 170.688187 14.046265 31.834961 0.139857
360.000000 521.457397 171.618988 13.417114 31.754761 0.134098
360.000000 197.173157 169.829636 14.681000 36.167969 0.131634
360.000000 25.736435 181.529404 16.816704 42.169983 0.105215
360.000000 624.626648 167.758850 15.193726 41.676270 0.103712
360.000000 255.483292 179.244873 21.665176 52.860321 0.096303
360.000000 228.886185 154.796402 16.159302 37.698639 0.088321
360.000000 516.768616 170.116699 12.624390 31.222290 0.080898
360.000000 6.089817 174.310562 25.570747 61.597809 0.076768
360.000000 28.263092 175.424698 14.994255 34.035278 0.067087
360.000000 192.324356 151.124924 14.431915 36.107483 0.065098
360.000000 232.050247 184.774048 17.759338 42.966125 0.059383
360.000000 180.463242 140.616302 27.043610 68.089355 0.057870
360.000000 618.772339 166.505371 21.025146 78.898712 0.056161
360.000000 76.278969 179.985992 14.125992 34.243378 0.053961
360.000000 590.942566 177.105316 12.762573 28.138733 0.050947
390.000000 489.442780 199.969315 37.612579 107.501785 0.271091
390.000000 574.168335 173.517273 14.074829 35.381104 0.234198
390.000000 11.773212 176.922470 14.450195 36.526062 0.211053
390.000000 29.921568 127.683624 12.761675 32.132660 0.207752
390.000000 147.463486 107.229782 16.320770 40.300949 0.200914
390.000000 189.494202 147.711548 14.315704 33.286774 0.180915
390.000000 4.330924 176.382355 20.180054 49.585876 0.166364
390.000000 439.409546 58.386875 19.002441 47.271633 0.150513
390.000000 240.116226 159.781784 15.858887 37.056427 0.149927
390.000000 0.087727 188.195068 12.745999 54.452209 0.140702
390.000000 423.511475 52.422390 21.623108 51.670368 0.132274
390.000000 65.929466 164.902557 14.164719 33.078857 0.125495
390.000000 190.070267 151.849792 17.044037 43.686157 0.124393
390.000000 87.757095 165.117783 14.533508 34.413605 0.118301
390.000000 174.051956 132.612854 15.842926 39.756531 0.094453
390.000000 58.083656 179.423141 13.489563 32.324799 0.092071
390.000000 185.929810 148.052460 24.831024 64.165741 0.086330
390.000000 168.806335 135.529114 28.325378 70.426758 0.084099
390.000000 80.692917 162.339996 13.434875 32.029510 0.080653
390.000000 561.741577 176.455399 10.798828 29.025818 0.076114
390.000000 87.109573 179.898575 14.239670 33.746002 0.069363
390.000000 394.379150 81.282028 16.089722 36.322708 0.059390
390.000000 221.835983 144.813034 16.271942 38.505646 0.051659
390.000000 118.579704 153.927078 16.806023 43.595825 0.050584
420.000000 231.253799 182.655457 31.860916 86.937012 0.810348
420.000000 606.181396 169.490860 18.617554 43.805359 0.556513
420.000000 433.570984 80.937561 16.249084 38.223633 0.546969
420.000000 573.079224 179.235825 13.709473 32.944519 0.463025
420.000000 11.856518 180.820343 14.214142 35.615173 0.449869
420.000000 237.356232 190.616669 21.070160 50.322998 0.396966
420.000000 244.308441 188.489243 19.258972 45.781433 0.357604
420.000000 393.485291 84.780762 13.996338 31.332291 0.304254
420.000000 518.610474 176.288895 15.109009 34.208923 0.301199
420.000000 563.927429 175.697159 14.779419 36.194580 0.290009
420.000000 4.635103 180.485519 20.136770 46.601654 0.283091
420.000000 32.529835 182.087997 17.001045 40.299744 0.224083
420.000000 65.238243 170.475098 15.292603 37.231049 0.192617
420.000000 59.241356 184.395065 13.948532 33.933441 0.166502
420.000000 28.365736 178.119919 14.969355 32.777100 0.103219
420.000000 442.215973 65.427689 16.689941 42.249771 0.103196
420.000000 86.962761 164.465393 15.645401 36.050781 0.092641
420.000000 28.822451 131.759140 14.563570 34.972046 0.088794
420.000000 423.076813 54.931332 20.471497 49.452244 0.085239
420.000000 589.191650 172.071045 15.109985 36.806152 0.084653
420.000000 525.999084 179.435135 12.833862 29.264923 0.070300
420.000000 177.358597 143.732864 29.942841 74.077698 0.065147
420.000000 241.117706 190.988770 14.204620 33.984528 0.059710
420.000000 597.838684 175.026108 13.427490 35.005859 0.053098
450.000000 605.343323 168.754974 20.134521 46.884064 0.674161
450.000000 245.015106 190.797852 19.521271 47.663849 0.576441
450.000000 489.727844 205.430756 40.712097 115.112488 0.297800
450.000000 11.964447 183.604904 13.595520 34.530487 0.267025
450.000000 240.303925 185.962463 27.030273 69.037476 0.255051
450.000000 85.433182 169.155334 14.440857 33.534088 0.219296
450.000000 563.450378 175.578430 16.685303 38.727478 0.217987
450.000000 229.480194 164.237091 14.654175 34.092743 0.202969
450.000000 514.275024 167.168533 18.966675 45.952087 0.198847
450.000000 272.060577 102.528824 16.057434 39.042511 0.188529
450.000000 28.164871 184.681290 22.091850 49.299164 0.168188
450.000000 126.779167 101.415894 35.400398 84.682281 0.163912
450.000000 34.062511 185.720612 15.210114 35.045166 0.161461
450.000000 5.701334 183.231232 19.350487 47.011993 0.161281
450.000000 237.922195 168.786438 25.451370 63.943298 0.150446
450.000000 193.963745 174.729462 18.183228 46.265411 0.150251
450.000000 236.142776 191.065216 19.226379 49.468719 0.120761
450.000000 31.547123 182.210571 12.530724 28.854858 0.088849
450.000000 245.274994 168.475449 15.697723 37.680450 0.081344
450.000000 92.465790 196.179504 14.988007 34.855164 0.076908
450.000000 247.708084 180.037186 14.897507 35.002594 0.066692
450.000000 22.131744 182.350204 14.363487 34.805298 0.061924
450.000000 0.115401 186.095581 11.699900 49.511169 0.061703
450.000000 554.617920 168.930847 15.675293 36.167755 0.060888
450.000000 573.038025 183.441391 13.211792 31.660492 0.060211
450.000000 191.566040 176.148453 12.723938 34.700775 0.058558
450.000000 525.632751 171.694046 12.104614 27.682617 0.054187
450.000000 519.802673 175.760391 17.327393 38.581024 0.053673
450.000000 87.544060 192.411621 14.616058 35.004700 0.052917
450.000000 60.872929 180.064911 11.912548 31.570648 0.051466
480.000000 245.311554 193.460587 17.408600 42.924805 0.430857
480.000000 574.464966 186.077652 12.406250 31.986359 0.427884
480.000000 11.106373 185.204941 15.436325 36.455872 0.309103
480.000000 6.326722 184.440018 22.221569 53.090729 0.282145
480.000000 129.252060 104.510628 31.845581 75.059319 0.260823
480.000000 514.426636 171.575714 18.422485 43.615112 0.256688
480.000000 60.188221 182.180756 12.765781 30.803375 0.249757
480.000000 560.765015 184.051865 14.295898 35.784424 0.183261
480.000000 125.425278 122.622917 25.851501 60.895195 0.153492
480.000000 241.626221 186.956879 25.031281 66.236633 0.143619
480.000000 393.509979 89.426605 16.400146 37.130020 0.137068
480.000000 524.533997 182.813110 11.202271 28.227386 0.124588
480.000000 236.599991 199.263702 16.984283 41.218628 0.113910
480.000000 490.472870 208.510559 40.977020 111.310181 0.112675
480.000000 191.261887 162.037109 17.484528 39.864105 0.085634
480.000000 31.694710 187.006149 17.180107 42.605988 0.069192
480.000000 230.085648 166.744110 13.988495 32.437317 0.064456
480.000000 82.063301 174.927917 13.484436 33.434723 0.063814
480.000000 179.044891 162.401062 18.654510 46.082153 0.057524
480.000000 188.569855 179.092422 16.307190 41.657501 0.056877
510.000000 237.343231 199.016724 17.703644 46.935150 0.494834
510.000000 513.681335 169.345566 19.691284 49.198364 0.400100
510.000000 607.835083 175.612534 18.206543 44.307709 0.324267
510.000000 53.464458 187.765900 20.511356 49.740570 0.322514
510.000000 4.584733 186.068146 21.696175 50.566895 0.254071
510.000000 23.507814 184.603241 20.398695 47.161804 0.187949
510.000000 245.581757 186.720749 18.215698 45.736481 0.186751
510.000000 124.833122 125.026520 27.722298 67.366821 0.166500
510.000000 131.269623 106.287346 30.793915 77.857857 0.146864
510.000000 32.198509 188.205109 16.558281 38.776031 0.136123
510.000000 11.482569 187.571808 13.585739 32.121460 0.136063
510.000000 574.019531 187.388962 12.528809 32.058838 0.134228
510.000000 191.557007 164.413818 15.432220 36.133881 0.118673
510.000000 229.474197 167.760818 14.765900 33.392456 0.114711
510.000000 59.371704 184.129807 13.010269 33.974396 0.089529
510.000000 521.512085 178.333130 15.665771 37.145996 0.075991
510.000000 247.287323 181.001007 15.036865 35.356262 0.071996
510.000000 21.566069 183.045425 29.825869 70.090851 0.068220
510.000000 1.442182 184.343536 29.910351 79.623047 0.067595
510.000000 180.118042 160.531677 16.949463 40.849487 0.060485
510.000000 47.655788 185.883392 31.951504 73.933136 0.056163
510.000000 123.474892 117.014114 19.177483 46.935699 0.055303
510.000000 186.010300 157.398758 24.688873 57.523865 0.050115
540.000000 608.151001 173.713959 19.011108 47.324310 0.668459
540.000000 125.238258 126.027618 24.623146 57.843658 0.466074
540.000000 514.683228 172.354233 17.968384 45.199890 0.350122
540.000000 65.433014 175.858368 13.569855 32.969635 0.307862
540.000000 574.834167 189.221985 13.189453 32.770691 0.260577
540.000000 560.616821 187.234283 13.952637 33.488159 0.170321
540.000000 134.529556 107.604187 27.842743 65.712982 0.163347
540.000000 180.335587 160.602692 17.666534 44.381378 0.144377
540.000000 84.074951 173.781494 14.680847 35.751892 0.143826
540.000000 22.013443 184.543472 24.856567 59.107880 0.142532
540.000000 59.398033 174.110077 22.780075 54.837677 0.125696
540.000000 33.576569 192.005920 18.118164 43.732635 0.108878
540.000000 619.613586 168.013367 18.388916 53.593536 0.088843
540.000000 10.546047 189.199844 16.441944 37.516479 0.088773
540.000000 244.018784 191.855042 19.659134 50.590546 0.088710
540.000000 69.458626 175.359131 14.244415 32.018250 0.083232
540.000000 91.323921 170.101364 15.626175 36.730316 0.082005
540.000000 489.404053 184.532562 17.006592 38.162811 0.078260
540.000000 27.578266 187.103302 17.519951 41.626709 0.077232
540.000000 162.144470 148.275467 19.034271 46.455139 0.074161
540.000000 171.277390 154.499847 26.871246 66.550079 0.070612
540.000000 498.529541 183.051575 11.279541 28.705017 0.061366
540.000000 513.608276 189.799637 16.530273 37.021088 0.061059
540.000000 83.601639 169.924133 25.446915 56.444885 0.058407
540.000000 191.446030 162.599869 14.725555 36.795654 0.054626
540.000000 162.330475 145.594437 26.993744 66.664795 0.051040
540.000000 174.134674 152.568024 18.550781 43.315186 0.050272
570.000000 607.159424 174.700958 19.703247 47.193970 0.802452
570.000000 573.811340 189.462006 13.207520 32.638275 0.452642
570.000000 620.563171 173.468399 17.523560 47.795074 0.147308
570.000000 65.582809 176.246643 14.108932 33.700012 0.141904
570.000000 522.249146 185.678558 13.787964 30.606781 0.102698
570.000000 562.330688 188.210388 11.045166 29.561859 0.098411
570.000000 611.671326 174.002823 14.501099 30.586304 0.092763
570.000000 245.466492 190.887482 19.584747 50.110779 0.081688
570.000000 60.478424 175.094055 23.472351 52.555328 0.079378
570.000000 82.323334 173.974258 13.317886 30.797699 0.075969
570.000000 518.956116 178.940277 13.978516 32.325378 0.066903
570.000000 92.103333 171.625916 14.045059 32.731384 0.061843
570.000000 31.603111 189.054443 14.682915 35.199219 0.060393
570.000000 555.993103 176.305634 12.877197 30.277069 0.059834
570.000000 183.454666 165.428085 15.224304 37.152893 0.053264
600.000000 564.852051 16.926933 14.186646 34.085556 0.302039
600.000000 574.718384 186.478271 13.657593 34.626892 0.291236
600.000000 557.211121 178.160065 12.250244 27.435181 0.277303
600.000000 609.096069 175.111115 18.061646 44.802002 0.239270
600.000000 65.284966 175.719757 14.120529 34.846100 0.169098
600.000000 512.999329 187.749451 16.690430 38.707397 0.138734
600.000000 86.515442 173.039490 15.211426 35.188629 0.117147
600.000000 585.306641 10.584002 16.079712 39.454613 0.078183
600.000000 27.988646 140.142654 15.883169 35.275024 0.077140
600.000000 246.128540 187.256653 18.469910 44.666504 0.068980
600.000000 498.876526 183.453491 10.829224 24.180420 0.063153
600.000000 611.603027 175.433472 12.225098 27.777740 0.056475
600.000000 406.250610 108.787857 16.056519 38.357498 0.051484
600.000000 510.752380 169.233887 23.603638 57.223083 0.051210
630.000000 608.000916 174.209930 18.746826 46.145752 0.783401
630.000000 573.561951 187.906281 13.380737 34.046509 0.428572
630.000000 620.955444 172.934692 17.388184 48.708344 0.278252
630.000000 82.082947 172.988266 13.706619 33.703979 0.217567
630.000000 86.776810 173.015884 15.174530 35.152161 0.187239
630.000000 244.773865 186.719849 21.494812 55.115295 0.162263
630.000000 556.682190 178.510818 13.044678 26.733063 0.158402
630.000000 514.186829 188.644531 15.931885 37.786346 0.155593
630.000000 518.518250 184.430923 13.839966 33.763031 0.113540
630.000000 91.702927 171.976898 15.142883 36.336060 0.109015
630.000000 27.859112 140.401718 15.810387 35.357788 0.108863
630.000000 405.516876 107.621002 16.809692 43.280853 0.077734
630.000000 164.173920 145.507660 32.804474 80.872925 0.076189
630.000000 525.696045 193.676483 10.261597 23.619324 0.072125
630.000000 130.739197 106.930984 32.283630 80.370636 0.070717
630.000000 613.077271 172.308929 13.879761 28.701538 0.068604
630.000000 578.319885 189.149551 13.246216 32.944092 0.067268
630.000000 78.698853 171.551956 24.303711 55.300201 0.062794
660.000000 608.702271 172.218704 19.272461 47.044586 0.870709
660.000000 621.070129 170.661819 18.879883 50.990234 0.210651
660.000000 245.030670 186.430923 20.984375 55.218964 0.196919
660.000000 129.903976 139.140839 25.063232 57.043182 0.179250
660.000000 562.294922 175.734085 17.966919 43.833405 0.177836
660.000000 512.823303 171.489059 18.242554 43.679352 0.172920
660.000000 376.497437 110.912827 14.164856 35.031036 0.167154
660.000000 570.769348 173.319260 17.976318 45.365143 0.159827
660.000000 556.001587 170.677124 14.858765 34.327545 0.144042
660.000000 236.700592 197.914673 18.500854 47.859497 0.132558
660.000000 555.589661 176.164566 18.476318 45.581268 0.131384
660.000000 598.684387 180.948700 14.376221 36.518158 0.118300
660.000000 601.458130 177.130692 18.340698 41.688782 0.110426
660.000000 564.697144 177.885651 12.491943 29.698792 0.110244
660.000000 547.000732 167.943192 19.446533 46.696655 0.107869
660.000000 131.142914 106.186745 29.977570 67.553947 0.106088
660.000000 612.562439 171.827850 14.679443 30.257904 0.102693
660.000000 57.058376 185.190033 17.604549 42.446228 0.099477
660.000000 82.975426 171.319641 12.920303 30.288116 0.097201
660.000000 393.212006 92.332886 15.339844 35.354568 0.095540
660.000000 9.567722 186.763824 15.858772 35.650269 0.094745
660.000000 230.006424 168.041245 14.667694 33.475128 0.087096
660.000000 89.097794 169.374771 18.346512 43.911194 0.080598
660.000000 575.820251 185.483444 14.348267 33.160461 0.070501
660.000000 219.368149 161.408310 19.095428 45.734894 0.060692
660.000000 84.730270 170.998840 16.614517 38.928253 0.059802
660.000000 247.751343 183.717453 15.975464 40.059448 0.056680
660.000000 352.628723 105.858627 16.299316 37.842911 0.054730
660.000000 23.533844 185.002197 14.897919 34.722900 0.053065
690.000000 607.981750 172.335983 20.466553 47.628235 0.836285
690.000000 517.061401 180.726562 15.892212 37.240112 0.462744
690.000000 556.474304 173.970245 13.502319 30.769257 0.388000
690.000000 393.705261 91.064392 15.222534 35.343918 0.281314
690.000000 8.406086 187.949341 18.104599 39.231659 0.279847
690.000000 130.681793 140.327332 21.791656 47.337250 0.245688
690.000000 572.731201 176.879364 16.428589 42.773926 0.193470
690.000000 612.835022 171.652313 12.559814 31.359161 0.165841
690.000000 620.779602 171.019318 18.058594 48.365479 0.144951
690.000000 603.639221 177.938553 17.940918 41.447937 0.126563
690.000000 128.564621 106.073532 30.899994 71.586273 0.124440
690.000000 83.194717 172.340286 13.244873 32.347748 0.116662
690.000000 22.878645 184.684540 19.143633 45.405243 0.114137
690.000000 498.428192 183.150070 11.348267 23.002136 0.104441
690.000000 365.963684 111.752945 17.767517 39.350342 0.102376
690.000000 599.305908 181.236847 12.926636 34.245209 0.091951
690.000000 245.304565 185.521912 21.885498 56.024719 0.090745
690.000000 521.878052 178.546326 15.247803 35.078949 0.081235
690.000000 229.120819 169.108459 15.526733 36.946869 0.071473
690.000000 562.082031 177.915665 11.376953 26.836487 0.070563
690.000000 589.716187 178.117188 14.606323 33.306122 0.068937
690.000000 17.471901 183.637543 28.403481 66.713531 0.064811
690.000000 181.122192 159.890366 15.558441 39.653229 0.064346
690.000000 28.335037 137.989883 14.932510 36.350647 0.055814
690.000000 65.691254 174.597168 14.869843 35.185150 0.053428
720.000000 609.489929 171.700958 18.897827 48.252594 0.597186
720.000000 605.280090 182.404541 16.068604 36.758148 0.189028
720.000000 556.843506 176.396683 13.340332 28.808655 0.161179
720.000000 9.545317 187.345337 16.584602 36.984161 0.142153
720.000000 220.694901 165.710876 15.349426 34.916809 0.133784
720.000000 82.859627 172.301025 13.483246 33.219971 0.131680
720.000000 132.524475 105.894547 26.988647 65.363586 0.130137
720.000000 612.704773 171.079590 12.605713 29.839111 0.114031
720.000000 89.820396 169.215714 17.219177 42.482819 0.100861
720.000000 169.704758 153.620209 29.587341 71.385315 0.100297
720.000000 179.315384 158.929230 18.479126 45.931274 0.095047
720.000000 230.353226 169.086914 13.151794 30.767242 0.079317
720.000000 246.152206 187.140289 16.800034 42.201050 0.075951
720.000000 58.453857 186.417709 16.061020 39.623260 0.072662
720.000000 623.711426 169.593994 16.172485 51.641205 0.068994
720.000000 127.165924 125.569084 24.646606 58.404671 0.066461
720.000000 573.974365 187.004166 12.537598 32.450226 0.063865
720.000000 563.359253 178.035294 12.076660 27.236816 0.060905
720.000000 3.913943 185.922241 22.869072 55.159027 0.059614
720.000000 598.503052 182.701691 13.461792 33.367401 0.056591
750.000000 607.985291 173.821350 19.116821 46.111481 0.715390
750.000000 515.200745 181.809174 18.229980 42.747864 0.340188
750.000000 556.378662 174.792725 13.669922 30.242767 0.329720
750.000000 229.410324 168.968170 15.476654 36.355621 0.322964
750.000000 9.931261 187.620255 16.312698 37.237152 0.250035
750.000000 573.335022 185.053940 13.943726 33.916931 0.237290
750.000000 219.326828 162.834686 18.326691 44.017944 0.232562
750.000000 393.394470 90.743080 15.886475 37.314598 0.220746
750.000000 3.931419 186.636520 24.002249 51.961609 0.168573
750.000000 240.597351 169.220016 13.980713 32.511688 0.166372
750.000000 83.603851 172.337097 11.924454 28.934998 0.165090
750.000000 580.125916 186.512390 13.612305 32.542816 0.148291
750.000000 612.122620 171.262329 13.806885 32.295898 0.134707
750.000000 58.424263 184.825165 15.423599 38.119171 0.132140
750.000000 497.910431 182.833542 10.833618 22.796051 0.124122
750.000000 521.247437 181.856415 14.831177 32.336578 0.123500
750.000000 126.098511 105.324028 34.618439 82.979225 0.123180
750.000000 367.237061 113.170387 17.208984 37.667259 0.118194
750.000000 601.773193 158.629944 18.905762 43.051453 0.110416
750.000000 213.661728 161.750488 27.163116 66.441071 0.109633
750.000000 181.375900 160.671875 15.772675 39.485291 0.105983
750.000000 598.327026 180.737869 13.357788 34.149200 0.102368
750.000000 563.180054 168.041351 13.770020 32.980713 0.099318
750.000000 246.823730 186.583069 17.648163 44.339691 0.085120
750.000000 589.959595 180.318192 12.710205 27.682159 0.080870
750.000000 461.697174 105.888542 16.359192 37.408607 0.076176
750.000000 588.617249 1.720772 19.633179 45.827347 0.072680
750.000000 238.347015 169.699158 21.816132 56.971802 0.072642
750.000000 192.557770 165.769745 13.577545 32.458496 0.069417
750.000000 85.778664 170.916504 15.625046 39.012115 0.067225
750.000000 623.313110 168.005951 16.686890 49.633942 0.065007
750.000000 23.243675 184.890717 16.795918 39.154724 0.064208
750.000000 406.974854 105.841125 16.006348 38.459274 0.063386
750.000000 72.067406 171.780823 12.046448 28.104767 0.063117
750.000000 91.548729 169.723862 13.667908 32.632690 0.061887
750.000000 174.108475 155.365280 26.425781 63.954620 0.060385
750.000000 30.353973 138.831375 12.219872 29.276031 0.058888
750.000000 567.032166 164.284714 22.060669 56.568237 0.057383
750.000000 351.779449 106.074005 17.618286 40.395828 0.051127
780.000000 608.009583 173.154556 17.897095 46.344757 0.498169
780.000000 126.582237 105.529121 33.107735 77.989769 0.359706
780.000000 556.362610 174.165039 13.767578 30.383881 0.248410
780.000000 129.095444 140.017410 25.331268 56.579803 0.223226
780.000000 570.352905 172.098373 18.496460 47.862701 0.212275
780.000000 9.817034 186.142746 16.334389 37.269684 0.178521
780.000000 63.918365 174.545395 15.730621 37.018433 0.143174
780.000000 410.645721 104.545120 14.049744 34.417374 0.132298
780.000000 246.059952 185.898727 19.146011 46.408173 0.124316
780.000000 368.381989 112.433159 17.044006 38.005043 0.118456
780.000000 604.833862 181.925507 15.444214 36.561737 0.116738
780.000000 84.124580 170.774567 13.132950 30.332031 0.112294
780.000000 4.073075 185.816177 23.551647 53.381042 0.109570
780.000000 518.067993 181.437439 13.862549 33.244110 0.094974
780.000000 404.251862 110.597755 12.868286 32.055977 0.093290
780.000000 26.918461 137.711578 16.775009 39.326233 0.087741
780.000000 242.524231 177.884369 13.495148 33.531860 0.077723
780.000000 83.979645 170.043365 18.531891 46.788849 0.074106
780.000000 613.055298 186.870102 13.300781 33.227386 0.073201
780.000000 237.028091 196.197235 19.625504 47.921844 0.072346
780.000000 239.421494 173.588547 22.134995 53.321320 0.064949
780.000000 23.316376 184.251831 17.725159 44.306732 0.064089
780.000000 192.405334 167.018005 13.424835 32.928406 0.063772
780.000000 90.374123 169.065155 14.306168 34.116943 0.058584
780.000000 248.906570 183.790909 14.169754 32.519104 0.058504
780.000000 419.174103 108.868034 17.173645 41.524223 0.053259
780.000000 219.321381 163.674896 18.677216 44.558807 0.053206
780.000000 107.427963 110.433868 24.810928 60.832642 0.051723
780.000000 599.127991 179.453705 12.485718 34.054291 0.050406
810.000000 607.035950 171.120010 19.691406 48.659210 0.672256
810.000000 556.709106 174.139572 13.596680 30.369568 0.346015
810.000000 570.705688 175.272995 17.057617 44.858429 0.285542
810.000000 8.123571 187.448334 18.385921 37.686005 0.241581
810.000000 89.762413 170.625122 14.777008 34.800690 0.226078
810.000000 514.042908 188.150116 15.691650 36.411499 0.177619
810.000000 604.792419 183.531067 15.797729 36.045837 0.170193
810.000000 393.241882 92.464966 15.647217 35.567215 0.154641
810.000000 132.018082 106.182129 29.912292 69.008423 0.153883
810.000000 150.069641 165.447754 15.544434 37.003876 0.127392
810.000000 611.732544 170.462234 13.105103 26.460602 0.120841
810.000000 65.384583 174.876556 14.176971 34.347809 0.113209
810.000000 3.856889 185.774841 25.961475 58.351196 0.112327
810.000000 84.595856 172.266327 14.363266 33.894104 0.105734
810.000000 246.937500 185.139160 16.766907 43.361725 0.096454
810.000000 23.054543 184.577316 17.601749 39.967865 0.096012
810.000000 192.283371 167.146286 13.081207 32.533478 0.087299
810.000000 18.463173 183.336441 27.930962 64.424316 0.086687
810.000000 497.012695 183.561493 11.891052 27.220459 0.082906
810.000000 611.372375 153.784256 16.120483 36.635254 0.081557
810.000000 241.251785 172.562317 14.671539 37.052643 0.076852
810.000000 84.927841 169.399948 23.349258 56.068573 0.074718
810.000000 219.664764 167.700348 17.591888 39.743347 0.073963
810.000000 195.673172 182.010574 16.660431 39.492798 0.069439
810.000000 492.102875 183.741058 14.820435 34.179382 0.064304
810.000000 238.539734 171.059769 21.990417 56.400024 0.059540
810.000000 229.830795 170.569611 14.641479 35.130310 0.059034
810.000000 613.235901 183.437668 15.726074 36.591003 0.057281
810.000000 559.377563 167.673904 13.649292 29.223846 0.057131
810.000000 597.366577 183.218582 12.324463 28.877411 0.055054
840.000000 219.232193 158.928421 18.782379 44.031433 0.583458
840.000000 392.636871 90.814743 16.861633 38.405167 0.447019
840.000000 230.003647 168.865051 14.865326 35.530945 0.307368
840.000000 216.452789 159.365753 25.607635 64.229645 0.291676
840.000000 611.946655 185.545288 14.609253 35.073517 0.276365
840.000000 241.261215 172.791489 14.259003 34.472595 0.199469
840.000000 132.768250 105.922050 28.543549 67.632332 0.195770
840.000000 10.069965 187.440781 16.422760 36.420929 0.172729
840.000000 497.000031 183.084503 11.849060 28.290222 0.153867
840.000000 557.245544 176.026459 12.056152 27.359985 0.144565
840.000000 246.503998 185.106415 18.583374 45.972137 0.124667
840.000000 492.004303 184.394302 14.812439 34.389526 0.120746
840.000000 193.078598 166.360336 12.823273 31.720612 0.120309
840.000000 366.655975 110.493927 19.757568 45.631012 0.116520
840.000000 514.052002 189.094223 15.878540 35.499725 0.111155
840.000000 570.917603 176.343887 17.266846 43.410400 0.101090
840.000000 599.126343 185.072693 12.341919 31.948212 0.098911
840.000000 86.358902 170.787979 15.801392 41.002136 0.096396
840.000000 351.386047 105.887032 18.554138 43.546074 0.090723
840.000000 238.487732 171.645950 21.725891 54.649780 0.088980
840.000000 248.443039 182.339935 13.985367 34.205933 0.081900
840.000000 23.427057 184.559738 18.046453 45.128113 0.079277
840.000000 603.491272 184.759277 11.973877 30.061066 0.079187
840.000000 370.339203 112.896194 14.121033 30.991150 0.075825
840.000000 607.464661 186.276688 13.782959 31.318848 0.070548
840.000000 410.793976 104.309166 13.600037 32.759468 0.067440
840.000000 425.273132 62.992775 21.082520 45.555588 0.052524
870.000000 607.166565 171.880676 20.268799 47.151031 0.836940
870.000000 230.658157 168.914810 15.514679 36.773865 0.401334
870.000000 219.759293 163.604752 17.606506 41.189697 0.326816
870.000000 393.589874 91.336670 15.282532 35.278061 0.267590
870.000000 556.024414 171.751068 13.895874 32.565002 0.147454
870.000000 459.136963 106.036484 17.931274 41.212173 0.141774
870.000000 6.632771 186.708206 19.383232 39.352722 0.139966
870.000000 241.402023 168.745331 13.628723 32.079895 0.125340
870.000000 129.302048 106.167465 31.750824 77.373322 0.098979
870.000000 572.623718 184.702484 14.530273 34.289276 0.094771
870.000000 410.706512 104.652534 12.675659 28.780495 0.088778
870.000000 215.820297 161.610535 26.009705 65.760956 0.088303
870.000000 602.934998 184.063309 16.192139 34.256226 0.085046
870.000000 246.787842 185.008392 16.657196 42.683899 0.080822
870.000000 225.597809 164.923813 21.287415 56.819519 0.073334
870.000000 23.374523 184.435165 18.456688 44.679260 0.069152
870.000000 124.662712 124.719490 26.670570 64.478874 0.065268
870.000000 146.451492 166.516479 17.916962 40.881500 0.064746
870.000000 238.012985 169.744629 22.191574 57.399750 0.062072
870.000000 90.882683 170.432144 13.859161 31.045532 0.061174
870.000000 518.279602 186.524246 11.542480 29.279602 0.060637
870.000000 621.899048 170.404236 17.793701 49.937988 0.057701
870.000000 132.408249 140.906097 21.716644 50.237305 0.056417
870.000000 351.965088 105.843369 16.063721 36.204529 0.053511
870.000000 490.526520 163.609283 17.190735 39.647491 0.052900
870.000000 596.425049 181.944412 12.073730 26.238464 0.050519
900.000000 609.043640 173.293411 18.258179 45.500427 0.811370
900.000000 393.121918 92.126068 15.284912 35.480499 0.340905
900.000000 230.914108 168.669006 13.643494 31.381744 0.278405
900.000000 219.384109 159.974182 17.407074 39.948822 0.199327
900.000000 556.434204 176.520981 13.109619 27.813904 0.194708
900.000000 7.058886 186.660324 19.948071 41.055847 0.192129
900.000000 130.777069 137.941528 23.371948 57.739990 0.150204
900.000000 420.488770 107.842606 14.654724 34.356903 0.149911
900.000000 190.922791 167.113403 13.241791 32.851807 0.130215
900.000000 370.232605 114.533775 13.492249 29.895210 0.126298
900.000000 410.701141 104.998940 12.788818 30.811974 0.119604
900.000000 613.439880 171.330292 13.295288 28.353668 0.111653
900.000000 513.534363 187.358322 16.254028 37.205322 0.108733
900.000000 217.188156 157.888428 24.554596 58.648865 0.103090
900.000000 604.228210 185.579620 14.412964 33.053192 0.086779
900.000000 573.512085 183.929169 14.352417 35.716492 0.084396
900.000000 594.739746 180.477142 14.274780 35.063141 0.062926
900.000000 352.672058 106.451675 14.832458 33.585205 0.058156
900.000000 405.599274 107.255096 15.776733 39.847046 0.055815
900.000000 22.939466 184.055405 18.988276 45.773285 0.051312
900.000000 130.067245 106.437698 31.296722 75.560699 0.050094
930.000000 393.861908 91.951950 15.923889 37.639908 0.472169
930.000000 609.381409 171.484558 17.991333 46.676941 0.438371
930.000000 128.916901 105.702759 32.887451 77.021301 0.293075
930.000000 9.207831 186.973114 17.601151 37.518982 0.276883
930.000000 23.755165 185.353119 17.610451 38.703705 0.237432
930.000000 410.792572 101.698166 12.758850 32.347000 0.150401
930.000000 230.837509 168.657028 14.349030 30.904633 0.149965
930.000000 18.244280 183.907089 28.552038 65.371521 0.147970
930.000000 220.386871 156.476944 16.846100 39.092346 0.140098
930.000000 2.972069 185.929092 25.009453 54.146912 0.139155
930.000000 556.903259 176.604218 12.654297 27.253143 0.135234
930.000000 216.996231 159.377899 14.166077 33.714172 0.094678
930.000000 34.974049 188.787628 16.110611 37.112427 0.090320
930.000000 240.138260 167.810715 13.770325 31.890381 0.084519
930.000000 516.735474 184.687088 14.088013 33.383575 0.081180
930.000000 203.880508 166.805252 15.257019 34.000061 0.073851
930.000000 274.481415 108.215630 12.031738 24.591408 0.069682
930.000000 607.015320 182.905930 14.677002 32.923065 0.065196
930.000000 67.510780 173.861588 14.567169 35.912476 0.060905
930.000000 573.563232 184.667786 13.883423 35.553894 0.051695
960.000000 125.396011 105.301498 34.172424 83.220734 0.439809
960.000000 514.427551 171.192764 18.104980 46.124420 0.392610
960.000000 611.820801 184.948532 14.486938 33.890747 0.332397
960.000000 556.767212 176.698212 14.379272 31.919250 0.324803
960.000000 9.679742 188.129288 16.814552 38.952209 0.248772
960.000000 25.952040 185.139557 17.866556 38.812042 0.219405
960.000000 32.908939 189.495438 15.456993 37.494659 0.218849
960.000000 130.091003 138.808899 24.195618 60.549591 0.202974
960.000000 93.989716 176.145004 19.638290 45.580200 0.177618
960.000000 20.173407 184.921967 25.773111 58.317444 0.173268
960.000000 42.362461 173.334732 23.191860 57.507721 0.171710
960.000000 597.411743 181.061157 14.135742 36.495758 0.167969
960.000000 490.967987 159.916595 18.655457 44.024139 0.155462
960.000000 178.871216 157.245621 19.158508 41.678436 0.147927
960.000000 188.099716 159.193954 17.097900 42.319946 0.123647
960.000000 239.549805 170.541351 16.668701 37.706757 0.116000
960.000000 176.551987 155.378922 28.643158 70.098999 0.104270
960.000000 45.347149 173.397598 16.315948 36.031677 0.101282
960.000000 573.304199 186.295227 13.448364 33.914612 0.094110
960.000000 31.608370 186.463730 12.871843 28.434845 0.088120
960.000000 229.279465 166.977936 17.198120 40.310852 0.087789
960.000000 131.036942 105.871078 24.457733 54.113373 0.078908
960.000000 107.765305 111.268753 25.988022 60.832031 0.068733
960.000000 4.879374 186.348328 17.388996 35.303284 0.052008
990.000000 614.110535 183.654114 14.716675 35.584778 0.510480
990.000000 610.821838 186.235703 11.359253 32.332001 0.493066
990.000000 516.371948 184.575623 14.688965 34.221558 0.487525
990.000000 4.864287 188.365265 22.312111 52.189514 0.419610
990.000000 562.363037 190.230804 14.077881 31.758423 0.308226
990.000000 8.517378 186.838577 15.683834 38.236938 0.274568
990.000000 227.127365 173.109177 17.727142 40.578735 0.268755
990.000000 20.662935 185.134689 18.142233 40.480927 0.237985
990.000000 238.404602 170.966537 18.954041 42.555817 0.213237
990.000000 411.772552 103.683563 10.785461 26.026428 0.184285
990.000000 576.041626 185.534744 14.489014 34.218048 0.182075
990.000000 31.819613 186.154312 13.678595 32.119293 0.169195
990.000000 599.011658 184.734177 12.887085 33.441772 0.167655
990.000000 567.492615 180.343613 13.442383 33.204437 0.145581
990.000000 25.074211 184.879837 11.419739 26.785126 0.124911
990.000000 224.611877 170.880600 25.753906 60.096375 0.123426
990.000000 33.324276 188.508041 17.159149 39.648163 0.114419
990.000000 15.496688 184.534393 28.051769 64.485962 0.114079
990.000000 11.785484 185.048080 11.034321 29.559906 0.108453
990.000000 29.215071 187.162582 11.655783 25.490692 0.104057
990.000000 126.141869 127.082130 24.845482 55.729210 0.101434
990.000000 393.448151 89.978668 15.433960 35.251968 0.100623
990.000000 130.138824 105.473381 30.274719 68.482948 0.097480
990.000000 189.726120 158.447052 17.411377 42.183044 0.076543
990.000000 1.520576 186.370682 30.543278 78.331833 0.058993
990.000000 26.242853 186.336273 17.366476 44.017456 0.058224
990.000000 221.896149 159.681564 15.027985 36.541351 0.057989
990.000000 26.334923 185.462234 25.455879 61.040985 0.057849
1020.000000 621.046936 185.338226 13.541992 35.195801 0.293852
1020.000000 579.878357 192.438354 12.317871 29.120056 0.162710
1020.000000 261.369263 196.217819 21.635010 58.121979 0.157705
1020.000000 520.776917 186.614990 12.112061 29.950531 0.136034
1020.000000 1.681573 188.369095 15.971003 39.227753 0.125992
1020.000000 619.633545 194.565308 10.611450 27.582214 0.124812
1020.000000 624.470886 180.880676 14.988281 41.538513 0.119227
1020.000000 149.324036 192.822662 12.190399 32.599976 0.104534
1020.000000 603.069214 185.632446 13.377197 35.530151 0.091437
1020.000000 220.712173 175.656342 15.762970 39.093323 0.079265
1020.000000 6.716092 181.031937 14.968387 39.746704 0.068303
1020.000000 515.184143 186.622284 19.044922 46.547760 0.058288
1020.000000 47.978321 197.853012 14.917770 37.554016 0.057634
1020.000000 263.985992 195.487961 16.237671 38.808502 0.050569
1050.000000 77.366325 195.208282 15.800400 37.539062 0.445124
1050.000000 103.228668 191.419983 13.917404 32.514374 0.359985
1050.000000 250.974777 183.909058 16.284561 37.300659 0.254891
1050.000000 529.271423 190.593063 10.830078 29.590118 0.232538
1050.000000 98.711388 191.216171 19.253174 51.386353 0.139783
1050.000000 70.086166 198.429840 12.176559 31.242493 0.136963
1050.000000 606.424561 187.742722 13.798950 30.244080 0.134352
1050.000000 71.487862 193.961823 23.575684 55.871368 0.131446
1050.000000 92.826706 190.122803 15.143539 35.658966 0.127634
1050.000000 395.001953 95.476135 17.327637 40.299469 0.118212
1050.000000 238.751556 176.287323 17.089569 40.997345 0.113189
1050.000000 126.215881 190.083862 13.440430 33.550201 0.100780
1050.000000 576.866638 196.129379 12.600342 31.917053 0.093923
1050.000000 82.587723 195.783447 12.889175 30.590271 0.093156
1050.000000 536.060608 189.349869 14.292969 34.511444 0.087665
1050.000000 499.898193 181.000824 15.838257 38.228912 0.076484
1050.000000 122.060631 193.487457 12.704124 31.580597 0.065863
1050.000000 585.806702 192.887756 14.082642 33.899872 0.065127
1050.000000 623.965149 201.217896 11.072876 26.058502 0.064892
1050.000000 582.318726 194.784439 11.989990 28.997009 0.064299
1050.000000 10.115528 195.585632 18.397411 42.019135 0.062814
1050.000000 143.047913 191.216110 13.685730 31.892883 0.057673
1050.000000 168.006409 203.772766 13.022949 32.252747 0.055407
1080.000000 473.573730 199.207306 27.950867 68.315765 0.331568
1080.000000 92.424042 200.197937 14.518845 31.556641 0.304095
1080.000000 591.282410 192.753708 16.012085 38.423920 0.261355
1080.000000 597.616455 168.348938 25.875977 63.969635 0.224636
1080.000000 480.399475 200.326981 19.424255 46.790222 0.188888
1080.000000 626.155945 192.211212 13.640259 37.273376 0.185951
1080.000000 603.323364 193.137970 16.763550 38.235321 0.158777
1080.000000 81.894669 204.208878 13.480499 27.469330 0.136923
1080.000000 498.067841 185.652649 26.594086 68.072540 0.096058
1080.000000 99.519890 202.055298 11.356705 28.420135 0.070610
1110.000000 499.581268 181.980499 29.086090 71.862152 0.662789
1110.000000 497.090942 196.323441 17.437866 40.572968 0.559833
1110.000000 482.715607 217.858841 19.770081 50.068680 0.320968
1110.000000 503.613068 187.717377 19.944794 46.048004 0.128331
1110.000000 282.691986 193.318710 13.022278 32.174164 0.101385
1110.000000 506.798767 189.573410 14.535278 30.735199 0.081608
1110.000000 531.584595 193.347244 29.088379 70.193588 0.070288
1110.000000 254.913834 189.395264 13.403122 32.249542 0.066858
1110.000000 574.826538 224.268219 12.385986 26.616058 0.066435
1110.000000 438.045959 147.749069 24.389832 56.264313 0.056509
1110.000000 430.741791 145.980118 36.486023 88.398743 0.051777
1140.000000 527.008362 192.671844 18.520142 48.412048 0.512344
1140.000000 521.939331 177.380768 15.560303 37.258270 0.476283
1140.000000 518.367981 172.364288 24.968628 69.461975 0.303456
1140.000000 60.425728 153.119644 16.253540 38.935577 0.101460
1140.000000 507.548645 217.702682 22.287231 57.702255 0.084122
1170.000000 598.075623 187.020264 19.863770 48.887390 0.705380
1170.000000 393.820526 194.819763 13.195923 30.564117 0.212322
1170.000000 80.759521 148.775925 20.498230 44.741028 0.168620
1170.000000 591.959412 221.159286 13.329102 31.034027 0.131882
1170.000000 622.027771 167.080719 13.634155 40.738190 0.130623
1170.000000 576.347473 201.104187 26.045776 63.217834 0.084202
1170.000000 187.549942 193.632202 14.031250 34.081451 0.078502
1170.000000 620.195129 186.776367 13.893799 38.121155 0.075670
1170.000000 397.905945 191.322906 13.063599 31.684845 0.075057
1170.000000 76.074799 147.279022 27.130981 72.556305 0.068578
1170.000000 600.980530 186.696060 14.340210 31.205597 0.066917
1170.000000 583.933533 217.399704 20.801514 49.834274 0.063055
1170.000000 509.368195 138.072479 20.948273 48.623474 0.053527
1170.000000 505.147064 135.158295 29.852203 71.898865 0.050103
1200.000000 44.490509 186.813446 13.314514 34.044495 0.276579
1200.000000 166.776627 148.594421 18.570465 45.529053 0.262172
1200.000000 465.167236 179.880981 12.620056 27.339142 0.171640
1200.000000 495.153625 174.891342 17.481750 42.783020 0.165298
1200.000000 449.394073 176.287460 19.689941 47.153778 0.141354
1200.000000 183.107605 159.066788 12.961578 29.165833 0.110201
1200.000000 408.452393 182.636887 16.124634 38.214142 0.106320
1200.000000 163.141068 148.428345 26.548981 67.669922 0.103748
1200.000000 41.503620 183.468842 23.707088 53.760193 0.088201
1200.000000 580.281311 108.857735 15.608643 39.411110 0.078011
1200.000000 35.350861 189.978317 14.802101 36.496094 0.070694
1200.000000 206.874435 169.761948 18.145233 45.779449 0.065103
1200.000000 146.560028 150.789124 25.685120 63.782715 0.063736
1200.000000 50.404606 185.860931 13.919872 37.131409 0.053404
1200.000000 151.281570 150.283371 15.569153 37.722229 0.052843
1200.000000 605.665588 105.501266 28.347290 72.395599 0.051670
1230.000000 459.712799 175.831512 22.474365 54.598633 0.500040
1230.000000 406.923065 183.069855 16.523132 37.814636 0.364668
1230.000000 50.273113 210.388092 12.669983 32.672028 0.293489
1230.000000 384.605469 176.171173 15.284302 35.327423 0.243101
1230.000000 83.905922 212.540787 14.736969 37.087494 0.158355
1230.000000 463.019440 176.483917 15.569824 36.770752 0.133109
1230.000000 467.870453 178.185425 17.022034 39.662567 0.125023
1230.000000 55.689255 207.787338 11.398102 28.900604 0.110690
1230.000000 585.356873 187.418793 16.697998 39.033142 0.086101
1230.000000 38.788609 207.891342 14.714317 33.833466 0.074493
1230.000000 389.775787 179.525696 12.209412 28.473999 0.065470
1260.000000 292.145111 189.368057 11.774780 31.059998 0.136565
1260.000000 471.671265 168.318771 16.522278 37.547577 0.105187
1260.000000 624.215149 184.971268 13.846436 42.385071 0.080624
1260.000000 549.167236 175.241592 17.199341 42.865479 0.052651
1290.000000 582.889771 191.200897 15.139038 36.722290 0.522527
1290.000000 568.384521 189.206360 18.249146 44.298065 0.451784
1290.000000 611.875610 195.462387 18.185913 42.768616 0.302816
1290.000000 578.570374 186.445023 23.151855 55.835663 0.285784
1290.000000 564.676453 194.835663 12.196411 28.916473 0.199551
1290.000000 593.193237 191.153275 17.524170 46.019653 0.181950
1290.000000 573.193237 188.977936 14.374268 29.958313 0.179792
1290.000000 604.054810 193.827957 16.192261 38.051117 0.177157
1290.000000 559.558899 181.758377 14.917603 35.337982 0.168759
1290.000000 615.253540 196.821289 12.123413 31.565582 0.163845
1290.000000 560.370728 190.383041 19.230103 44.458435 0.160198
1290.000000 0.361733 210.459381 12.413897 32.096802 0.124093
1290.000000 534.468994 186.387848 11.000610 27.547852 0.104456
1290.000000 595.920471 191.887787 12.460938 29.893921 0.099872
1290.000000 525.745178 183.773651 9.977295 27.494049 0.094286
1290.000000 282.598724 196.579727 13.620422 32.656830 0.093336
1290.000000 618.252319 194.707016 12.653076 29.535858 0.088967
1290.000000 622.870422 185.242035 16.622192 43.074249 0.086898
1290.000000 596.592041 186.793900 25.088989 55.868622 0.079125
1290.000000 530.526855 187.567413 15.360962 40.679474 0.078593
1290.000000 577.058411 193.009842 12.821899 36.512451 0.073254
1290.000000 70.137390 197.166443 13.455032 33.012024 0.070372
1290.000000 604.378235 184.462631 13.070801 32.207306 0.061903
1290.000000 13.281622 200.535294 12.013809 29.541870 0.059037
1290.000000 570.315063 186.339203 13.096313 28.117126 0.055080
1290.000000 469.674103 193.078049 15.568481 36.956573 0.053720
1320.000000 547.837219 164.189743 33.016602 89.030518 0.400817
1320.000000 545.262390 180.218338 17.769043 42.993530 0.342993
1320.000000 470.067230 180.918228 18.591309 41.186859 0.328385
1320.000000 525.024780 177.596832 24.590454 58.580933 0.241114
1320.000000 474.557068 183.164200 11.697571 29.676422 0.207669
1320.000000 466.534241 183.932968 14.529602 33.555420 0.165874
1320.000000 495.249634 176.262787 17.281067 42.951050 0.155694
1320.000000 459.886078 184.910172 17.533813 41.430420 0.133403
1320.000000 550.765076 143.796967 30.474854 75.741852 0.129529
1320.000000 599.555542 24.582850 14.891357 35.767639 0.096934
1320.000000 200.103241 175.731262 27.004517 61.686005 0.093460
1320.000000 618.101013 183.465118 21.710205 69.528748 0.091202
1320.000000 61.105194 199.105820 17.558014 40.190765 0.087494
1320.000000 583.655823 23.833643 14.338867 33.498482 0.079842
1320.000000 21.606665 180.119949 21.915071 51.200653 0.070309
1320.000000 621.696838 188.355957 17.584839 40.519073 0.065588
1320.000000 270.239044 194.296234 14.092041 33.720001 0.064109
1320.000000 16.076267 179.278625 31.254677 76.689148 0.063417
1320.000000 550.708252 167.985123 23.533813 56.746399 0.059153
1320.000000 614.590393 142.815781 14.747681 33.523590 0.055621
1320.000000 508.060730 171.055725 14.645264 34.710236 0.051825
1350.000000 623.109436 142.227722 16.805176 56.876312 0.220246
1350.000000 596.934204 159.957138 20.862549 50.407379 0.169715
1350.000000 192.998749 163.036896 21.153778 49.340637 0.169290
1350.000000 612.019592 140.528976 17.224121 41.015076 0.157560
1350.000000 596.794067 136.236267 14.297852 33.515930 0.153954
1350.000000 28.501764 181.670807 15.748381 38.251984 0.128512
1350.000000 562.132202 143.382584 18.869019 43.863281 0.125709
1350.000000 592.852783 134.924377 27.490234 65.948181 0.109972
1350.000000 613.939819 143.296326 25.513794 71.024261 0.108779
1350.000000 605.242920 160.434647 19.899414 48.117828 0.103909
1350.000000 556.420044 143.194763 28.460938 67.824432 0.089397
1350.000000 568.221802 142.473160 15.162109 36.100098 0.086658
1350.000000 562.005554 143.486923 12.125000 28.277008 0.080468
1350.000000 604.493408 159.317871 13.823120 30.245300 0.077555
1350.000000 15.678858 169.610138 16.806921 40.369629 0.076471
1350.000000 187.732086 162.907486 29.751251 71.232910 0.075686
1350.000000 7.888175 168.477982 27.620071 70.942291 0.063206
1350.000000 384.782471 202.741867 12.618347 29.173004 0.060208
1350.000000 612.554382 140.170471 12.786865 27.978485 0.056842
1350.000000 607.443848 140.207687 23.657715 64.552734 0.053118
1350.000000 605.092163 131.839523 13.746460 33.517761 0.052182
1350.000000 565.723511 167.941376 17.689697 34.703552 0.051384
1380.000000 616.456970 151.317673 19.306274 48.766235 0.351704
1380.000000 402.324524 196.364685 14.132385 34.126556 0.205938
1380.000000 623.927856 149.401413 15.927856 49.818848 0.174240
1380.000000 80.585289 195.967117 13.476395 33.987854 0.163942
1380.000000 249.874100 184.671997 11.492996 29.506409 0.126537
1380.000000 517.688171 164.749878 15.264893 36.994049 0.104969
1380.000000 499.723297 165.872757 15.729828 38.669342 0.103611
1380.000000 105.534378 198.608231 12.319733 28.800110 0.096293
1380.000000 508.935486 163.650726 15.078613 35.454376 0.076312
1380.000000 541.753235 176.557678 10.628784 27.469177 0.070873
1380.000000 587.312134 152.575302 11.422241 26.455902 0.070702
1380.000000 526.562256 170.002060 14.868774 34.918091 0.057476
1410.000000 465.277435 166.304306 15.891113 36.943878 0.695096
1410.000000 554.845276 155.455215 17.365356 43.882935 0.577693
1410.000000 528.761963 153.976715 20.292114 48.807922 0.414030
1410.000000 496.747559 168.597153 15.256287 33.164276 0.413759
1410.000000 572.952332 155.498718 16.132690 38.930542 0.365486
1410.000000 520.184570 160.267166 20.002563 49.478638 0.331822
1410.000000 80.409348 180.865097 15.046051 35.719330 0.292399
1410.000000 460.201294 164.982468 24.010071 57.711884 0.243662
1410.000000 524.027832 153.121262 30.641846 71.229950 0.232036
1410.000000 445.337402 178.411240 15.131287 35.991974 0.173093
1410.000000 506.903534 163.527847 15.541656 37.976135 0.157920
1410.000000 566.729919 152.788940 25.322754 53.048187 0.142109
1410.000000 531.772461 154.130127 14.040283 34.810791 0.138181
1410.000000 54.952606 179.416550 14.400841 35.576355 0.129465
1410.000000 492.631104 168.837921 22.842834 57.087616 0.125681
1410.000000 566.182190 158.671463 12.808716 33.644867 0.119772
1410.000000 392.637329 151.553558 19.433594 49.351685 0.106709
1410.000000 560.451233 157.622559 12.421021 31.975464 0.101066
1410.000000 547.806152 158.924042 20.728271 47.686188 0.092776
1410.000000 250.115402 184.116333 13.169632 30.287018 0.081564
1410.000000 533.871277 155.354004 26.148804 59.264526 0.079060
1410.000000 136.567688 187.560333 15.856506 35.559204 0.078839
1410.000000 550.386230 160.359161 11.929321 28.696899 0.074986
1410.000000 606.002930 14.540768 17.654053 39.170311 0.071753
1410.000000 503.648163 154.245667 21.726288 60.766693 0.065377
1410.000000 87.035805 181.536392 12.760483 31.469727 0.065182
1410.000000 260.767883 181.903076 11.976562 30.381561 0.063093
1410.000000 477.775299 157.406296 14.301941 34.812042 0.056521
1410.000000 537.823059 156.927261 16.401855 36.461609 0.054619
1440.000000 117.373207 185.026779 13.406364 32.468689 0.067398
1470.000000 479.619843 175.888962 13.492065 31.066711 0.289821
1470.000000 206.506134 172.159668 19.730682 49.014282 0.195449
1470.000000 397.318298 142.069733 29.839600 80.186981 0.167221
1470.000000 415.196381 185.774796 15.611328 33.814545 0.152272
1470.000000 413.900757 153.639099 25.644470 64.155609 0.135765
1470.000000 258.195526 185.703156 11.485413 30.020874 0.126277
1470.000000 402.126373 174.137283 20.724670 49.750092 0.107436
1470.000000 209.753448 169.982758 14.198364 36.112518 0.100022
1470.000000 8.364723 197.106415 14.820505 36.513245 0.088893
1470.000000 51.498066 196.420334 12.793377 31.266907 0.087085
1470.000000 21.229210 199.316544 14.192204 34.451630 0.079358
1470.000000 524.847290 183.837143 15.220581 36.254211 0.067707
1470.000000 515.495850 182.003021 15.727783 38.239899 0.064123
1470.000000 395.710724 157.880081 22.666504 53.691193 0.061086
1470.000000 474.778107 180.265686 19.487976 46.283020 0.057757
1470.000000 405.927277 142.649139 14.744507 33.926788 0.057247
1470.000000 261.980103 185.551758 11.385437 29.668915 0.054186
1470.000000 194.653702 164.116913 19.120361 50.546600 0.053445
1470.000000 266.215851 188.971680 9.825500 26.133392 0.052550
1470.000000 285.467377 192.569992 10.539185 27.047180 0.050820
1500.000000 571.187073 179.600021 13.564209 32.772583 0.500350
1500.000000 543.330994 180.512985 18.093018 43.508759 0.373242
1500.000000 212.831665 182.364395 11.740784 31.399261 0.313398
1500.000000 535.555420 179.882843 17.057495 41.104370 0.153568
1500.000000 536.116333 181.599686 12.112549 28.565552 0.133000
1500.000000 403.868896 168.954254 20.873657 51.860382 0.128409
1500.000000 443.840790 182.838028 16.465881 36.381348 0.119666
1500.000000 566.054688 181.693573 12.865234 32.046082 0.114320
1500.000000 424.696594 179.609177 18.988708 45.749329 0.095504
1500.000000 539.215515 177.369415 25.496948 64.260162 0.091094
1500.000000 612.065430 175.468964 13.153687 29.598846 0.074188
1500.000000 547.367004 182.547760 12.377930 29.901581 0.073651
1500.000000 414.380157 192.419754 13.190002 31.773712 0.071409
1500.000000 607.818542 179.916962 18.156860 34.675232 0.059529
1500.000000 540.768860 179.343994 14.708496 32.355682 0.059213
1500.000000 40.373302 173.173508 18.162430 39.466919 0.059071
1500.000000 453.255890 168.394928 20.532837 50.008270 0.058600
1500.000000 531.565735 180.827591 13.270142 32.938477 0.057737
1500.000000 134.196548 126.133789 15.618073 32.619080 0.054307
1530.000000 586.567627 162.831741 15.540527 37.923523 0.296486
1530.000000 594.914429 177.032990 17.081909 39.084442 0.244625
1530.000000 28.478575 183.675690 14.112085 35.697357 0.182862
1530.000000 600.256409 182.149887 12.391235 29.113464 0.094712
1530.000000 617.186218 178.170517 12.428101 28.016327 0.070405
1530.000000 580.370483 175.389328 13.564209 32.087280 0.069652
1530.000000 626.190369 181.281677 11.275269 28.612457 0.062450
1530.000000 592.760864 174.853775 15.388428 29.844635 0.061913
1530.000000 358.256378 184.566147 13.366028 31.630371 0.050325
1560.000000 493.387482 177.345978 17.225525 43.691345 0.568674
1560.000000 247.262131 187.271774 11.318832 28.812256 0.290472
1560.000000 159.368027 142.261963 19.226227 47.216736 0.135747
1560.000000 625.862549 166.895691 14.067261 68.136597 0.062486
1590.000000 235.073776 187.356384 11.028198 27.990021 0.455049
1590.000000 624.139038 176.213257 15.775879 31.937042 0.192309
1590.000000 621.246948 173.153687 18.753052 63.827942 0.154085
1590.000000 274.069946 187.424469 12.004639 28.800415 0.125105
1590.000000 245.197647 188.858627 11.170090 26.623016 0.109206
1590.000000 189.934235 190.685623 12.048706 30.735199 0.102548
1590.000000 578.934448 156.881027 37.391113 85.806396 0.095725
1590.000000 1.856743 188.320541 12.902441 31.230865 0.081246
1590.000000 240.701218 189.798584 10.593262 25.317108 0.078251
1590.000000 619.654968 139.264313 19.868286 62.590393 0.057069
1590.000000 545.259033 170.847656 25.195923 64.925781 0.054229
1590.000000 576.942322 166.698990 24.022217 61.549591 0.053570
1620.000000 40.889965 172.410934 20.072151 50.541779 0.318853
1620.000000 233.789337 183.707840 12.506287 30.537598 0.260645
1620.000000 49.966587 177.064484 13.998024 34.044159 0.143303
1620.000000 27.115492 197.193161 13.052992 28.222687 0.104127
1620.000000 229.220047 184.695709 12.313782 29.184814 0.096943
1620.000000 60.675137 174.904053 15.109730 35.915375 0.094629
1620.000000 239.552139 183.360260 10.914459 29.515594 0.083935
1620.000000 73.349373 167.922409 15.312912 31.684631 0.078921
1620.000000 49.536884 194.233902 13.344170 31.997070 0.051134
1650.000000 386.461792 201.958847 12.381653 29.858459 0.169847
1650.000000 225.273422 190.731003 11.280457 25.624786 0.132263
1650.000000 397.370270 197.246735 11.864563 30.882935 0.130775
1650.000000 191.632538 199.788574 14.181427 34.817017 0.125072
1650.000000 488.848846 181.203476 18.097900 45.309235 0.097686
1650.000000 208.349457 202.268051 14.186584 33.028656 0.095356
1650.000000 241.983215 182.072159 11.512085 28.069122 0.092405
1650.000000 3.642920 178.363586 14.286575 37.969025 0.082002
1650.000000 185.292343 198.669693 18.682831 45.060028 0.081645
1650.000000 210.144974 184.348190 14.299194 29.789001 0.074095
1650.000000 353.475403 198.671097 9.798035 24.387451 0.071200
1650.000000 0.000000 180.699585 9.491299 53.432953 0.061990
1650.000000 443.070160 197.755264 16.201355 35.485931 0.060472
1650.000000 197.265915 201.629425 13.351379 32.913177 0.057973
1650.000000 232.259521 191.398468 10.319489 23.924469 0.056413
1680.000000 66.542664 149.704285 21.339218 57.594269 0.343926
1680.000000 116.687111 160.418030 19.951439 51.487793 0.106041
1680.000000 88.244041 165.925674 13.174332 32.299652 0.097984
1680.000000 69.148552 150.823196 15.442230 36.282959 0.094137
1680.000000 4.307516 164.410400 14.562368 33.874084 0.088032
1680.000000 382.116516 205.793854 15.154358 36.909821 0.078900
1680.000000 121.375587 158.649292 14.610893 33.753418 0.056329
1710.000000 9.199506 150.147980 30.583740 73.984680 0.494685
1710.000000 407.900909 197.826462 14.248657 33.090332 0.248367
1710.000000 259.024811 186.351944 12.565796 31.098358 0.196030
1710.000000 400.864136 200.598358 12.026428 29.123291 0.169172
1710.000000 415.475189 203.315247 11.465942 27.679047 0.101402
1710.000000 20.034958 165.941513 21.098644 47.332520 0.098819
1710.000000 14.854014 133.397552 16.943703 37.081177 0.056962
1740.000000 368.506317 197.738052 12.929993 29.358093 0.267437
1740.000000 141.527267 188.043091 13.424164 33.025848 0.097014
1740.000000 132.571213 180.126770 14.396057 33.254395 0.096784
1740.000000 112.128853 192.558212 12.971909 31.421143 0.093886
1740.000000 118.493690 186.027802 12.396080 31.749268 0.067992
1740.000000 144.296844 178.943192 19.515228 48.877411 0.066571
1740.000000 17.164080 171.480652 13.194763 31.937012 0.062075
1740.000000 4.356909 169.528870 13.989500 34.602478 0.054629
1770.000000 536.837952 158.515228 30.902100 79.390991 0.327604
1770.000000 377.054108 203.907486 11.755859 27.552399 0.139986
1770.000000 360.779205 193.620285 11.777893 30.985413 0.088352
1770.000000 374.578003 190.374283 17.532471 41.079773 0.053317
1800.000000 157.825714 166.685150 19.979889 49.309814 0.702511
1800.000000 397.679230 207.916031 14.026489 33.714752 0.318448
1800.000000 413.404114 202.428177 15.253174 34.255188 0.188425
1800.000000 183.390457 167.038239 17.033264 40.629303 0.152768
1800.000000 245.622253 176.158005 15.063873 38.565002 0.077683
1800.000000 0.000000 203.315430 12.784225 40.946991 0.074172
1800.000000 202.575241 164.721283 15.469360 34.647675 0.069298
1800.000000 0.632501 175.930984 24.404915 62.724609 0.065088
1800.000000 253.763901 181.390823 11.415726 27.439026 0.063409
1800.000000 190.096191 149.852036 25.138519 63.588623 0.061803
1800.000000 550.453674 227.576141 16.676147 37.730377 0.052083
1830.000000 468.779266 184.786621 29.857056 73.897430 0.715000
1830.000000 83.966049 178.410400 15.016739 36.678650 0.454452
1830.000000 78.849060 175.488235 23.161209 56.431946 0.345013
1830.000000 134.425430 181.480469 14.724792 33.887268 0.206239
1830.000000 16.413319 153.760361 15.645874 39.018524 0.188690
1830.000000 99.509979 195.139633 14.923264 35.608093 0.126624
1830.000000 174.587585 181.737076 10.991302 27.854095 0.123167
1830.000000 417.480896 179.225800 12.685791 30.312012 0.104043
1830.000000 472.050873 184.286407 20.033752 48.735046 0.073247
1830.000000 22.236841 155.705551 14.608690 35.525665 0.069407
1830.000000 62.294662 178.338303 18.233490 42.129730 0.069098
1830.000000 407.737183 178.343124 13.352234 32.667969 0.060881
