30.000000 184.613953 180.670151 14.945404 38.703400 0.533215
30.000000 115.276161 174.620529 19.785194 47.558960 0.340343
30.000000 51.903885 177.451691 16.640724 40.093079 0.300111
30.000000 79.648376 178.085083 15.212662 36.421600 0.264804
30.000000 47.389816 174.514435 23.070328 59.547211 0.237636
30.000000 315.335602 190.620682 10.999756 26.046509 0.235165
30.000000 150.179718 187.624847 14.660889 34.638641 0.231530
30.000000 239.664688 183.376740 12.132080 29.583191 0.198445
30.000000 136.168213 179.930649 14.012970 37.080048 0.188530
30.000000 118.327225 174.311218 13.535507 34.021332 0.140818
30.000000 76.821045 176.251511 23.643250 51.234070 0.136864
30.000000 66.134308 208.851593 11.366409 26.692749 0.122640
30.000000 528.885010 175.700455 13.472290 32.888733 0.121022
30.000000 159.569046 190.728409 13.300446 32.452576 0.117730
30.000000 195.148132 181.516998 14.079010 35.068085 0.117351
30.000000 104.306084 172.538712 12.961472 31.718842 0.110972
30.000000 52.219257 206.564560 13.527599 31.355072 0.110611
30.000000 508.841003 184.320984 14.595093 35.539886 0.106842
30.000000 523.246338 181.517792 15.109497 40.176208 0.103567
30.000000 93.421455 172.814316 13.104477 32.571014 0.098690
30.000000 109.606857 176.734497 18.224030 42.848877 0.094890
30.000000 123.926071 179.781845 15.704895 37.478058 0.089388
30.000000 18.365227 214.597900 11.856949 25.662628 0.080983
30.000000 441.719696 183.006973 13.485535 31.497345 0.077141
30.000000 98.947296 171.743774 24.081207 51.807343 0.069489
30.000000 265.389160 182.797424 9.958313 25.376129 0.054780
30.000000 39.472908 201.504745 14.673332 33.810455 0.051205
30.000000 75.593788 179.555374 14.030411 35.413910 0.050980
60.000000 48.997826 107.898232 16.132942 37.572395 0.291165
60.000000 534.225037 161.849899 26.561523 64.641541 0.252261
60.000000 357.877991 169.653366 12.488281 29.438690 0.103194
60.000000 124.467674 189.458710 12.908974 30.473083 0.081155
60.000000 110.695007 201.282623 11.608810 28.235779 0.059764
60.000000 228.837448 182.209045 12.143951 29.378784 0.056068
90.000000 43.644726 196.167435 16.022705 40.046356 0.277433
90.000000 301.643890 183.472488 12.203064 27.315521 0.247575
90.000000 180.169952 178.762238 12.474548 28.978638 0.233021
90.000000 65.295258 200.121490 15.035706 34.993317 0.205243
90.000000 29.688400 209.429733 11.410316 29.117615 0.164553
90.000000 358.180573 169.677277 14.261353 33.108795 0.159647
90.000000 96.511086 177.606369 22.159042 53.926636 0.148867
90.000000 331.783875 181.002563 14.261536 33.302521 0.147340
90.000000 122.370125 162.632660 13.442726 30.824341 0.128184
90.000000 94.736336 182.946442 13.209442 31.482605 0.111669
90.000000 211.103790 181.929520 13.485229 31.952240 0.106994
90.000000 99.525826 181.106781 15.862991 35.250854 0.100502
90.000000 48.102741 175.058273 20.223995 51.571655 0.083337
90.000000 67.213478 170.582565 14.509277 35.345886 0.082740
90.000000 482.779449 142.430923 13.417419 30.759399 0.067681
90.000000 112.405098 176.961258 13.328568 33.543152 0.063071
90.000000 190.303024 187.443253 10.983002 27.802643 0.063030
90.000000 116.336800 160.108612 22.908836 58.505951 0.057543
90.000000 61.782536 170.089188 22.277889 56.584290 0.053116
120.000000 13.597364 174.626633 28.745424 62.904572 0.578523
120.000000 602.629211 214.651566 16.567749 37.648010 0.421324
120.000000 23.020517 173.263428 19.972738 45.776337 0.322016
120.000000 533.708069 181.993286 17.713013 41.687164 0.260006
120.000000 14.745722 176.776398 19.837355 42.963959 0.217924
120.000000 155.255783 183.962906 12.223267 29.780396 0.165459
120.000000 68.433517 183.897095 15.867020 39.131531 0.154221
120.000000 527.768799 181.760437 29.417969 67.667267 0.148821
120.000000 538.451721 182.033173 11.980103 29.649384 0.147725
120.000000 26.323673 173.522476 12.919228 30.392944 0.121452
120.000000 515.719849 118.338989 13.379272 32.139404 0.104043
120.000000 110.976173 207.015152 12.606018 28.911835 0.092267
120.000000 72.694351 199.709122 12.923126 29.252808 0.081213
120.000000 4.088059 186.235260 14.757973 32.124298 0.080925
120.000000 605.856567 113.032158 14.996704 36.599388 0.075309
120.000000 579.595459 187.589630 15.004150 32.597015 0.070967
120.000000 77.449623 181.984329 13.034988 32.581818 0.068369
120.000000 172.592316 181.858429 11.738129 28.599579 0.068051
120.000000 51.409164 173.044952 21.254051 58.039948 0.064967
120.000000 103.051323 153.423859 13.272980 30.054810 0.064772
120.000000 598.177856 213.338364 23.084351 55.256943 0.061145
120.000000 575.090637 188.087509 23.094727 56.614014 0.058558
120.000000 161.149521 190.735413 9.847931 23.481079 0.052686
120.000000 411.337311 175.949265 11.838989 29.495331 0.050222
150.000000 282.936920 109.149261 13.877441 29.560440 0.254573
150.000000 552.971497 202.213455 15.652954 34.828156 0.208243
150.000000 0.000000 149.948990 12.225789 43.500458 0.188772
150.000000 152.013840 176.742386 14.199341 35.857758 0.146386
150.000000 544.225037 194.483185 15.540405 37.289856 0.142085
150.000000 173.386917 174.500732 14.986877 36.244019 0.110192
150.000000 535.222778 202.031296 11.487671 29.848846 0.082862
150.000000 35.912540 168.602234 15.775078 38.228668 0.075222
150.000000 154.682312 173.439545 12.416504 26.362488 0.069874
150.000000 6.122357 187.225677 13.440024 33.465057 0.065518
150.000000 45.040695 170.230362 14.767456 33.857178 0.055595
150.000000 61.242138 190.797409 13.297688 30.878448 0.053136
150.000000 165.798233 176.357330 13.040253 32.092224 0.052992
150.000000 0.000000 146.792923 17.153177 68.425842 0.050726
180.000000 143.779678 176.580032 17.910614 37.916718 0.515742
180.000000 123.879822 175.223755 16.140808 38.968842 0.256295
180.000000 111.246841 171.924484 17.000366 42.322021 0.159149
180.000000 125.908043 170.284439 14.013695 28.012146 0.120317
180.000000 129.483536 174.344574 13.906647 29.289215 0.114790
180.000000 61.808563 160.046692 14.693710 33.404388 0.113115
180.000000 139.031433 176.288361 17.010651 34.176361 0.112531
180.000000 85.463234 186.683640 13.661026 30.867676 0.107853
180.000000 298.287628 185.500992 12.509399 32.463867 0.098750
180.000000 538.635315 166.365280 20.823120 54.804810 0.092830
180.000000 100.857208 175.333694 16.118011 41.029449 0.081199
180.000000 104.515587 194.793411 10.876831 24.940247 0.074902
180.000000 58.389778 159.197144 21.118332 54.909424 0.060409
180.000000 87.729759 178.559570 16.675827 37.835693 0.055451
210.000000 586.828369 87.035278 46.219238 150.431427 0.459047
210.000000 603.196960 137.650009 36.743774 100.519348 0.212779
210.000000 622.096985 139.247284 17.892578 77.975494 0.154044
210.000000 320.717621 192.831268 12.101440 30.570618 0.148871
210.000000 316.695770 200.929688 10.702393 27.365021 0.095469
210.000000 414.394592 101.631172 37.980408 96.514244 0.068787
210.000000 247.734863 198.270264 11.872833 28.250366 0.067099
210.000000 420.177887 103.426285 25.303040 56.951202 0.054301
210.000000 243.819717 198.905960 11.262726 27.393799 0.050054
240.000000 35.920059 144.531647 14.803192 34.543671 0.413142
240.000000 2.141001 166.557571 20.145876 57.621002 0.223283
240.000000 619.066284 171.112869 16.346436 41.238739 0.214339
240.000000 233.705811 196.126663 11.529663 29.626587 0.139564
240.000000 625.123718 169.355942 14.845215 46.319031 0.083412
240.000000 220.521164 205.316467 16.363037 36.573395 0.071623
240.000000 603.763245 173.060318 15.465088 35.792053 0.070880
240.000000 596.249084 174.467697 10.026611 24.870056 0.063472
240.000000 59.380432 203.002579 21.455292 46.895630 0.062320
240.000000 129.082397 200.361267 13.099640 34.078613 0.060251
240.000000 604.853638 167.242569 11.918579 27.367676 0.051432
240.000000 231.207428 198.680649 16.459747 41.857147 0.051299
240.000000 491.104950 36.411777 17.364685 39.373714 0.050597
270.000000 0.000000 16.832226 31.084476 101.489166 0.445659
270.000000 604.497437 151.940033 13.406006 33.751495 0.300787
270.000000 58.292198 135.838745 33.304016 79.998932 0.227940
270.000000 0.000000 11.322594 33.313789 196.544159 0.172860
270.000000 116.679306 53.958656 14.554611 33.233337 0.134861
270.000000 65.974480 136.556213 21.184860 50.517242 0.102895
270.000000 167.399704 57.575233 14.177338 33.300125 0.087740
270.000000 145.995270 40.487446 19.029755 46.219769 0.085645
270.000000 156.100861 51.007744 16.476196 36.571823 0.072516
270.000000 598.478760 168.254654 12.197754 29.327148 0.068053
270.000000 5.610829 190.529572 13.005401 32.157928 0.051434
300.000000 10.131175 198.342133 11.851441 28.493835 0.113789
300.000000 38.859665 205.104309 13.772995 33.297485 0.080556
330.000000 190.698975 184.420273 9.970673 24.083557 0.333006
330.000000 369.975494 152.684082 14.823792 36.256744 0.204875
330.000000 189.713562 185.368530 13.341858 33.987640 0.126517
330.000000 184.997330 183.536057 11.925964 26.747528 0.098682
330.000000 157.461411 171.519760 16.069427 38.598541 0.096339
330.000000 65.558548 179.482254 14.017136 33.791931 0.064437
390.000000 556.861328 162.374664 13.439087 31.560028 0.120936
390.000000 562.085388 157.657166 18.288696 44.125305 0.100744
390.000000 75.873657 158.528763 14.701782 36.047394 0.093982
390.000000 392.357269 187.570007 10.922668 26.822083 0.055546
390.000000 92.549011 151.092590 16.738358 40.005859 0.054953
390.000000 285.134033 180.875015 12.657715 29.585419 0.054791
420.000000 613.021912 114.711212 26.975098 88.242249 0.571034
420.000000 207.686096 175.287811 15.934875 37.500854 0.512586
420.000000 259.310272 182.369156 13.992432 32.408417 0.395793
420.000000 605.589355 146.617981 22.790771 56.325500 0.357641
420.000000 214.385452 174.483780 13.626190 36.321167 0.223292
420.000000 596.168152 136.656082 24.270996 58.154755 0.196787
420.000000 582.500854 143.423126 20.591797 48.928040 0.168980
420.000000 57.730320 186.180786 12.294415 30.558624 0.166116
420.000000 358.470734 200.461609 14.182556 33.821960 0.163921
420.000000 579.455811 145.386810 14.220947 31.765015 0.148117
420.000000 603.827637 136.592941 15.981934 40.338287 0.118379
420.000000 230.796677 177.480652 14.185577 33.861725 0.089936
420.000000 355.763336 199.288147 20.664612 47.405640 0.084349
420.000000 619.271545 118.258194 20.709839 51.795013 0.076765
420.000000 567.133179 143.298233 18.362061 41.461365 0.075878
420.000000 489.569458 170.970795 11.851196 30.003540 0.074477
420.000000 238.366013 167.297714 15.793427 37.325531 0.065800
420.000000 255.471619 165.630096 13.559204 34.536865 0.061123
420.000000 612.068787 146.844818 15.878784 33.820038 0.057577
420.000000 563.316467 144.778564 14.560669 36.227081 0.057447
450.000000 130.622421 182.694717 18.299408 44.190674 0.526772
450.000000 209.488846 186.935593 16.480713 42.060486 0.139215
450.000000 342.164703 208.302551 13.007751 32.156891 0.084591
450.000000 34.924145 159.134583 16.780800 39.288788 0.078099
450.000000 457.044250 195.637558 12.305298 29.999573 0.071412
450.000000 439.810364 196.504135 12.309509 28.024200 0.070237
450.000000 506.520294 185.299500 15.234039 35.501740 0.051530
480.000000 536.325073 150.145844 15.249146 36.786224 0.311103
480.000000 349.258942 207.910217 15.699280 38.022522 0.299261
480.000000 368.313080 207.767426 22.200928 59.829681 0.280957
480.000000 485.163940 208.386780 15.610107 36.110504 0.149535
480.000000 370.332764 208.989532 15.193054 36.234406 0.136140
480.000000 362.095825 213.356827 14.293701 33.705994 0.109641
480.000000 510.595398 208.909531 13.010498 30.421021 0.106779
480.000000 504.639496 201.262054 15.260651 37.106750 0.072594
480.000000 553.874023 163.793381 17.497192 41.920258 0.068133
480.000000 532.679138 145.933975 22.986694 58.964508 0.057803
480.000000 491.710297 198.927780 15.499756 36.299042 0.052705
510.000000 537.065369 229.414856 11.352051 25.027802 0.139625
510.000000 159.328308 224.893600 13.670776 33.363998 0.102777
510.000000 522.430542 217.705490 16.402588 40.515732 0.082940
510.000000 504.701538 224.752914 12.683533 31.966263 0.062302
510.000000 490.020630 195.133072 17.249634 39.585907 0.059842
510.000000 529.846191 222.101639 12.414307 30.241516 0.057642
540.000000 168.825806 232.997238 11.052979 27.409286 0.208926
540.000000 55.444206 219.110260 21.439377 52.804474 0.076578
570.000000 133.149597 216.183243 13.036102 31.875397 0.266413
570.000000 132.374039 133.869888 12.126892 27.841339 0.092532
570.000000 109.472443 213.496735 11.671646 29.260986 0.083522
570.000000 120.150879 214.674911 11.500137 29.450378 0.081375
570.000000 376.457550 213.879669 14.673157 34.147461 0.063735
570.000000 125.377022 217.554565 14.925163 36.498138 0.062944
570.000000 79.564430 221.317993 14.798706 35.075043 0.057201
570.000000 102.079948 227.104477 13.164948 31.405258 0.055474
570.000000 441.808197 211.110855 17.198486 41.235657 0.053700
570.000000 581.936340 199.636414 14.575806 29.788452 0.051922
600.000000 191.834457 221.720871 16.571198 41.362350 0.185435
600.000000 526.155212 146.864136 33.461304 81.443298 0.120178
600.000000 547.180542 150.596985 35.391479 85.206085 0.102684
600.000000 485.421814 169.552261 22.398621 51.656006 0.081063
600.000000 191.257797 214.004181 13.671661 31.569275 0.075280
600.000000 606.349854 173.400620 17.016357 38.658447 0.060408
600.000000 15.683431 210.807999 11.413638 26.553955 0.051563
600.000000 0.000000 205.662903 12.989428 38.505402 0.050477
630.000000 611.062561 176.668427 22.911011 56.143951 0.248840
630.000000 167.566162 202.179184 12.727570 32.063690 0.150948
630.000000 0.463730 167.694366 22.672338 76.860382 0.134861
630.000000 144.001816 96.758591 12.976440 27.399323 0.110919
630.000000 485.920441 147.776825 28.620026 75.378204 0.102774
630.000000 518.954590 138.306549 24.594727 55.740479 0.092505
630.000000 525.441223 142.004684 17.037231 38.276672 0.074020
630.000000 35.651497 183.910553 16.691139 39.923615 0.072831
630.000000 465.137115 150.882843 19.993835 48.909698 0.072360
630.000000 601.228149 176.994202 16.429321 41.936035 0.068912
630.000000 536.122498 144.595016 20.177856 49.138275 0.068583
630.000000 34.658188 177.319519 26.327721 66.497040 0.064241
630.000000 13.101989 139.311615 28.902943 71.554596 0.054711
660.000000 84.557449 191.114395 12.537247 31.684601 0.103797
660.000000 224.695892 174.188080 11.885773 28.018951 0.084088
660.000000 82.157722 190.721222 19.110123 51.395782 0.060382
660.000000 259.261261 106.791893 12.559509 29.151375 0.051458
660.000000 9.403638 223.374756 22.194206 60.807312 0.051086
690.000000 321.852936 136.167694 16.728577 39.198669 0.441688
690.000000 217.515137 161.343552 16.651489 39.503052 0.350706
690.000000 280.225464 97.913918 16.851746 36.581566 0.227562
690.000000 328.321442 137.422394 14.329529 35.468292 0.167900
690.000000 306.627472 143.519135 19.889282 47.807007 0.134237
690.000000 310.690033 143.802719 13.660950 30.789398 0.115801
690.000000 316.760864 134.871414 24.302124 56.879944 0.095975
690.000000 232.396561 166.390594 14.090912 31.141327 0.059366
720.000000 4.233314 185.678040 14.985619 36.865143 0.368911
720.000000 272.142639 156.361603 17.600525 43.374451 0.190792
720.000000 65.879204 182.203598 15.639755 38.346436 0.190624
720.000000 160.121994 80.649384 12.416687 28.526627 0.116688
720.000000 223.908051 120.825417 16.283966 36.086540 0.110625
720.000000 0.408369 185.809036 11.208330 38.118134 0.104284
720.000000 314.545288 62.857239 18.228760 44.430145 0.070101
720.000000 250.282333 70.366318 11.151382 25.745789 0.060991
720.000000 457.411072 176.470154 18.931213 43.171936 0.060189
750.000000 333.184784 148.049484 21.911194 53.188354 0.735171
750.000000 553.346252 168.251205 18.567749 42.460724 0.681306
750.000000 328.345001 157.111694 17.486816 42.292511 0.536846
750.000000 584.791321 149.927994 25.165771 63.929077 0.417522
750.000000 570.568909 166.918259 22.874146 60.711548 0.346427
750.000000 601.746643 152.372345 20.253296 52.216156 0.328694
750.000000 594.357727 156.092346 20.783325 50.167786 0.197253
750.000000 176.183090 172.568741 14.919403 39.061310 0.181792
750.000000 573.311768 168.863617 15.601685 34.284729 0.149248
750.000000 531.030029 172.068451 18.078247 41.014954 0.138017
750.000000 604.138062 166.943146 26.182739 69.720764 0.118756
750.000000 425.716125 178.212067 10.930847 25.909119 0.097437
750.000000 582.795898 166.485626 22.528687 64.417206 0.097296
750.000000 338.553131 151.303757 12.964478 29.857422 0.081016
750.000000 481.416809 177.622818 14.481079 34.683319 0.078351
750.000000 590.245850 163.519852 13.226562 35.397522 0.077336
750.000000 559.052673 166.540054 11.662354 29.679565 0.075849
750.000000 605.105835 153.729492 14.774414 33.746613 0.074183
750.000000 4.653352 194.477921 15.990455 41.905090 0.074111
750.000000 591.247498 151.353210 28.432007 74.260345 0.068894
750.000000 445.245911 169.607407 13.073120 31.364532 0.066610
750.000000 551.016663 168.750854 26.162109 60.757050 0.055446
780.000000 548.321716 38.095406 12.796387 30.367905 0.373823
780.000000 379.745300 150.549545 19.446838 46.167969 0.233873
780.000000 149.222870 146.378922 22.277466 53.678314 0.178881
780.000000 394.912354 143.051315 15.363892 35.572083 0.166939
780.000000 252.141754 174.110504 16.308350 37.932098 0.148854
780.000000 500.659180 42.385342 11.726562 29.923389 0.145401
780.000000 443.199127 26.311600 23.070068 58.225456 0.118823
780.000000 388.113525 150.737717 11.749329 29.724884 0.117316
780.000000 47.088333 186.354080 13.611610 30.473724 0.107068
780.000000 532.974731 48.344231 11.991943 27.523865 0.101401
780.000000 391.280121 141.090286 21.712769 56.427216 0.071268
780.000000 484.294952 52.608204 11.232544 27.889668 0.069601
780.000000 435.154144 23.637791 24.124939 56.481213 0.054539
780.000000 489.134644 44.100010 11.337708 26.206944 0.053370
780.000000 550.917053 172.678513 14.612549 36.921936 0.051221
810.000000 542.774658 176.577621 18.876831 42.167999 0.368991
810.000000 515.679688 169.632599 17.260132 42.542847 0.197332
810.000000 436.677856 124.032257 16.437927 36.585602 0.142163
810.000000 597.744202 167.140320 15.308960 36.444550 0.128255
810.000000 569.006409 168.148972 14.439209 33.973755 0.126568
810.000000 511.794067 173.530991 11.203735 32.120422 0.108822
810.000000 559.769470 165.366333 24.466675 52.672394 0.089993
810.000000 546.517700 176.331665 13.116089 29.578766 0.087944
810.000000 592.149597 177.778976 11.444214 26.947723 0.067673
810.000000 582.910828 169.780182 12.371704 33.334686 0.061019
810.000000 538.089172 175.757736 27.875366 59.202972 0.060911
840.000000 607.847900 5.616365 16.565063 39.554390 0.265814
840.000000 109.040329 151.370605 18.604477 46.303497 0.180893
840.000000 548.418091 38.550804 14.970093 36.857048 0.146083
840.000000 449.728577 149.598602 20.783691 49.644928 0.082058
840.000000 563.043579 31.835762 16.721680 42.342247 0.070068
840.000000 612.934631 15.349718 13.089600 30.322615 0.066619
840.000000 93.752396 159.820480 17.011856 41.063019 0.063012
840.000000 588.437561 6.969751 25.703125 61.116409 0.059406
840.000000 301.459167 75.374359 12.277954 28.404251 0.058266
840.000000 596.143860 61.092983 15.104858 33.604404 0.057521
840.000000 568.143066 86.883362 26.750732 64.617798 0.056940
840.000000 443.557037 51.873688 11.999634 26.213760 0.050025
870.000000 496.572266 177.714600 17.296570 40.235199 0.270137
870.000000 30.509037 150.244553 23.046120 57.706970 0.236353
870.000000 142.100006 179.610352 14.038757 34.051453 0.230256
870.000000 136.159470 183.136978 13.926666 33.398071 0.217887
870.000000 504.739319 186.968994 14.066040 30.946350 0.146481
870.000000 16.729424 145.637177 30.206059 67.277466 0.143732
870.000000 156.039612 185.749802 13.828247 32.936523 0.117849
870.000000 173.698288 193.103394 11.152283 27.064606 0.097185
870.000000 55.098412 154.175903 14.951569 35.612793 0.075706
870.000000 28.946629 165.007233 17.623390 48.207794 0.071185
870.000000 375.704956 179.642380 12.474182 30.933472 0.068376
900.000000 110.359108 192.688721 12.642548 32.168518 0.219920
900.000000 134.933701 189.834930 17.163879 38.652496 0.098200
900.000000 150.686661 201.922714 11.856232 28.369537 0.080131
900.000000 586.197815 173.151138 27.374268 61.309113 0.059693
930.000000 17.790644 139.184235 11.723522 29.330322 0.441600
930.000000 87.154892 165.104431 14.756424 35.520142 0.388731
930.000000 360.633026 203.309433 10.584167 27.548676 0.357889
930.000000 364.232422 205.675812 10.188293 26.229980 0.200191
930.000000 52.755943 182.614273 18.740509 43.339142 0.179185
930.000000 69.202217 190.250122 18.940979 46.524872 0.165773
930.000000 348.672302 204.541336 11.443970 27.990479 0.161360
930.000000 80.621582 165.473663 14.068405 33.563110 0.150412
930.000000 343.332855 205.976120 10.430359 25.546356 0.131354
930.000000 14.185533 140.170654 11.727130 26.978210 0.114348
930.000000 58.855789 186.914627 17.120071 40.039398 0.101845
930.000000 73.323959 165.357330 15.258865 34.328125 0.099169
930.000000 81.866768 162.509918 21.957336 50.703186 0.096140
930.000000 29.916334 205.651627 13.261301 30.521576 0.078199
930.000000 601.474487 72.171608 19.575562 45.319992 0.077351
930.000000 505.521881 210.368073 13.641083 31.989471 0.072176
930.000000 405.593475 222.908646 14.323364 34.188034 0.054590
930.000000 515.280151 206.253265 13.962524 35.535980 0.054317
960.000000 350.029053 204.186905 15.997681 37.987823 0.380998
960.000000 360.273224 204.453537 16.097534 39.162323 0.356851
960.000000 372.511566 207.715622 10.379700 27.115875 0.320065
960.000000 369.433624 206.957748 15.487488 37.027313 0.282403
960.000000 154.996536 163.830215 23.552673 56.397217 0.217307
960.000000 497.391541 205.673553 13.765564 32.253235 0.205865
960.000000 247.195847 179.971924 12.348007 27.978180 0.125881
960.000000 131.412735 201.958115 14.459900 34.815979 0.123635
960.000000 158.841858 166.335602 15.941437 37.211700 0.112903
960.000000 356.834503 206.893799 12.713562 33.331451 0.102453
960.000000 501.868744 203.927734 13.559235 32.353455 0.083571
960.000000 153.777039 171.255966 17.126221 41.173096 0.071299
960.000000 366.425964 202.788193 11.896057 29.634583 0.068189
960.000000 165.665833 166.640640 12.578949 30.574188 0.066715
960.000000 210.791840 185.326843 12.571899 30.326996 0.050676
990.000000 159.433334 170.007736 13.207123 32.257477 0.365939
990.000000 118.177711 197.567566 22.527443 56.265717 0.279714
990.000000 503.687469 189.626877 23.260284 62.393188 0.217510
990.000000 546.012085 228.564407 13.168213 32.368759 0.207939
990.000000 468.762726 227.526459 12.323364 29.066406 0.164000
990.000000 341.576813 198.144287 9.407104 22.266235 0.161366
990.000000 408.391785 212.378754 17.275085 39.339508 0.119932
990.000000 167.386063 169.172058 13.801453 33.482819 0.100607
990.000000 181.493286 162.065933 17.401978 40.903015 0.088740
990.000000 157.850052 168.683838 19.477783 44.620880 0.056699
1020.000000 81.262115 173.931763 31.699707 84.327576 0.519131
1020.000000 585.677856 230.317993 18.711182 44.816528 0.448836
1020.000000 593.791199 232.655731 15.385620 40.378357 0.262793
1020.000000 449.245270 183.449295 20.160950 46.962219 0.216428
1020.000000 574.915771 232.126297 16.542358 40.357254 0.214808
1020.000000 581.067993 230.259827 16.866211 39.249054 0.102173
1020.000000 618.070251 206.905472 21.467041 72.960922 0.084659
1020.000000 437.458710 225.127960 14.082642 32.718964 0.079015
1020.000000 357.671906 186.650085 11.324585 27.227386 0.074966
1020.000000 432.579498 223.574402 12.062622 30.633118 0.069125
1020.000000 73.975967 209.078293 20.392578 49.738510 0.065627
1020.000000 462.101807 189.272614 16.538330 38.307465 0.064716
1020.000000 370.454163 183.742798 14.300232 34.038818 0.052716
1050.000000 458.938202 181.174042 27.551880 71.738098 0.210999
1050.000000 463.168030 210.653519 16.832092 41.157166 0.185435
1050.000000 47.491993 207.487534 17.346859 36.650604 0.184622
1050.000000 356.841187 165.403137 11.449829 25.391602 0.142633
1050.000000 477.735840 218.020325 15.839355 34.320953 0.102408
1050.000000 164.354309 173.064362 22.735596 58.405975 0.082697
1050.000000 505.129272 137.240875 42.198608 116.272125 0.077170
1050.000000 459.241730 180.953934 16.391174 39.801697 0.052635
1050.000000 0.000000 182.814331 12.252333 71.453583 0.050843
1080.000000 23.081703 153.518250 15.052177 36.621490 0.426334
1080.000000 19.265480 151.641785 22.126434 52.391266 0.304985
1080.000000 0.097507 157.440643 11.612051 42.764801 0.190267
1080.000000 353.880646 145.484741 12.029785 29.675873 0.187621
1080.000000 433.732788 147.474319 18.144897 43.886627 0.174005
1080.000000 57.884903 213.599716 19.653366 45.699356 0.148623
1080.000000 503.038879 99.470284 16.852661 39.389442 0.115171
1080.000000 13.432728 157.303177 12.826839 30.993958 0.110052
1080.000000 386.244537 81.625778 11.925842 28.850143 0.091738
1080.000000 27.738773 156.764542 14.903755 32.909882 0.085528
1080.000000 442.868530 129.249817 17.463745 39.149689 0.075957
1080.000000 520.910583 128.669830 16.645508 38.433380 0.074020
1080.000000 435.602081 147.457840 12.606628 30.025696 0.061578
1080.000000 413.414612 119.921799 14.207214 33.297485 0.055414
1140.000000 409.888458 60.370880 17.406006 41.396118 0.406933
1140.000000 39.440067 111.606812 15.461624 37.254761 0.082852
1140.000000 32.683037 114.136337 14.107796 33.783173 0.074765
1140.000000 574.724121 172.209961 15.354736 38.214478 0.051045
1170.000000 242.335785 148.730682 10.410034 22.014160 0.174085
1170.000000 265.630127 130.900803 14.518860 36.885498 0.117349
1170.000000 427.057098 98.641182 12.768250 30.727730 0.085343
1170.000000 442.659271 104.790459 12.152893 27.948250 0.064833
1200.000000 7.327332 42.407837 15.784227 32.809036 0.414611
1200.000000 624.478577 90.466682 15.006592 38.226021 0.229927
1200.000000 587.711670 106.447746 12.712158 26.793175 0.202701
1200.000000 4.338204 42.022373 20.608040 50.314907 0.179066
1200.000000 131.340256 43.707279 15.073486 31.402843 0.093968
1200.000000 586.403931 104.638336 16.913452 43.390045 0.088720
1200.000000 266.170593 56.563656 12.451111 28.767345 0.075451
1200.000000 454.854675 112.724411 12.062012 30.345337 0.065308
1200.000000 513.019043 108.107704 14.906372 35.359444 0.064113
1200.000000 498.163666 110.043678 19.008942 48.080772 0.058259
1200.000000 487.300262 105.777428 18.199280 42.453224 0.056412
1200.000000 0.000000 40.569344 13.854319 55.942673 0.051971
1230.000000 16.031364 108.660858 24.891708 53.890686 0.444162
1230.000000 495.769562 164.605957 14.763916 36.086578 0.391320
1230.000000 491.175629 138.316299 25.428253 62.267487 0.222746
1230.000000 9.475694 117.848816 18.863621 41.496155 0.214898
1230.000000 40.528893 103.554459 19.691261 47.208160 0.185058
1230.000000 12.225371 117.561089 12.884652 25.388329 0.078405
1230.000000 510.760956 144.746872 10.443756 25.443939 0.064738
1230.000000 483.359039 152.715714 14.806763 38.403442 0.055397
1260.000000 173.775818 181.490738 17.588379 41.479004 0.269457
1260.000000 14.139202 160.351624 9.732113 21.957275 0.261550
1260.000000 112.695961 102.314972 29.628899 77.398834 0.079979
1290.000000 315.808228 193.133057 17.943970 43.398346 0.124376
1320.000000 486.410217 212.165344 19.229065 42.811035 0.440281
1320.000000 483.111389 185.545639 28.826050 70.025543 0.074113
1350.000000 389.699982 132.775238 14.782166 33.171051 0.149861
1350.000000 89.427788 117.667770 13.593826 33.990082 0.144147
1350.000000 118.499626 114.084885 13.434868 32.186554 0.099042
1380.000000 486.099976 104.599533 24.975403 60.410706 0.551088
1380.000000 104.045746 104.026489 16.741165 42.116791 0.242601
1380.000000 62.390469 135.145889 17.657597 43.569214 0.146101
1380.000000 503.231415 105.045792 21.926361 52.140289 0.109804
1380.000000 95.931969 99.486343 22.088867 51.934830 0.101605
1380.000000 490.772095 109.184700 17.548096 41.254875 0.076873
1380.000000 93.905678 126.826057 16.871063 41.286751 0.074526
1380.000000 111.868507 106.150291 15.787140 36.803474 0.072572
1380.000000 0.000000 121.627472 13.426543 60.147491 0.059322
1410.000000 60.346466 95.643333 19.482346 47.320595 0.570760
1410.000000 118.157455 90.716072 14.645401 37.481758 0.355701
1410.000000 81.329887 101.570473 13.590912 32.210991 0.297634
1410.000000 91.762436 100.817024 16.210648 39.819145 0.185109
1410.000000 66.215324 93.784309 20.505737 48.505669 0.183655
1410.000000 176.858658 99.424896 11.470978 26.166107 0.154021
1410.000000 350.463104 88.787216 11.937439 28.992111 0.148822
1410.000000 52.288536 104.912994 13.704163 32.799606 0.147273
1410.000000 54.532413 103.983734 20.691555 47.430573 0.134790
1410.000000 155.794205 103.879433 11.141632 26.619530 0.119722
1410.000000 601.179749 74.503128 29.730591 75.387894 0.078313
1410.000000 325.457825 97.730339 14.783997 34.152992 0.074459
1410.000000 75.597275 103.178185 15.633224 36.383766 0.071039
1410.000000 591.332031 95.234924 14.266357 33.845245 0.069250
1410.000000 32.404781 98.811104 11.297035 29.388237 0.064425
1410.000000 180.411453 100.454437 11.872498 26.313446 0.061793
1410.000000 12.996466 90.832695 13.057655 32.242828 0.061087
1410.000000 144.645111 95.142105 13.562073 34.254974 0.055519
1410.000000 129.289978 96.225563 11.924561 28.928421 0.054772
1410.000000 21.010168 96.482086 12.317518 30.106262 0.054070
1440.000000 11.710329 101.206253 15.342678 39.822235 0.142519
1440.000000 89.012344 116.682495 14.358780 30.677704 0.105158
1440.000000 122.691422 99.271240 15.105743 35.892960 0.102861
1440.000000 150.305832 111.730042 10.737732 25.713745 0.080339
1440.000000 94.215767 117.607445 13.039627 29.406288 0.074917
1440.000000 9.286810 108.830322 20.184368 44.050781 0.062084
1440.000000 119.118355 96.317619 13.751762 34.527840 0.061126
1470.000000 139.713974 130.156326 13.098541 29.793488 0.316887
1470.000000 151.734116 132.697815 12.224243 30.098633 0.249850
1470.000000 62.923309 144.736008 12.895996 30.878021 0.234261
1470.000000 55.655624 139.307709 11.621925 29.389587 0.183231
1470.000000 144.201157 131.317383 11.997253 30.048584 0.167980
1470.000000 517.303284 117.746674 11.118530 29.113739 0.093736
1500.000000 95.574547 135.989777 14.803162 35.020630 0.304736
1500.000000 92.075287 133.022751 20.789215 52.964142 0.247825
1500.000000 15.915811 132.473633 19.124264 49.578888 0.208327
1500.000000 329.355286 151.486496 12.384644 27.424561 0.178287
1500.000000 27.792717 141.774353 17.140182 38.347626 0.141619
1500.000000 25.856951 131.766296 11.473906 30.237610 0.092163
1500.000000 35.866638 143.794998 16.673752 37.414612 0.084021
1500.000000 47.072617 147.298782 10.956207 25.354584 0.070161
1500.000000 196.797363 155.714630 13.872314 34.001190 0.060113
1500.000000 8.868668 171.064499 12.949741 27.174713 0.059339
1500.000000 33.021721 139.247131 23.758377 57.089813 0.054978
1500.000000 247.193085 160.894089 14.838898 34.093903 0.050007
1530.000000 0.140083 153.769257 18.837490 58.432220 0.284812
1530.000000 3.579984 156.878632 15.092319 34.627136 0.248699
1530.000000 545.773987 138.467255 15.745605 38.272339 0.138679
1530.000000 0.278338 146.445297 14.266157 45.015747 0.075402
1530.000000 331.750488 152.344162 12.453003 31.217987 0.068424
1560.000000 47.224083 135.244995 26.827477 65.213470 0.512304
1560.000000 507.753754 155.750854 14.873566 36.985107 0.429672
1560.000000 135.513718 132.410934 14.762085 36.779694 0.329824
1560.000000 386.633514 166.250488 12.287598 31.640228 0.283696
1560.000000 50.006161 140.181412 18.085377 37.682251 0.282374
1560.000000 159.161804 134.841446 16.275940 41.750732 0.166545
1560.000000 415.802917 174.350571 11.745361 28.990723 0.153117
1560.000000 132.623184 131.953827 24.096985 49.983765 0.145163
1560.000000 554.906311 126.229012 17.549438 41.399040 0.125929
1560.000000 98.555412 159.472382 17.469131 40.690918 0.122169
1560.000000 166.967941 141.215698 16.973022 39.454895 0.121052
1560.000000 108.237152 153.012939 15.653809 38.808411 0.101437
1560.000000 79.813843 140.076324 13.260132 31.990295 0.097258
1560.000000 380.191711 166.034714 14.830750 38.767365 0.093088
1560.000000 141.631317 133.495712 13.373291 30.101837 0.069984
1560.000000 335.882080 156.177277 14.246155 34.250946 0.063490
1560.000000 124.765457 136.619232 18.391693 45.348480 0.055172
1560.000000 501.846344 156.576828 16.144562 37.081299 0.054593
1590.000000 452.171631 182.056793 14.352966 35.532959 0.488672
1590.000000 540.234985 165.457169 14.930176 37.147919 0.477562
1590.000000 469.507660 172.158569 13.479614 34.256714 0.405851
1590.000000 439.285492 176.022797 14.277954 32.183136 0.338296
1590.000000 421.899323 177.185394 13.129639 33.158478 0.289436
1590.000000 359.604095 165.029480 13.202087 33.390533 0.285062
1590.000000 434.122528 177.175369 12.749207 31.304474 0.231505
1590.000000 72.697716 181.468094 12.601471 30.602966 0.130791
1590.000000 105.814728 168.998260 15.162872 38.161041 0.116797
1590.000000 118.384354 169.933762 13.829346 33.419189 0.091421
1590.000000 368.192413 175.272522 13.635010 33.191040 0.075341
1590.000000 88.321716 181.002777 11.638565 29.984863 0.063259
1620.000000 437.887360 176.433670 18.052856 42.309998 0.657094
1620.000000 462.365662 180.916199 16.619751 37.007751 0.332336
1620.000000 502.531982 170.514587 15.616699 38.735199 0.192849
1620.000000 39.704399 171.031372 16.285973 37.509827 0.169863
1620.000000 582.568726 176.596390 12.642700 30.220123 0.152879
1620.000000 361.809204 162.160309 15.706726 37.557709 0.117917
1620.000000 49.706394 186.570694 12.381607 30.659729 0.107381
1620.000000 384.064484 186.222855 13.277710 31.144714 0.097094
1620.000000 82.655548 155.726791 20.931900 51.167633 0.085305
1620.000000 433.595642 126.291084 19.527283 44.680016 0.060264
1650.000000 466.672974 165.210587 22.049072 52.934082 0.990448
1650.000000 545.366699 155.091888 23.370361 59.432922 0.953573
1650.000000 493.446503 162.655655 22.145721 53.660431 0.903037
1650.000000 620.835693 173.088211 19.074951 63.426941 0.210858
1650.000000 555.751160 160.171570 12.848022 28.742615 0.183135
1650.000000 487.218567 168.040573 19.568848 47.589325 0.169633
1650.000000 458.324707 170.881622 16.406738 37.710022 0.140916
1650.000000 599.655579 192.398102 29.331543 68.509277 0.119534
1650.000000 406.247925 164.553955 22.841003 56.576935 0.117671
1650.000000 547.521912 155.625183 16.722290 39.702728 0.105453
1650.000000 582.700928 135.927063 18.841797 44.498230 0.100255
1650.000000 621.842163 175.717896 15.393677 34.048920 0.077985
1650.000000 569.430908 132.311874 31.401978 75.127289 0.066868
1650.000000 565.089294 158.810059 18.595947 45.263397 0.062852
1650.000000 419.055786 159.128281 25.363647 57.963684 0.059181
1680.000000 558.888916 153.603455 26.596313 67.851410 0.987873
1680.000000 525.134216 159.793991 27.216309 65.396912 0.987673
1680.000000 620.624878 143.238297 19.317993 69.255585 0.749105
1680.000000 622.332520 148.201630 14.340820 36.282898 0.297118
1680.000000 614.525085 133.380661 13.917480 30.323700 0.177101
1680.000000 590.873413 127.767967 17.943237 40.924690 0.143301
1680.000000 350.392395 142.152679 17.066467 41.608704 0.091983
1680.000000 592.496216 186.190201 12.783081 29.561554 0.077407
1680.000000 30.120853 163.783875 15.412804 38.394745 0.051893
1680.000000 589.243774 122.451515 24.726807 61.364586 0.050884
1680.000000 463.006226 142.029053 12.947876 33.002228 0.050824
1710.000000 547.966614 179.509537 20.769653 45.032257 0.220446
1710.000000 543.403442 169.700974 14.056519 33.341248 0.188449
1740.000000 607.651306 183.886826 19.356445 50.013672 0.177925
1740.000000 340.327637 201.837753 10.197205 24.114349 0.070996
1740.000000 589.468079 191.156143 12.231079 31.212036 0.055432
1740.000000 601.626160 189.682175 18.610596 44.761078 0.053822
1770.000000 9.550635 189.010712 15.721841 34.195343 0.549843
1770.000000 569.314270 154.560883 19.290894 40.444427 0.224043
1770.000000 25.890488 179.414078 17.951012 43.922089 0.155868
1770.000000 21.736418 189.650940 13.192286 32.274384 0.136511
1770.000000 90.076683 191.843887 15.868759 36.587708 0.128913
1770.000000 551.272644 152.870544 14.162354 30.590820 0.116824
1770.000000 45.133614 196.751801 13.857101 35.640259 0.079095
1770.000000 57.723797 194.322235 12.752148 31.512329 0.078706
1770.000000 459.326691 189.262817 16.731873 36.450500 0.077288
1800.000000 454.000519 97.971748 19.058044 46.217781 0.233616
1800.000000 423.801819 97.576118 21.758667 50.074318 0.139219
1800.000000 488.943817 109.113388 22.116943 50.447266 0.074002
1800.000000 463.282532 92.972527 24.876404 62.757790 0.068999
1830.000000 374.416412 196.719543 19.035339 44.759033 0.106733
1830.000000 599.586060 179.950409 21.055298 48.760925 0.056033
