30.000000 340.691589 198.487869 15.611511 36.164062 0.295861
30.000000 384.588135 207.601608 10.142761 27.103882 0.211426
30.000000 306.268402 199.568939 14.188416 34.505920 0.183581
30.000000 356.664337 193.408813 15.543701 37.724609 0.125444
30.000000 357.896332 205.417053 11.344482 27.632965 0.102444
30.000000 20.699768 25.319754 17.245499 38.770927 0.080234
30.000000 311.379333 199.721375 14.174744 32.730133 0.075192
30.000000 302.320343 202.194077 12.859497 31.650757 0.073762
30.000000 353.707092 202.844620 12.242859 30.333740 0.070799
30.000000 6.958263 23.515213 15.531519 35.567879 0.068783
30.000000 15.474929 9.926456 14.107869 34.310326 0.067141
30.000000 0.000000 22.225996 15.246668 49.339035 0.053422
30.000000 17.755333 20.263409 13.962772 33.432945 0.051932
30.000000 454.412476 200.468475 12.760498 30.766022 0.050599
60.000000 458.880707 197.161133 15.217896 38.041138 0.218912
60.000000 434.691895 195.108215 11.892151 31.591919 0.195271
60.000000 452.437592 192.399765 11.140503 27.682709 0.122307
60.000000 356.649597 202.617584 12.263855 26.687531 0.082595
60.000000 515.457214 185.827087 16.206177 37.608459 0.074963
60.000000 452.908966 192.995697 23.141724 52.249115 0.059610
60.000000 430.613037 195.300125 10.777466 28.647034 0.050054
90.000000 356.320801 199.395767 12.579346 29.255585 0.381699
90.000000 522.230469 195.355270 13.783081 28.004852 0.273569
90.000000 344.700745 200.178131 13.146240 30.437164 0.184469
90.000000 414.342163 201.975159 12.229553 31.397644 0.152882
90.000000 602.476562 191.385361 14.907959 34.910645 0.109102
90.000000 553.134338 155.669022 27.908325 72.258484 0.100403
90.000000 475.609100 185.814423 12.633850 30.409393 0.090046
90.000000 563.740784 186.724716 22.735474 57.957092 0.081304
90.000000 55.116882 201.216049 13.556999 34.047211 0.074451
90.000000 444.405090 193.108521 17.031311 42.784973 0.074171
90.000000 447.242584 183.232056 13.299744 31.507233 0.073625
90.000000 62.926838 206.830902 12.316135 30.149170 0.071371
90.000000 469.782227 183.466354 11.286011 29.057465 0.058612
90.000000 491.851746 190.413513 11.827637 28.090637 0.052803
90.000000 19.562578 203.694794 12.779036 31.442535 0.051703
120.000000 603.315430 146.758377 22.771973 52.727631 0.335087
120.000000 23.693003 213.069397 11.541143 27.534454 0.205014
120.000000 457.139893 184.649109 13.658813 32.343109 0.109983
120.000000 604.598999 135.578400 29.717529 78.464935 0.106755
120.000000 611.281677 132.587952 22.264648 55.950073 0.081716
120.000000 605.626343 145.894485 16.949097 36.370300 0.077520
120.000000 625.679443 145.527802 14.278931 38.644318 0.069383
120.000000 424.413605 197.610809 13.653259 34.141235 0.058058
120.000000 533.495850 177.079895 16.881348 41.197083 0.055041
150.000000 520.883423 224.456451 18.984741 45.344208 0.360215
150.000000 619.273682 158.368454 20.460815 81.875549 0.168971
150.000000 468.319122 183.962814 14.120117 34.016998 0.117963
150.000000 556.404846 184.889618 14.412109 35.013855 0.106772
150.000000 542.404541 177.740158 11.369019 27.334442 0.103694
150.000000 622.854431 165.457413 17.023804 38.679810 0.098021
150.000000 605.593140 171.585236 19.134766 47.505585 0.095174
150.000000 56.220036 197.271301 12.522129 31.905212 0.093209
150.000000 540.236267 179.245178 25.120728 66.232727 0.071473
150.000000 29.214415 197.011612 13.319788 30.039276 0.070552
150.000000 306.913849 187.955811 14.388123 34.717896 0.062729
150.000000 63.578854 198.561722 14.183987 34.390869 0.056067
180.000000 2.899950 134.673416 17.357929 41.938904 0.327084
180.000000 56.407959 148.237518 11.333145 27.894989 0.208483
180.000000 37.099922 102.602577 16.857765 42.856163 0.172594
180.000000 498.670868 173.570236 17.916840 42.489258 0.125862
180.000000 53.189205 147.511703 16.699894 41.001984 0.088460
180.000000 330.017487 201.493347 16.018066 39.609924 0.075648
180.000000 605.118286 159.694229 13.429077 29.581024 0.075304
180.000000 564.278198 175.768890 11.741943 30.070007 0.070832
180.000000 0.000000 131.521210 17.407497 71.513489 0.070625
180.000000 0.249273 132.715958 12.274199 43.100281 0.065011
180.000000 473.147278 168.675827 15.362427 32.018982 0.054869
180.000000 69.652130 110.152344 13.425949 32.284027 0.053139
180.000000 447.165375 167.627045 12.953369 31.689880 0.053008
210.000000 523.836060 160.521820 13.473755 32.186646 0.191995
210.000000 129.802155 137.365463 13.815582 33.585144 0.185753
210.000000 76.794739 149.570572 12.769440 28.380524 0.166922
210.000000 547.446289 154.505875 12.704834 29.740936 0.117567
210.000000 543.802063 140.888397 25.963379 69.701904 0.116561
210.000000 0.000000 126.985901 9.566429 44.064026 0.103698
210.000000 101.614746 146.461990 12.812378 31.121643 0.101352
210.000000 545.713013 150.538162 17.216553 43.909790 0.097234
210.000000 581.633362 144.171326 22.123413 53.443268 0.096448
210.000000 20.390703 158.438171 14.237989 34.977051 0.093829
210.000000 71.777763 157.293259 12.350403 30.162567 0.092307
210.000000 28.498180 153.630554 14.015457 34.702332 0.083113
210.000000 63.366329 156.050720 12.408718 32.903168 0.078570
210.000000 135.363846 140.618362 12.269653 30.747406 0.071978
210.000000 535.417786 159.264954 15.136841 35.221436 0.070959
210.000000 456.747253 199.072754 15.643738 36.089630 0.061426
210.000000 577.246155 152.308640 11.816895 26.646240 0.056475
210.000000 24.596024 152.289139 13.216278 31.707123 0.052294
240.000000 567.617432 154.203568 12.712646 27.871979 0.292931
240.000000 557.009033 154.659363 13.067261 31.291321 0.258797
240.000000 418.761932 154.327881 13.189941 33.807678 0.214736
240.000000 514.579285 172.297348 10.159180 26.331421 0.212484
240.000000 550.731140 146.729309 13.666382 33.967468 0.206880
240.000000 580.435730 26.256981 11.385132 29.836136 0.203777
240.000000 55.758636 126.467476 13.628441 32.796394 0.146131
240.000000 573.167542 15.954910 15.989380 36.521942 0.122975
240.000000 69.279678 128.847763 11.718170 28.733337 0.113948
240.000000 588.282654 146.610214 14.327026 34.303162 0.108699
240.000000 553.626465 16.386238 16.523315 40.391457 0.081780
240.000000 627.425171 149.209595 12.528809 39.088043 0.078964
240.000000 571.341248 153.185501 14.512939 34.750092 0.076589
240.000000 549.703552 153.035904 17.838989 45.597870 0.075949
240.000000 526.661987 151.833008 14.882324 37.975403 0.068594
240.000000 555.081116 143.001022 12.690796 32.124176 0.058368
240.000000 511.790009 150.604355 13.121979 29.428131 0.051847
240.000000 287.687378 167.906830 17.863586 41.452332 0.050681
240.000000 597.045349 29.685152 13.844482 34.518143 0.050249
270.000000 592.619812 148.196487 16.366821 40.120148 0.425933
270.000000 554.735840 147.847427 14.293701 34.017883 0.375253
270.000000 4.130587 166.521469 27.935751 68.107849 0.350577
270.000000 446.161316 133.233475 16.360962 43.444611 0.277719
270.000000 399.994049 131.249283 10.326111 26.992371 0.168480
270.000000 620.577820 138.205276 17.160522 48.271423 0.163094
270.000000 3.761209 165.113785 21.285229 47.032959 0.122032
270.000000 597.363953 146.932037 18.228149 43.153107 0.113479
270.000000 624.758972 138.974213 10.735840 30.292480 0.100118
270.000000 565.788940 154.609161 12.697754 27.999207 0.085982
270.000000 454.471069 134.980179 16.419312 42.605896 0.068655
270.000000 616.913818 133.489090 22.817993 78.020264 0.054190
300.000000 410.275085 131.806137 11.248535 29.062988 0.281155
300.000000 524.425842 118.711052 12.352051 30.898293 0.266138
300.000000 556.205872 118.318039 15.723633 38.473846 0.256572
300.000000 541.434631 118.647430 13.712524 33.808563 0.247421
300.000000 417.130096 132.270676 9.730469 26.722504 0.239257
300.000000 425.711517 128.113373 14.611511 33.623718 0.170782
300.000000 502.494629 119.872887 14.424011 34.196388 0.164747
300.000000 508.096252 121.136177 12.962402 32.081322 0.091547
330.000000 444.292908 148.230804 13.765381 34.479553 0.566577
330.000000 435.266266 151.203964 12.161743 29.441406 0.406580
330.000000 554.668091 138.165833 14.012695 32.970093 0.267088
330.000000 387.522339 146.085770 11.031555 29.605316 0.244449
330.000000 560.051819 136.625671 15.548828 37.695770 0.185710
330.000000 499.052948 141.925232 15.435699 37.265137 0.147074
330.000000 491.376709 145.682709 16.523926 40.902283 0.129917
330.000000 456.112152 146.988937 16.126282 38.469086 0.118872
330.000000 619.483459 132.454590 20.073242 59.082001 0.112164
330.000000 543.581116 139.698547 17.120605 39.784637 0.102296
330.000000 75.903442 46.234570 15.906662 38.127674 0.086967
330.000000 91.005257 77.497681 13.944321 33.733994 0.083735
330.000000 431.613464 151.204819 10.528625 24.826050 0.082703
330.000000 445.389038 145.027390 9.952271 26.891724 0.062139
330.000000 503.889435 141.497543 15.200287 34.991730 0.058384
330.000000 520.662598 136.383514 14.758423 36.815674 0.050570
360.000000 569.890686 24.373976 18.038818 40.450272 0.430963
360.000000 482.823761 165.475220 16.981873 40.916840 0.378452
360.000000 465.065369 161.253937 15.569763 37.093536 0.224850
360.000000 511.642578 160.242844 23.853882 54.706146 0.185555
360.000000 614.367065 18.123722 18.024780 43.513046 0.179614
360.000000 493.661011 153.852509 22.227783 55.384094 0.168721
360.000000 597.812378 150.445023 14.161987 34.415985 0.152912
360.000000 588.864136 35.087517 13.025146 30.998955 0.150568
360.000000 451.283661 155.938843 16.917114 40.498047 0.129826
360.000000 565.714783 152.580292 11.734253 30.531006 0.117635
360.000000 122.413422 165.086441 12.345062 32.057709 0.102928
360.000000 315.695007 152.259521 16.592957 40.087891 0.095340
360.000000 458.939697 160.553833 17.458740 40.458923 0.088366
360.000000 563.232178 150.002930 18.186279 45.147980 0.084529
360.000000 294.231842 144.143723 16.741516 42.870056 0.082063
360.000000 569.677551 35.597080 12.444214 31.025600 0.078063
360.000000 46.968781 55.533432 14.410255 34.267700 0.075853
360.000000 477.192078 167.012222 13.233582 33.332184 0.072737
360.000000 537.355591 51.916855 14.222412 31.376419 0.072299
360.000000 471.389099 167.194855 16.890625 39.219604 0.069651
360.000000 624.002502 81.296089 15.702026 32.101379 0.056509
360.000000 273.347778 152.512070 13.599304 32.221039 0.055232
360.000000 462.999146 161.962097 22.903564 50.031921 0.054624
360.000000 551.237732 54.097004 11.685913 27.367489 0.051562
390.000000 596.852966 173.975754 26.683594 69.177948 0.792821
390.000000 589.869934 178.927292 24.522461 62.843048 0.517804
390.000000 325.373291 162.997040 19.743469 47.291870 0.470954
390.000000 73.336151 181.258804 10.947662 26.110443 0.372483
390.000000 597.219666 23.821117 22.228516 51.904850 0.229350
390.000000 579.668884 179.653381 25.568726 61.098297 0.169766
390.000000 570.854553 178.423477 24.774414 60.274292 0.158384
390.000000 624.057800 59.768936 12.144531 31.163376 0.154153
390.000000 271.640289 168.684067 14.719421 35.808868 0.119265
390.000000 618.357300 36.352207 14.732300 35.341946 0.102494
390.000000 593.850647 195.975128 16.889282 44.955261 0.077963
390.000000 331.777557 167.088806 14.945129 36.241913 0.077505
390.000000 624.830627 50.021515 14.986816 46.563385 0.077263
390.000000 593.265625 175.778793 18.127563 46.481659 0.055166
390.000000 618.694885 37.134212 18.800049 53.233158 0.053622
420.000000 559.641479 176.310944 17.097168 40.624908 0.200789
420.000000 557.492310 175.183990 26.166626 62.110046 0.156614
420.000000 571.732666 177.573334 15.365479 38.098083 0.146597
420.000000 566.640503 175.440918 23.099854 57.138733 0.102702
420.000000 141.523972 90.405945 12.214844 26.953552 0.095332
420.000000 31.272629 55.468880 15.776901 37.961746 0.081979
420.000000 331.160553 166.966248 18.462646 46.975067 0.079117
420.000000 305.364105 160.481476 15.692993 41.864288 0.057092
420.000000 127.148155 93.022362 12.367897 29.374084 0.056797
450.000000 93.437546 193.061905 12.152374 30.690216 0.224697
450.000000 111.091934 74.562828 17.483124 37.828629 0.172520
450.000000 21.359867 54.121525 16.294163 37.976635 0.165020
450.000000 22.585869 199.297470 10.947731 28.644592 0.148830
450.000000 15.808260 45.358330 22.831701 55.958084 0.092427
450.000000 536.084717 199.555573 12.124512 28.556152 0.091257
450.000000 19.883739 44.222137 12.904228 30.509453 0.060922
450.000000 293.204529 168.541428 19.395996 47.176453 0.054589
450.000000 0.000000 192.765305 10.286837 34.877197 0.051704
480.000000 426.607880 178.823441 14.730591 37.008911 0.265932
480.000000 435.233459 179.375946 14.700012 37.785522 0.177613
480.000000 337.541656 174.103973 18.624023 47.832123 0.162257
480.000000 367.307770 146.251007 16.209351 38.207916 0.158207
480.000000 459.609741 179.751938 13.189087 32.117096 0.081463
480.000000 29.150644 41.979446 17.746290 39.702827 0.066968
480.000000 535.194031 182.643555 17.580200 40.196930 0.064147
480.000000 339.802704 174.881409 12.653564 34.340088 0.063160
480.000000 348.017548 166.278687 14.141785 32.238525 0.062702
480.000000 23.579214 201.545502 10.699247 27.884949 0.060983
480.000000 418.680511 172.388809 24.187622 60.529724 0.059773
480.000000 128.684799 70.504623 17.574707 37.871277 0.052182
480.000000 363.244049 145.347321 25.516724 68.578491 0.050990
510.000000 554.481812 172.450378 22.039673 54.241669 0.638949
510.000000 545.798584 165.963257 29.200317 73.665894 0.389421
510.000000 543.259460 159.202820 21.885742 52.477173 0.221075
510.000000 159.572281 57.631844 21.312103 46.723557 0.207368
510.000000 557.100647 171.253891 15.311890 32.334961 0.193607
510.000000 612.615356 168.120468 14.817017 38.712433 0.141689
510.000000 31.363733 197.844269 13.078886 32.566620 0.119543
510.000000 536.287964 159.469666 40.895142 109.810303 0.059633
510.000000 624.801880 168.560440 15.182251 47.957520 0.055845
540.000000 154.288620 46.105640 19.544342 44.695690 0.512809
540.000000 75.941170 196.241791 14.733093 35.869812 0.384150
540.000000 92.627296 197.220901 14.415680 31.172058 0.309519
540.000000 211.900024 81.978165 15.267181 33.348999 0.308767
540.000000 140.050369 49.502411 14.366272 35.110626 0.238611
540.000000 230.554138 94.330254 12.560730 28.632904 0.172880
540.000000 119.231041 195.827133 12.207436 30.341705 0.143390
540.000000 193.134506 99.630035 13.554626 34.196655 0.089508
540.000000 84.573509 197.611160 14.747131 30.967285 0.087934
540.000000 125.255775 49.310570 19.780586 47.310181 0.059237
540.000000 52.871426 27.174313 17.980190 44.075352 0.054769
570.000000 566.012207 169.265213 14.518066 35.274841 0.295621
570.000000 562.556885 163.859467 20.953003 53.951385 0.215931
570.000000 398.158264 197.636047 12.901611 29.590393 0.113278
570.000000 175.324036 178.180298 13.385895 32.537598 0.092133
570.000000 22.009720 215.219833 15.647644 36.529327 0.062037
600.000000 577.504883 193.609314 18.811890 44.345337 0.136424
600.000000 581.777466 193.733902 12.916992 28.654633 0.114346
630.000000 490.630035 116.429947 25.236542 64.570190 0.309482
630.000000 624.384888 137.091431 15.615112 47.426300 0.214179
630.000000 405.795807 190.427200 11.069763 30.576447 0.205826
630.000000 408.226624 185.901398 12.512146 31.701630 0.154863
630.000000 442.639069 196.281860 14.302979 35.975098 0.151344
630.000000 590.215820 133.625427 24.797852 61.653748 0.132874
630.000000 597.388062 137.731232 17.400024 43.068390 0.114818
630.000000 45.336643 183.321091 16.988167 40.293243 0.106298
630.000000 421.437897 193.604691 12.799011 29.917236 0.086761
660.000000 347.664551 166.419128 17.848816 44.617279 0.336764
660.000000 0.000000 138.027435 16.641232 61.130890 0.206974
660.000000 96.940315 156.270004 11.914749 29.256348 0.153638
660.000000 445.534302 180.131332 17.721924 43.333344 0.111461
660.000000 383.358521 190.698090 14.955017 34.491272 0.105236
660.000000 130.903244 173.642685 13.478394 32.179993 0.090994
660.000000 350.055267 168.167053 13.101318 29.599396 0.078218
660.000000 1.093274 137.850800 14.611376 34.583099 0.072212
660.000000 173.840607 171.881760 13.667206 33.435822 0.072149
690.000000 337.902252 155.941422 18.087219 42.860229 0.156607
690.000000 379.994354 185.211426 20.014465 51.521057 0.097755
690.000000 57.979763 52.045841 16.932819 41.505123 0.079194
690.000000 76.309471 150.289719 14.318207 33.827209 0.057740
720.000000 71.734314 158.449219 13.053284 32.416046 0.210936
720.000000 146.099899 166.536926 14.249664 33.090485 0.200923
720.000000 46.387321 162.432709 13.012268 35.249451 0.140490
720.000000 179.481384 176.685852 13.679962 32.366608 0.131703
720.000000 388.951416 174.962982 25.945374 69.500946 0.064020
720.000000 397.005920 191.175537 18.089539 47.452148 0.057468
750.000000 521.158691 173.983307 11.640503 29.201721 0.792692
750.000000 246.248474 181.484634 26.938049 72.975189 0.155202
750.000000 414.245178 181.581360 25.091797 66.054657 0.142259
750.000000 534.749756 3.520035 104.084961 311.607300 0.117859
750.000000 567.810791 228.856125 19.360962 46.690659 0.111001
750.000000 6.971547 166.059906 18.785965 42.526245 0.051104
780.000000 520.519653 167.545639 13.021729 30.466187 0.802829
780.000000 447.561218 95.544289 13.001038 32.254150 0.440077
780.000000 434.933014 130.666611 12.687805 30.764282 0.196450
780.000000 457.753784 92.578850 14.005737 34.586456 0.155091
780.000000 580.872681 143.368317 13.619385 27.819550 0.110771
780.000000 549.398010 103.638542 13.924683 35.662422 0.106549
780.000000 211.416992 178.752930 36.127258 95.325470 0.104776
780.000000 454.849548 91.346123 20.140076 49.476585 0.088616
780.000000 576.072388 143.332413 17.702026 40.004211 0.081245
780.000000 574.809082 153.716507 13.409668 29.520996 0.076711
780.000000 436.688354 134.973953 15.747559 37.051605 0.073327
780.000000 400.304901 97.195366 15.823303 38.705040 0.072487
780.000000 565.498962 133.181702 13.182739 30.375885 0.067790
780.000000 176.329407 162.762985 14.176208 39.929474 0.061109
810.000000 517.637146 165.297073 12.650879 29.355286 0.894869
810.000000 495.859863 109.669800 18.853760 45.256409 0.643274
810.000000 595.504456 93.300217 18.851074 45.695297 0.368793
810.000000 456.463562 94.071556 13.814941 33.737015 0.339330
810.000000 447.536652 92.861740 13.793213 33.778076 0.271387
810.000000 545.332581 98.560532 18.411499 46.817337 0.165110
810.000000 593.219238 127.372589 11.883667 28.258423 0.138459
810.000000 582.310791 91.142166 17.453613 42.006439 0.131669
810.000000 543.607971 92.446373 14.240356 33.312332 0.114818
810.000000 586.975830 117.313019 12.883057 29.422913 0.094964
810.000000 603.575134 100.727081 15.188354 35.670273 0.085324
810.000000 611.832581 104.889725 16.185547 37.732971 0.083644
810.000000 565.907593 101.216881 13.502075 31.675270 0.083189
810.000000 499.714325 109.213379 13.082428 27.491867 0.082712
810.000000 433.670929 108.699722 14.502991 36.565079 0.080517
810.000000 485.774475 165.666718 13.749084 31.987244 0.070348
810.000000 624.587769 103.900558 15.355591 45.008011 0.068229
810.000000 457.539551 97.300751 18.843933 42.486160 0.066841
810.000000 575.067505 117.543282 28.330811 64.252800 0.064435
810.000000 539.682678 122.935356 15.283936 30.355293 0.063972
810.000000 467.693817 106.262962 13.206360 31.071815 0.063712
810.000000 549.040283 119.966469 13.070435 27.475166 0.060591
810.000000 461.029419 97.794495 12.967529 30.284485 0.059751
810.000000 601.303528 114.508423 12.282104 28.443024 0.056353
810.000000 591.374084 113.219345 15.219971 35.074341 0.052265
840.000000 511.655701 170.137238 12.875366 31.312317 0.931253
840.000000 548.092407 105.443001 15.350708 38.448738 0.333853
840.000000 524.735657 176.909271 9.776611 24.919617 0.331092
840.000000 500.502625 114.640434 11.548706 23.676125 0.226511
840.000000 589.270874 133.482376 18.644409 43.722504 0.177783
840.000000 584.628418 112.316345 29.358398 72.816345 0.172178
840.000000 574.452209 124.615936 27.642212 62.540955 0.165050
840.000000 594.370667 134.490936 11.361328 27.854309 0.137693
840.000000 457.040619 104.913925 14.926941 35.829391 0.132166
840.000000 573.525024 77.492844 15.116943 34.852386 0.126843
840.000000 537.368835 121.929214 16.562622 37.054749 0.109268
840.000000 592.643677 112.056213 15.587402 36.466797 0.102290
840.000000 467.481995 113.644264 14.590820 30.625587 0.101118
840.000000 584.346558 88.384804 15.616211 36.518951 0.100230
840.000000 583.277405 128.090591 12.588257 29.009613 0.095753
840.000000 446.028503 98.392990 13.888794 33.191925 0.095086
840.000000 498.260773 116.108192 16.274078 36.358788 0.091009
840.000000 452.891113 100.958405 22.307068 55.348083 0.085608
840.000000 579.327576 128.051071 18.679565 45.259766 0.073499
840.000000 551.353943 128.145432 12.946533 27.926239 0.066097
840.000000 465.306763 113.124153 19.950500 47.716682 0.065201
840.000000 542.432861 101.789330 19.698853 53.111824 0.064973
840.000000 563.780212 117.467041 15.885376 37.502960 0.063913
840.000000 591.003662 136.958420 12.445190 30.355804 0.059380
840.000000 538.449890 120.557777 11.835815 24.473427 0.059098
840.000000 599.910828 119.126450 13.025391 30.753174 0.055380
840.000000 581.414001 121.608955 11.874878 26.658165 0.053612
870.000000 504.322906 178.060852 12.755524 30.679260 0.702726
870.000000 546.869446 111.677902 16.134033 41.587463 0.436942
870.000000 496.288269 122.600418 18.062439 45.540039 0.420436
870.000000 524.037476 182.450287 11.962891 27.877930 0.322678
870.000000 594.690552 103.976768 18.805664 45.824699 0.294598
870.000000 583.330505 92.687881 17.811157 43.243515 0.231777
870.000000 571.380493 81.218201 18.819092 43.120453 0.228598
870.000000 454.969543 106.312843 13.950806 33.618538 0.196669
870.000000 540.446472 108.793526 21.488525 56.421028 0.161711
870.000000 580.030090 131.340698 17.179932 42.476196 0.133179
870.000000 574.534485 131.031403 26.691772 63.071350 0.126185
870.000000 445.008759 105.954697 14.207214 33.957169 0.092319
870.000000 623.461426 77.849060 16.538574 60.416245 0.091536
870.000000 564.514160 90.177109 12.931519 27.145172 0.088161
870.000000 593.395264 142.239075 11.737305 28.253540 0.085634
870.000000 562.808472 124.103889 17.260376 38.710609 0.085470
870.000000 575.097778 107.743446 14.601318 30.232384 0.073075
870.000000 577.580688 95.131760 26.233154 60.159088 0.072911
870.000000 586.069092 102.542267 29.409546 80.058868 0.057969
870.000000 600.947327 124.099129 12.851807 30.377037 0.056973
870.000000 452.689026 104.076637 20.081238 48.640129 0.052786
900.000000 498.562439 183.016510 12.124451 31.218719 0.671786
900.000000 573.720825 133.872498 28.030029 67.004028 0.493460
900.000000 580.280151 166.143372 14.991211 34.718445 0.347489
900.000000 548.228210 117.338638 15.723022 38.994598 0.305821
900.000000 524.788513 188.587662 11.329224 25.944397 0.304877
900.000000 556.393799 181.348999 12.376709 31.498871 0.235652
900.000000 584.912231 147.162231 21.350098 51.167786 0.120405
900.000000 590.374634 136.639923 26.161743 62.857880 0.096922
900.000000 590.341187 105.619705 24.858887 58.943146 0.082240
900.000000 468.374695 161.198517 18.013550 43.624542 0.069385
900.000000 572.848694 157.370483 19.032593 42.789215 0.068679
900.000000 596.842834 111.748230 17.120605 41.803467 0.066337
900.000000 579.171631 131.612244 15.652466 36.204163 0.057347
900.000000 479.440674 177.503754 20.412170 43.629883 0.055212
900.000000 487.982056 183.491776 15.054993 33.433868 0.051398
930.000000 523.369507 190.268188 12.872681 27.714355 0.418626
930.000000 594.756287 109.767128 20.773560 52.197609 0.392359
930.000000 573.809326 134.485199 25.247681 68.353821 0.278602
930.000000 578.316040 136.673492 17.893921 42.766724 0.182779
930.000000 491.988770 186.043396 15.537659 33.487457 0.152546
930.000000 547.757935 120.204430 15.796997 42.268715 0.091884
930.000000 593.984924 148.980545 12.640625 27.548035 0.075660
930.000000 587.787659 108.887100 30.426147 84.965149 0.057290
930.000000 582.479126 150.955078 21.086304 50.415955 0.051284
930.000000 455.518677 116.056427 15.879333 36.941772 0.050742
960.000000 574.126648 137.866180 26.716553 66.541626 0.464905
960.000000 578.430847 138.569366 18.496826 46.911255 0.346304
960.000000 523.502197 190.659210 12.358398 27.685516 0.329202
960.000000 548.084961 121.938293 15.989746 40.873962 0.257680
960.000000 581.674194 139.491745 13.327271 32.102631 0.206418
960.000000 561.060852 132.556870 17.114136 38.229492 0.191378
960.000000 588.762451 149.369827 15.805908 35.944672 0.142886
960.000000 583.610840 148.784134 22.132690 52.614349 0.135735
960.000000 573.361511 149.853271 11.834473 27.125336 0.118514
960.000000 592.764526 149.120575 12.498657 24.840363 0.073862
960.000000 587.890259 131.707138 28.589844 69.833801 0.072506
960.000000 499.341309 130.542877 14.134216 35.857605 0.071902
960.000000 592.176697 147.632401 18.641724 43.021027 0.067560
990.000000 573.519836 137.930969 27.296631 67.072174 0.492679
990.000000 524.413513 192.988281 11.519653 25.767426 0.391764
990.000000 578.799133 139.322296 18.032471 44.780884 0.239528
990.000000 599.149536 136.833252 12.773560 30.889771 0.210169
990.000000 593.436157 151.135864 11.638062 28.003174 0.172098
990.000000 586.850037 149.848312 20.547363 48.691956 0.135370
990.000000 585.823242 151.054047 13.943359 30.508514 0.121606
990.000000 549.918457 122.586876 11.909302 28.151375 0.087589
990.000000 588.096619 132.909241 26.400513 69.040192 0.080252
990.000000 499.830444 132.717590 13.287109 30.720367 0.076998
990.000000 574.881836 151.151550 11.639526 27.474579 0.070090
990.000000 580.124207 138.215042 12.799683 29.443268 0.068067
990.000000 566.464966 122.735268 11.489868 24.936302 0.051362
1020.000000 581.506958 149.162231 24.944702 57.166992 0.694587
1020.000000 524.945679 194.520203 11.647095 26.763611 0.540617
1020.000000 175.434174 208.633865 39.478943 99.188156 0.324414
1020.000000 588.125122 151.233429 17.342773 40.538910 0.277012
1020.000000 578.145996 156.752426 18.338135 44.614594 0.257794
1020.000000 556.164612 140.824234 25.569458 65.314941 0.222857
1020.000000 603.549377 155.803940 15.443848 37.156586 0.221029
1020.000000 611.815857 152.260818 18.233765 44.858459 0.200892
1020.000000 580.435852 158.612457 11.508179 28.456421 0.187357
1020.000000 562.199890 141.710480 14.192261 32.873199 0.163849
1020.000000 593.701965 151.217361 12.111938 26.781525 0.124548
1020.000000 586.381531 148.496826 13.387451 29.179779 0.109322
1020.000000 499.248627 133.662811 14.787262 39.040100 0.096679
1020.000000 595.317505 151.727753 26.920654 54.644379 0.088547
1020.000000 564.515442 145.534149 16.062378 40.183899 0.075681
1020.000000 466.767456 154.495117 15.330322 34.319977 0.073480
1020.000000 616.350525 154.575745 13.052368 29.544708 0.066143
1020.000000 174.906311 188.552917 14.291046 35.894867 0.060811
1020.000000 582.895203 151.623993 14.004517 32.912567 0.051835
1050.000000 585.953979 134.890488 31.335449 78.203400 0.895103
1050.000000 621.654114 142.507477 15.120239 42.573059 0.365065
1050.000000 54.928291 169.278809 18.306320 41.882294 0.358478
1050.000000 157.930618 193.939972 13.795898 30.489471 0.293875
1050.000000 47.000504 171.445206 15.523605 37.028687 0.292656
1050.000000 599.810974 145.872284 25.035156 66.466980 0.264131
1050.000000 548.067505 125.917183 12.748901 28.954552 0.255245
1050.000000 595.050537 134.812759 18.512573 42.577667 0.227062
1050.000000 582.452942 154.796921 24.423096 58.419739 0.214822
1050.000000 578.800903 134.435822 14.288696 33.344788 0.214024
1050.000000 549.668579 130.919800 13.370117 33.439301 0.204304
1050.000000 612.143677 153.345047 10.956299 26.042542 0.204241
1050.000000 501.275848 137.668579 10.858551 24.987549 0.190127
1050.000000 618.119263 141.394211 21.358887 60.521881 0.172624
1050.000000 562.309326 125.141876 14.876953 35.509949 0.144973
1050.000000 525.119995 197.652161 12.334106 28.528900 0.136860
1050.000000 604.061462 142.230011 13.695801 31.480988 0.129340
1050.000000 499.177521 137.943130 14.775482 37.598907 0.129280
1050.000000 609.787659 150.314667 15.373779 38.156464 0.095336
1050.000000 82.189301 187.290375 15.190582 35.179779 0.091350
1050.000000 591.017944 142.199814 13.305420 31.004456 0.077067
1050.000000 540.751953 123.900703 21.057861 53.031746 0.066771
1050.000000 564.443604 150.437744 14.397949 32.248993 0.065359
1050.000000 508.238983 158.292206 13.926056 32.552216 0.055359
1050.000000 560.769348 149.437653 20.771484 57.459503 0.054973
1050.000000 59.576912 168.280197 19.320419 49.342377 0.050378
1080.000000 589.905945 161.814148 24.008057 58.259003 0.407840
1080.000000 563.832214 152.993912 11.181885 25.600372 0.297351
1080.000000 534.279541 206.911011 11.644653 27.394623 0.259794
1080.000000 572.885986 150.569321 12.637939 30.826172 0.230387
1080.000000 594.725952 184.522247 15.317871 36.716583 0.134043
1080.000000 4.646807 175.931396 15.215771 39.553009 0.126327
1080.000000 60.669781 170.121231 13.808880 30.259155 0.123804
1080.000000 592.439026 143.756729 24.546875 61.998199 0.118630
1080.000000 568.354858 198.414642 11.389038 25.089386 0.103715
1080.000000 504.412750 146.263214 13.468048 29.771454 0.095300
1080.000000 614.378967 140.886780 16.322144 35.061127 0.091465
1080.000000 597.990356 162.301056 12.561035 30.239349 0.087152
1080.000000 621.463745 155.148483 15.356445 45.203491 0.082558
1080.000000 54.657021 168.456741 14.805954 33.022308 0.065714
1080.000000 0.134824 163.161316 16.894337 67.048187 0.055885
1080.000000 581.892456 168.829437 11.272095 28.889130 0.055322
1080.000000 507.022797 166.396927 13.371918 27.122681 0.054159
1080.000000 583.328308 143.566010 13.773315 32.694702 0.054095
1080.000000 49.474342 162.452515 24.618958 64.375732 0.052522
1110.000000 560.415466 212.857666 12.673584 28.852325 0.636669
1110.000000 428.421326 197.490463 14.226624 33.930359 0.447712
1110.000000 611.642639 170.839767 12.003052 27.648499 0.231017
1110.000000 618.509521 162.350021 20.891479 62.066925 0.216892
1110.000000 604.655212 162.188217 12.542603 28.131500 0.135141
1110.000000 425.388397 195.127838 13.278320 31.035370 0.121826
1110.000000 611.703369 149.860580 15.306274 37.380402 0.118414
1110.000000 576.019714 155.805359 12.449707 30.249634 0.107190
1110.000000 609.045288 149.554245 22.165161 61.305969 0.105914
1110.000000 624.581177 161.572876 14.681641 44.505646 0.098876
1110.000000 423.667664 196.549591 21.646851 48.812408 0.096112
1110.000000 596.085754 203.567215 11.207275 23.669373 0.093856
1110.000000 518.940979 149.974319 13.775757 32.419220 0.070197
1110.000000 615.578003 169.793839 16.286011 42.566772 0.069861
1110.000000 606.741821 169.550842 11.498047 28.101898 0.059624
1110.000000 597.186340 159.916870 23.639160 59.339905 0.055973
1110.000000 581.511292 152.365326 15.966431 38.319733 0.053813
1110.000000 600.624084 163.760208 15.626343 38.390228 0.052193
1110.000000 620.380127 177.460327 11.140259 28.194946 0.051032
1140.000000 591.192017 211.793945 14.867920 32.623871 0.667595
1140.000000 461.638306 171.676025 11.709229 30.475128 0.403749
1140.000000 619.278809 151.960144 15.095947 36.772186 0.250695
1140.000000 530.415527 147.071533 12.903076 30.345734 0.181964
1140.000000 611.663635 145.212189 20.125732 47.043549 0.131966
1140.000000 262.124268 205.175415 29.124939 72.428009 0.090917
1140.000000 606.167297 150.493347 12.651001 30.760315 0.084910
1140.000000 574.663391 162.840118 13.655396 29.861450 0.072773
1140.000000 604.749329 167.647202 11.507202 24.325531 0.051289
1170.000000 585.845093 129.343277 16.088257 40.405212 0.235330
1170.000000 262.817841 207.048065 16.730896 39.182434 0.221502
1170.000000 618.670776 134.300842 14.423096 37.762085 0.213213
1170.000000 518.045166 201.379303 16.624878 38.745056 0.170465
1170.000000 258.834595 204.085541 24.930847 64.021332 0.095189
1170.000000 220.537750 209.704544 11.119537 25.849640 0.076173
1170.000000 69.194725 198.768143 12.521011 30.910614 0.060116
1170.000000 624.150269 144.784073 15.712524 40.002869 0.056313
1170.000000 572.964661 140.531403 13.245361 31.112610 0.054712
1170.000000 114.970238 197.991913 13.709663 32.254120 0.050073
1200.000000 250.343185 202.392944 25.508041 64.060883 0.490847
1200.000000 537.785278 197.972046 17.627319 37.619598 0.447529
1200.000000 158.582352 213.849731 21.293304 52.618622 0.437984
1200.000000 305.844635 167.612976 19.939636 46.964081 0.257743
1200.000000 338.000000 157.362915 13.634277 34.073303 0.230349
1200.000000 614.986328 138.122711 14.983887 37.444977 0.218181
1200.000000 442.082092 202.174927 11.501953 26.835968 0.204325
1200.000000 334.891327 155.688232 20.338745 49.790039 0.149445
1200.000000 253.582977 202.613617 17.309082 43.308807 0.119919
1200.000000 549.834412 199.764404 19.826782 45.415741 0.093037
1200.000000 55.119778 209.198456 12.321545 29.852417 0.091680
1200.000000 309.697021 165.956314 13.953064 33.399200 0.090567
1200.000000 92.519890 187.933960 24.778137 60.002228 0.079057
1200.000000 328.774872 152.546677 30.539978 77.557343 0.076955
1200.000000 403.986694 194.074753 12.046997 30.645538 0.064907
1200.000000 301.060425 165.417450 28.848022 70.672333 0.064054
1200.000000 105.943596 209.226318 14.687241 36.793701 0.054812
1200.000000 606.071899 140.229950 14.635254 34.799469 0.051600
1200.000000 96.884636 191.904282 15.988586 40.185272 0.050951
1230.000000 574.317871 194.328613 15.251953 35.797485 0.581271
1230.000000 369.665314 185.617523 13.527283 33.083588 0.278980
1230.000000 611.958984 197.372681 15.536255 35.864716 0.183613
1230.000000 439.315369 186.474243 12.811157 28.875336 0.169776
1230.000000 371.068939 198.455688 12.376343 28.161652 0.118880
1230.000000 456.798584 198.462708 13.543762 31.891815 0.088856
1230.000000 168.432968 198.956436 12.136597 30.394257 0.068429
1230.000000 402.098267 191.030670 12.705933 31.436005 0.066566
1230.000000 351.246796 162.503220 14.758545 34.409973 0.064104
1230.000000 550.571960 204.958038 12.994507 29.689880 0.058926
1230.000000 345.630066 158.583160 26.741638 66.626923 0.051404
1260.000000 625.391296 189.214951 13.876587 44.710724 0.611910
1260.000000 236.400330 198.651886 17.142639 42.790344 0.300684
1260.000000 0.519176 211.659760 15.125563 48.329102 0.270132
1260.000000 377.998535 186.627014 12.542786 31.311279 0.135933
1260.000000 368.773010 181.907303 13.645813 35.013550 0.123994
1260.000000 604.936096 141.809631 15.048462 34.147919 0.108771
1260.000000 6.646396 206.737091 19.751530 52.566772 0.101368
1260.000000 630.723450 188.884521 9.202881 33.232483 0.099024
1260.000000 347.868713 189.331482 11.941040 29.834198 0.062626
1260.000000 370.318359 194.000015 11.452332 27.818024 0.058703
1260.000000 443.442352 177.309647 13.055786 32.292511 0.057423
1260.000000 384.752197 193.572601 10.195007 26.027130 0.053142
1260.000000 616.244263 146.791977 10.701538 26.249176 0.051850
1290.000000 213.701950 197.665344 15.603394 36.554871 0.344076
1290.000000 608.867371 194.056686 21.843750 47.242188 0.267786
1290.000000 613.498169 194.561005 14.348145 33.601135 0.096082
1290.000000 379.000763 196.288574 9.406616 23.242065 0.092065
1290.000000 370.606354 196.206207 9.404785 24.137146 0.077438
1290.000000 211.022797 198.618286 11.555634 28.982819 0.075399
1290.000000 210.615189 197.422379 23.215210 51.271973 0.074122
1290.000000 364.292175 198.022278 10.760010 24.483185 0.072624
1290.000000 384.443542 190.928757 10.388062 27.809479 0.072105
1320.000000 133.570877 170.773224 14.956177 35.860779 0.227191
1320.000000 329.404663 190.669189 12.470825 31.453552 0.191522
1320.000000 520.801697 91.949104 18.940674 44.396812 0.156604
1320.000000 556.535339 184.833801 14.797729 34.621582 0.145582
1320.000000 348.414154 193.342346 12.081116 28.138092 0.138060
1320.000000 508.148041 92.305138 14.350250 33.348938 0.123305
1320.000000 126.208069 171.006210 14.347137 33.592773 0.115906
1320.000000 34.793526 182.563934 14.537018 32.980713 0.102569
1320.000000 98.919395 168.686066 15.441696 31.931274 0.091727
1320.000000 512.923523 59.708023 16.787720 38.844742 0.087106
1320.000000 583.692078 94.268967 20.075684 50.360519 0.085795
1320.000000 515.774292 91.770576 25.931396 65.671196 0.085362
1320.000000 483.688477 140.124176 11.614929 27.303528 0.083038
1320.000000 359.157166 194.978302 9.936462 24.708160 0.078530
1320.000000 513.025696 119.576950 14.887695 37.063232 0.078513
1320.000000 143.968781 176.097290 13.613251 33.628601 0.070078
1320.000000 186.817383 154.348373 16.754852 42.241486 0.069727
1320.000000 193.749374 144.215500 30.155426 76.655579 0.066322
1320.000000 362.827209 196.325211 9.854919 25.108276 0.065816
1320.000000 385.117706 189.978180 12.519531 30.173584 0.065608
1320.000000 103.309914 169.130585 17.041946 42.277649 0.062203
1320.000000 585.860718 136.422531 13.462646 28.111267 0.061728
1320.000000 423.076202 170.604965 20.371765 47.574615 0.061558
1320.000000 264.867981 201.111694 19.831909 49.281769 0.057246
1320.000000 463.991608 65.813225 14.575012 31.671463 0.055893
1320.000000 381.751221 192.023270 11.066406 26.799744 0.055876
1320.000000 113.620415 152.523895 23.428673 58.327484 0.053403
1320.000000 529.598389 140.532349 13.013672 30.852356 0.053024
1320.000000 103.158905 146.301041 25.206528 64.404327 0.050151
1350.000000 505.627045 185.607529 18.228241 43.126190 0.208907
1350.000000 106.381927 194.529602 14.570541 35.439819 0.178554
1350.000000 426.593506 173.142258 13.489563 32.179626 0.145481
1350.000000 360.116608 193.145279 10.581726 27.329346 0.122844
1350.000000 105.924416 169.835220 18.801270 43.695312 0.108241
1350.000000 64.780533 164.749496 17.992722 44.399078 0.093281
1350.000000 182.003082 140.618011 26.671448 66.316162 0.074629
1350.000000 305.251770 187.687912 11.826782 27.941437 0.073652
1350.000000 172.999359 151.031845 19.639252 49.917908 0.072905
1350.000000 201.745300 153.550644 15.837738 38.116516 0.071792
1350.000000 470.076416 182.325760 16.572205 39.757019 0.062650
1350.000000 387.783539 181.400040 11.324097 27.446228 0.050772
1380.000000 43.778721 159.374115 17.017105 40.223511 0.525739
1380.000000 0.142411 140.008667 17.087574 51.765930 0.402174
1380.000000 35.612610 145.560028 15.926147 39.426941 0.320758
1380.000000 82.452499 156.129547 13.210831 31.314789 0.269786
1380.000000 525.728271 156.444992 16.671265 37.764404 0.253525
1380.000000 35.394730 141.970016 24.340919 66.591064 0.241603
1380.000000 533.836487 145.247238 15.205200 35.660309 0.131206
1380.000000 386.884766 192.673935 9.619385 27.713531 0.127707
1380.000000 609.043701 172.698120 26.665527 60.952576 0.121475
1380.000000 62.483986 134.268036 15.179214 37.270813 0.106496
1380.000000 468.701324 158.548019 17.347290 40.158691 0.097081
1380.000000 19.540359 146.656952 18.612484 42.656036 0.085869
1380.000000 404.954468 174.030884 14.170776 34.466156 0.082929
1380.000000 14.974798 137.331207 25.929461 64.077057 0.079934
1380.000000 55.249763 128.294220 12.794807 28.766876 0.078649
1380.000000 92.608055 153.889862 14.541672 34.612183 0.073859
1380.000000 308.449036 187.542114 12.150330 30.479279 0.071983
1380.000000 50.834267 159.219086 14.830727 35.994232 0.065467
1380.000000 520.704956 155.327744 24.099121 54.745880 0.063858
1380.000000 22.173601 136.632355 13.406118 33.259430 0.062643
1380.000000 58.786007 135.893433 23.995152 61.816650 0.060616
1380.000000 463.843170 156.880447 25.028809 57.978546 0.058324
1380.000000 135.528763 156.178314 17.760895 43.371613 0.054094
1380.000000 49.456577 127.322891 25.846821 65.461243 0.053894
1410.000000 321.749512 106.111374 14.947449 34.594818 0.362541
1410.000000 440.993011 167.884140 14.903259 34.999329 0.289976
1410.000000 75.915558 141.583801 18.112015 43.597260 0.230502
1410.000000 40.374245 190.619247 16.307098 38.648590 0.188095
1410.000000 34.804592 151.033005 13.712471 29.133148 0.140602
1410.000000 472.089172 183.984833 15.723633 37.262634 0.135884
1410.000000 402.166748 182.505661 12.682922 31.826965 0.105378
1410.000000 60.798874 148.970184 16.649994 42.607452 0.072150
1410.000000 517.180847 149.841614 12.723511 29.367493 0.070101
1410.000000 69.767883 137.280014 26.614929 67.895721 0.066230
1410.000000 381.033142 183.188660 12.379700 29.710052 0.055421
1410.000000 420.225433 185.583710 14.712036 33.912476 0.055228
1410.000000 585.467651 101.285324 14.826538 34.230362 0.053809
1410.000000 442.282959 181.198395 15.339417 36.186279 0.053450
1410.000000 131.095932 149.780746 13.904297 35.213531 0.051570
1440.000000 59.349869 124.459656 24.590881 53.240173 0.231876
1440.000000 447.726318 180.085815 16.691956 37.413666 0.172959
1440.000000 12.035406 142.755173 16.934753 41.235748 0.161609
1440.000000 62.597878 146.007324 13.731277 31.208954 0.148133
1440.000000 50.995872 138.170486 16.262177 38.358673 0.135081
1440.000000 73.991966 136.851868 17.278931 42.102356 0.124112
1440.000000 19.083876 181.827850 15.013468 36.242126 0.118240
1440.000000 241.068985 177.032181 11.971405 29.314789 0.117059
1440.000000 3.454302 186.614822 13.870352 28.316620 0.115202
1440.000000 31.055380 183.904327 14.766928 35.452576 0.088797
1440.000000 478.645142 182.102859 13.041138 31.095764 0.081625
1440.000000 412.536621 176.452866 15.134766 37.192474 0.081098
1440.000000 62.191082 123.428619 31.497234 77.340698 0.078833
1440.000000 477.137939 167.933014 13.315125 32.399139 0.067092
1440.000000 45.510529 141.278870 19.454369 48.070221 0.065660
1440.000000 396.367065 182.094223 12.148926 30.411194 0.060643
1440.000000 450.735504 174.531128 12.813721 31.501373 0.060460
1440.000000 355.901825 175.718613 12.450684 25.758820 0.059867
1440.000000 337.416351 176.546631 11.909302 30.046356 0.057016
1440.000000 365.743286 179.295013 9.539062 20.897308 0.056676
1440.000000 415.444885 147.109161 15.278503 35.903625 0.053884
1470.000000 51.080219 102.720932 27.074085 67.791473 0.164888
1470.000000 8.402408 73.804794 25.669746 54.940628 0.115390
1470.000000 369.328674 180.732941 13.700684 31.371246 0.107783
1470.000000 547.330444 168.364914 11.060425 25.199951 0.097371
1470.000000 374.913452 172.815720 15.708374 34.355225 0.097226
1470.000000 42.054482 140.029083 13.924469 33.228943 0.076820
1470.000000 539.968445 165.372833 18.139893 45.257812 0.062248
1470.000000 54.644421 108.362122 18.297504 46.648193 0.060329
1470.000000 88.238968 104.946045 16.963989 38.456253 0.056161
1470.000000 533.525085 172.497803 12.383179 32.173431 0.051317
1470.000000 485.233490 168.976593 12.961792 33.718140 0.051277
1470.000000 545.985962 168.971390 15.909058 39.875488 0.050497
1500.000000 386.206207 175.115860 12.013977 29.396881 0.372452
1500.000000 554.307068 174.216614 15.523804 42.275208 0.144466
1500.000000 383.513428 179.055893 15.644836 37.787262 0.132158
1500.000000 373.205139 173.555023 12.779663 31.611969 0.125223
1500.000000 378.802612 182.294830 14.744629 33.087189 0.119718
1500.000000 200.275787 173.808746 13.298309 32.877350 0.110222
1500.000000 566.174316 175.505356 13.464722 35.813934 0.097433
1500.000000 448.762238 181.516373 10.771790 25.241364 0.080294
1500.000000 442.515778 170.260712 15.103882 36.481995 0.076249
1500.000000 382.583344 177.982635 11.193359 25.828125 0.074391
1500.000000 556.991455 172.134003 11.224854 31.678253 0.062243
1500.000000 46.247627 107.655991 31.940331 82.520233 0.060360
1500.000000 547.568665 172.199081 25.524414 56.003876 0.057688
1500.000000 46.422020 116.696335 21.504364 53.812042 0.056778
1500.000000 419.949280 183.148239 9.085449 22.015808 0.056700
1500.000000 364.625275 176.458740 12.196960 29.859406 0.055572
1530.000000 78.118240 186.816040 16.139053 39.706024 0.447552
1530.000000 383.475922 178.900970 10.287170 26.243958 0.340405
1530.000000 544.441040 172.603516 14.037476 37.053253 0.322752
1530.000000 330.541962 167.196991 14.101440 36.550507 0.279822
1530.000000 341.048889 173.202484 13.578186 32.845703 0.256788
1530.000000 336.586548 176.585144 15.707825 36.683990 0.242322
1530.000000 533.092163 176.230072 13.189575 33.006195 0.198017
1530.000000 536.358826 172.234726 15.913818 39.393707 0.186946
1530.000000 346.129272 178.095673 11.026062 26.717529 0.178799
1530.000000 538.462219 170.955490 23.315186 55.891418 0.167586
1530.000000 183.049896 172.004059 12.830109 32.276215 0.147045
1530.000000 353.492676 178.009277 10.997803 27.932434 0.128743
1530.000000 327.447418 162.139999 20.775879 54.988953 0.118263
1530.000000 529.754517 170.586090 24.935913 52.854553 0.107147
1530.000000 541.440002 171.059280 10.967651 30.179504 0.101027
1530.000000 546.834351 180.184006 17.794678 39.939880 0.096442
1530.000000 88.511513 179.372604 15.175354 36.337463 0.094361
1530.000000 195.887711 169.375015 12.232056 27.730774 0.090995
1530.000000 316.669556 172.294922 13.757996 34.466492 0.083840
1530.000000 340.379547 178.257111 18.805298 40.781616 0.079459
1530.000000 280.706055 168.370804 13.910461 34.328613 0.078499
1530.000000 417.618988 177.785828 11.546448 29.139252 0.067751
1530.000000 484.611237 173.306137 10.065918 23.636078 0.067716
1530.000000 274.307159 172.834961 13.103760 31.884796 0.065489
1530.000000 67.056107 184.906525 16.729965 39.679596 0.064038
1530.000000 406.938965 179.724258 10.963806 26.810913 0.063733
1530.000000 529.600281 180.188522 11.595581 29.678375 0.052420
1560.000000 355.569977 176.248245 9.872375 23.291687 0.447898
1560.000000 60.151646 152.165558 17.571087 40.286774 0.318061
1560.000000 414.514221 171.204742 13.626099 33.023254 0.310770
1560.000000 605.049683 151.337601 14.471924 35.404724 0.297072
1560.000000 329.506958 168.318817 12.360107 30.589874 0.280848
1560.000000 371.912781 174.338196 10.679626 26.987305 0.274486
1560.000000 410.845978 177.268600 10.978821 28.698822 0.247642
1560.000000 583.575195 152.623825 24.235840 63.437805 0.198312
1560.000000 487.863098 164.002853 11.273865 29.831116 0.179214
1560.000000 364.657837 180.941422 8.763245 23.328888 0.157626
1560.000000 600.880554 150.660095 21.889404 54.943420 0.152021
1560.000000 586.375305 157.228180 18.233032 41.524536 0.141957
1560.000000 400.445923 177.182739 10.666504 27.937531 0.139470
1560.000000 57.357418 150.760178 24.617786 62.478516 0.120221
1560.000000 390.454193 181.561035 10.851501 28.244629 0.113129
1560.000000 323.027924 176.397827 14.609619 34.733521 0.097420
1560.000000 339.579590 168.169739 10.382812 25.101593 0.085852
1560.000000 0.225414 166.983749 20.059547 69.519318 0.084653
1560.000000 382.433807 177.158813 10.200745 24.579865 0.061440
1560.000000 17.807636 163.075027 13.804970 32.436737 0.059225
1560.000000 315.893738 167.318115 13.923035 34.023254 0.055477
1590.000000 598.753662 154.317932 24.897339 64.630280 0.539077
1590.000000 589.496704 153.440430 21.611572 52.212921 0.266695
1590.000000 349.886902 161.373886 10.835999 26.615448 0.262207
1590.000000 445.185211 161.147690 16.060181 39.694458 0.245827
1590.000000 363.584106 159.759277 11.134766 26.731445 0.192517
1590.000000 604.344910 160.972305 17.660278 41.648254 0.176182
1590.000000 431.005310 173.490601 10.561279 25.570374 0.176152
1590.000000 339.752899 156.569260 10.994263 26.825073 0.138558
1590.000000 441.840027 169.951157 14.035400 32.526245 0.136349
1590.000000 218.649139 164.791199 28.762329 69.448181 0.108947
1590.000000 398.685394 167.634109 9.655701 23.471832 0.103916
1590.000000 438.408142 173.254196 11.121033 28.830444 0.083119
1590.000000 426.453949 160.818054 13.253113 31.915527 0.082477
1590.000000 335.796753 155.926804 16.577637 37.730743 0.067580
1590.000000 325.976105 165.157532 16.478699 38.753632 0.064325
1590.000000 409.757690 167.846298 12.444641 29.081360 0.064233
1590.000000 226.878036 165.347351 16.341553 38.988312 0.062654
1590.000000 443.892090 159.113876 12.717896 31.769196 0.062415
1590.000000 377.418915 167.059357 9.865601 20.985687 0.059113
1590.000000 355.368774 160.261887 10.226807 26.590790 0.058675
1590.000000 102.972885 132.017426 25.133835 66.337982 0.051619
1620.000000 418.060211 162.439987 10.254700 26.198517 0.236319
1620.000000 365.805054 156.565735 11.175354 28.390106 0.180145
1620.000000 380.881531 152.407776 11.551636 30.382629 0.143275
1620.000000 390.723053 158.237076 9.634094 24.747345 0.108681
1620.000000 469.795135 154.890686 18.284912 42.427490 0.096111
1620.000000 563.815674 154.252350 12.223389 28.799011 0.091705
1620.000000 577.102722 152.031998 12.170288 30.563629 0.088921
1620.000000 624.972412 136.217941 15.001221 48.603882 0.054064
1650.000000 431.335815 182.661087 12.653809 32.395508 0.451830
1650.000000 589.290955 171.074341 13.115112 33.288483 0.424356
1650.000000 375.034821 174.024658 12.762146 31.889069 0.231878
1650.000000 606.160950 165.555786 16.537109 38.390778 0.157429
1650.000000 118.495140 172.897308 13.980980 32.428070 0.128619
1650.000000 341.671021 175.175720 12.893372 31.097321 0.123078
1650.000000 346.816498 181.783401 14.372253 31.716553 0.121910
1650.000000 12.311814 179.049301 14.536998 36.479279 0.095756
1650.000000 393.091553 175.096100 10.797485 27.304810 0.090686
1650.000000 474.053101 183.777771 13.907104 30.481293 0.086514
1650.000000 120.764641 179.397873 15.071602 38.280762 0.068772
1650.000000 338.815857 174.873352 19.370178 45.105225 0.066482
1650.000000 629.242065 159.977692 10.757935 45.506317 0.066236
1650.000000 229.748459 173.999481 12.718384 30.799835 0.066024
1650.000000 19.479382 173.827301 17.420242 44.189392 0.062783
1650.000000 437.183716 183.115555 12.108032 30.069061 0.058193
1650.000000 402.425171 177.223190 10.430237 25.423279 0.058058
1680.000000 490.899353 194.246231 18.021545 46.868744 0.689236
1680.000000 448.968231 208.254257 11.235229 29.658875 0.302698
1680.000000 385.238190 200.721893 12.395020 26.866364 0.247527
1680.000000 12.831074 200.831543 12.650513 31.953766 0.196831
1680.000000 518.731262 199.720245 17.967163 44.064209 0.190007
1680.000000 47.516426 198.390472 14.664932 35.098450 0.165272
1680.000000 621.306152 194.097900 14.259888 34.001770 0.152647
1680.000000 445.075165 208.889420 10.925903 28.052338 0.131686
1680.000000 507.067169 193.841385 20.038361 51.730377 0.119619
1680.000000 28.210251 199.478516 15.303780 35.111145 0.097558
1680.000000 43.778114 188.144867 11.520531 27.807861 0.088946
1680.000000 496.887512 195.716629 14.500488 33.763000 0.079645
1680.000000 452.793182 204.990616 11.627502 31.392670 0.070755
1680.000000 154.809357 195.864059 11.147736 28.613800 0.069874
1680.000000 334.082214 193.524704 12.569641 31.430756 0.069587
1680.000000 357.025879 205.274811 14.110168 31.978302 0.065590
1680.000000 421.625427 208.120117 9.832336 23.026062 0.063620
1680.000000 435.914673 212.413620 9.590759 22.746429 0.054107
1680.000000 488.544678 210.549820 12.697876 30.009735 0.052289
1680.000000 138.588684 196.906967 12.504333 31.205597 0.050798
1710.000000 465.182556 213.123474 12.334900 30.977356 0.296645
1710.000000 356.147461 209.338165 13.489807 32.875031 0.166674
1710.000000 394.358185 206.293777 12.189514 30.417511 0.160623
1710.000000 531.056763 210.603821 11.394897 29.348541 0.148153
1710.000000 460.513153 219.196564 9.588196 23.013824 0.145649
1710.000000 469.045624 211.920105 13.613403 33.627716 0.143411
1710.000000 410.055481 213.440750 9.033752 23.771240 0.092390
1710.000000 52.442295 202.387497 11.964085 30.600494 0.091149
1710.000000 153.747162 203.733566 12.776917 29.383850 0.079117
1710.000000 127.270172 188.944443 13.878632 34.350311 0.073620
1710.000000 418.897888 211.077667 9.592529 22.821014 0.068385
1710.000000 439.346497 217.437393 8.663208 21.538666 0.063043
1710.000000 215.012726 190.456665 11.655426 27.350037 0.062884
1710.000000 211.481903 192.082825 11.459778 26.883270 0.058974
1710.000000 349.036011 209.287979 11.646301 28.139191 0.057039
1740.000000 513.247986 209.101883 20.759644 48.438217 0.361491
1740.000000 346.184601 205.196747 12.882446 32.810638 0.332352
1740.000000 253.493805 208.857132 18.218628 44.548370 0.328947
1740.000000 143.221344 207.219330 13.349487 32.386017 0.317323
1740.000000 479.132050 221.374893 10.133545 24.455292 0.274289
1740.000000 489.892303 209.738129 16.925293 41.755554 0.166473
1740.000000 138.822617 205.393112 13.708710 32.302887 0.164226
1740.000000 604.649048 224.536636 18.899170 46.343246 0.142334
1740.000000 548.306946 217.431000 15.561890 35.436981 0.135386
1740.000000 322.940918 206.070099 18.135010 42.442932 0.133852
1740.000000 150.784180 205.231628 11.207977 27.213074 0.130660
1740.000000 486.476929 211.346405 11.714966 27.881317 0.125524
1740.000000 333.094086 208.724274 14.946655 36.404358 0.125315
1740.000000 619.542358 217.948654 18.964844 55.043320 0.124509
1740.000000 67.213654 196.252197 14.233963 35.952576 0.124503
1740.000000 491.742096 210.599442 12.240601 28.288483 0.117688
1740.000000 60.251083 190.526611 22.858582 53.469818 0.113957
1740.000000 61.601067 193.920502 13.547974 34.513123 0.112350
1740.000000 591.823059 232.783295 15.663330 37.326538 0.100234
1740.000000 256.775299 204.057755 13.050354 32.868439 0.096100
1740.000000 136.559586 203.608139 22.539948 55.703079 0.088113
1740.000000 624.680542 187.061554 15.319458 48.930847 0.082173
1740.000000 506.178833 207.819382 20.021362 47.648102 0.081532
1740.000000 426.515411 208.194885 11.693359 29.065979 0.080893
1740.000000 383.855988 196.245193 14.035156 33.343811 0.079211
1740.000000 451.203979 219.611649 9.429749 22.180237 0.078892
1740.000000 329.440094 206.445587 13.874878 33.289124 0.072157
1740.000000 44.108829 207.409180 14.209221 34.110657 0.067320
1740.000000 585.002441 188.192963 32.531494 83.360718 0.066551
1740.000000 321.756958 204.213318 13.999268 31.507996 0.060940
1740.000000 252.400085 209.297943 13.394531 29.611938 0.056740
1740.000000 463.888611 221.733490 10.451843 23.227478 0.054510
1740.000000 575.496277 136.569794 46.379883 134.831665 0.054307
1740.000000 315.365265 201.559250 26.104797 62.456985 0.053028
1770.000000 18.057402 202.008453 22.843111 56.183350 0.649393
1770.000000 453.431488 197.586746 15.707275 38.443024 0.560826
1770.000000 442.940399 204.407120 14.803406 32.791412 0.489299
1770.000000 473.538544 216.801468 11.753723 27.676971 0.477566
1770.000000 517.672241 218.440506 12.484009 29.455383 0.449543
1770.000000 570.807373 210.231644 24.219116 56.008957 0.417794
1770.000000 371.318634 191.919617 14.339233 36.082886 0.243410
1770.000000 133.309708 203.236755 12.169373 30.746552 0.207417
1770.000000 536.021423 209.162384 18.667847 46.304840 0.177578
1770.000000 17.970394 201.618912 16.165554 36.979218 0.177219
1770.000000 559.306030 207.458435 20.402954 49.822662 0.156558
1770.000000 36.924698 200.479004 12.277153 28.336487 0.142234
1770.000000 268.163025 205.564011 15.384399 36.473663 0.137235
1770.000000 592.583618 206.675354 14.165527 35.809723 0.135348
1770.000000 357.845917 197.084351 13.198120 34.036652 0.128911
1770.000000 24.755260 204.288940 14.809975 34.033264 0.127119
1770.000000 63.940762 201.737747 13.991993 33.618256 0.120523
1770.000000 12.014603 198.683075 14.550678 34.443573 0.120086
1770.000000 539.371582 208.156036 13.861572 30.539429 0.111497
1770.000000 347.080017 209.743439 11.549133 27.010040 0.109773
1770.000000 484.169037 214.674118 10.548218 27.447510 0.108664
1770.000000 338.915497 208.378235 12.021606 28.636658 0.105015
1770.000000 194.318222 191.388672 12.065155 31.483154 0.099691
1770.000000 21.866777 198.087921 10.947515 28.092102 0.098350
1770.000000 136.781113 201.589966 12.824646 29.578033 0.091205
1770.000000 275.503448 205.865692 14.473328 35.547089 0.090420
1770.000000 325.299469 200.861603 13.955933 32.568573 0.084855
1770.000000 11.645725 200.770950 21.352749 50.768921 0.083396
1770.000000 525.540405 205.536682 15.671143 34.945801 0.077874
1770.000000 537.862732 223.161011 12.844849 31.591675 0.074905
1770.000000 127.547691 204.547729 13.327232 34.619019 0.073291
1770.000000 546.800720 211.391632 19.494873 47.710510 0.073025
1770.000000 79.110657 199.397110 13.832153 35.063202 0.069372
1770.000000 32.580765 200.208145 17.891037 44.823212 0.068427
1770.000000 582.828796 207.731308 15.219360 38.992340 0.065468
1770.000000 497.808258 221.891769 16.553741 41.394272 0.064463
1770.000000 512.817383 218.498718 10.832275 28.310852 0.062168
1770.000000 434.890991 209.686157 11.952820 27.672180 0.059085
1770.000000 590.498413 206.693588 21.038330 54.781052 0.057867
1770.000000 264.221985 202.997131 24.170837 58.726501 0.057288
1800.000000 492.818054 193.348770 18.613831 46.885315 0.851557
1800.000000 529.429810 214.202118 14.672485 33.849731 0.673675
1800.000000 601.422974 218.644760 19.027100 47.602798 0.620641
1800.000000 0.033853 205.588852 15.987922 43.221222 0.427494
1800.000000 584.870239 208.036850 21.734497 50.418625 0.267781
1800.000000 134.553177 200.902344 14.088531 36.517151 0.256150
1800.000000 462.385345 206.888458 11.049622 28.026520 0.237077
1800.000000 24.727886 200.368973 12.583248 30.834015 0.147294
1800.000000 605.508301 158.929901 21.264160 51.026672 0.143008
1800.000000 419.129639 185.063126 17.304688 40.858917 0.120945
1800.000000 72.084053 206.680466 13.209854 33.048401 0.115456
1800.000000 128.940765 198.147736 22.353943 55.682007 0.109507
1800.000000 343.225189 197.324493 14.247986 34.129852 0.108773
1800.000000 468.840515 203.296600 12.936096 31.191254 0.096678
1800.000000 43.996094 205.691650 12.504623 30.219696 0.088394
1800.000000 40.946938 209.401947 11.647110 28.658722 0.072054
1800.000000 128.895935 200.566330 12.174744 29.956512 0.070345
1800.000000 59.609798 206.231842 12.722202 30.351074 0.070334
1800.000000 261.260620 201.097900 11.962097 30.500977 0.067824
1800.000000 0.000000 232.696960 23.385384 115.800110 0.064231
1800.000000 386.073700 197.854065 11.338867 30.274780 0.063415
1800.000000 280.105072 205.371902 14.621338 34.979187 0.060417
1800.000000 484.894196 203.055115 15.814331 37.935120 0.059650
1800.000000 4.569508 205.914673 13.548742 32.706879 0.059221
1800.000000 599.603271 191.451935 29.758423 74.540802 0.055412
1800.000000 8.570551 206.617798 15.578587 36.110138 0.055029
1800.000000 593.267761 112.730057 14.945923 33.067749 0.050051
1830.000000 558.432556 180.893646 25.359863 62.553955 0.973880
1830.000000 623.696777 206.474625 15.033081 44.692169 0.446133
1830.000000 547.021912 193.018341 20.733032 50.753296 0.395776
1830.000000 0.740397 208.061417 14.534979 35.013885 0.365637
1830.000000 550.858826 194.668610 13.393188 33.325348 0.154417
1830.000000 598.729248 209.449677 12.737549 28.224792 0.134010
1830.000000 343.097870 198.845169 15.011353 35.009033 0.102999
1830.000000 141.181946 184.213715 13.571014 33.717194 0.102994
1830.000000 124.479797 188.666107 16.808594 41.720886 0.102091
1830.000000 329.412842 196.256409 12.614197 31.576141 0.091576
1830.000000 186.525681 201.148376 11.581879 28.783447 0.082786
1830.000000 384.874878 191.862625 12.062744 29.602234 0.073195
1830.000000 5.414883 210.377045 14.157070 31.097290 0.069749
1830.000000 403.930786 193.356033 12.757324 31.137604 0.062510
1830.000000 372.181488 190.633011 11.788757 29.483612 0.062182
1830.000000 284.420135 194.581940 11.836365 26.866730 0.060363
1830.000000 61.833786 201.254288 11.974792 31.268372 0.059142
1830.000000 633.392761 141.093811 6.521484 338.906189 0.057235
1830.000000 289.803467 198.544067 13.112732 33.051514 0.055512
1830.000000 540.332397 183.642212 20.565918 50.504669 0.054682
1830.000000 336.887817 197.321716 15.972534 38.280365 0.050095
