30.000000 552.605347 196.034607 14.393799 34.733490 0.556309
30.000000 597.091675 199.512466 14.064209 34.250244 0.534963
30.000000 605.340576 193.561676 16.861938 40.382965 0.453867
30.000000 599.699646 190.362610 24.243164 58.044006 0.341172
30.000000 151.808411 198.835617 12.133301 28.863983 0.222637
30.000000 548.425720 193.686905 20.909058 53.397369 0.203330
30.000000 147.651337 197.744598 11.396027 29.919861 0.167707
30.000000 625.520813 188.865295 14.458374 37.899292 0.151036
30.000000 144.654037 197.078140 10.468964 28.939209 0.139043
30.000000 592.927185 200.242340 20.832397 51.430115 0.124800
30.000000 0.000000 201.804779 8.728310 33.988007 0.115342
30.000000 533.603394 190.438965 17.353760 43.678741 0.113628
30.000000 604.660950 188.390671 13.081543 33.210632 0.109058
30.000000 166.088760 206.386765 10.097778 25.029083 0.074178
30.000000 156.399170 199.302856 11.507904 29.037262 0.072507
30.000000 4.383826 202.076126 13.712202 33.403870 0.071873
30.000000 62.444530 207.663361 11.215214 26.834015 0.069927
30.000000 612.140015 198.119049 15.960815 36.981659 0.063492
30.000000 36.955887 208.294586 11.743591 28.516266 0.060013
30.000000 568.951904 200.115097 12.640625 31.774963 0.058743
60.000000 143.624817 201.963791 10.137512 23.753418 0.187794
60.000000 156.149323 196.554779 10.442291 26.485504 0.166533
60.000000 67.748100 206.565918 9.823349 25.139435 0.146134
60.000000 440.542542 188.751846 14.016052 33.359711 0.133369
60.000000 23.613083 206.704361 11.738087 30.029572 0.125987
60.000000 427.044983 192.914429 15.383362 37.072205 0.122264
60.000000 132.174683 192.136841 11.981720 29.152588 0.121245
60.000000 416.195740 196.842285 13.099854 33.681305 0.081569
60.000000 14.037789 204.281845 13.730838 32.657318 0.076986
60.000000 19.277813 195.010193 14.091667 27.450836 0.076363
60.000000 135.855240 192.365448 12.412170 30.670105 0.073250
60.000000 505.195862 153.203979 17.566284 41.640930 0.068635
90.000000 118.148987 201.351089 10.841675 25.372437 0.292894
90.000000 426.958618 195.829391 13.278381 32.192627 0.262715
90.000000 48.260532 201.323547 11.587212 25.399139 0.153959
90.000000 451.639435 193.622513 15.129150 39.850647 0.130529
90.000000 444.827454 196.817413 12.340881 32.964539 0.109952
90.000000 438.719513 193.054855 12.981873 32.888123 0.094989
90.000000 412.949463 201.540024 11.088745 27.578583 0.091146
90.000000 110.432503 200.499603 9.451111 23.987976 0.086272
90.000000 338.646698 196.132629 11.327820 28.623627 0.074969
90.000000 449.466553 195.922974 11.556702 32.602692 0.058961
90.000000 431.410156 195.690872 13.883545 36.784760 0.051560
120.000000 476.349365 191.201050 20.990967 50.378479 0.397877
120.000000 506.018311 194.057953 22.124268 50.899139 0.383087
120.000000 426.772644 200.003464 12.794983 29.248840 0.293148
120.000000 508.358215 193.943497 15.243042 36.191559 0.268562
120.000000 455.233093 191.977219 13.889099 34.153107 0.239727
120.000000 415.725708 185.416214 15.758850 38.042480 0.228439
120.000000 86.904579 199.563278 11.860229 27.621979 0.218266
120.000000 76.696457 201.864166 11.239120 24.716736 0.203698
120.000000 424.901337 183.685928 17.733582 44.950775 0.180593
120.000000 481.843750 192.931061 13.244324 34.176178 0.152697
120.000000 441.758301 194.466492 12.831604 32.570831 0.147379
120.000000 494.817871 192.784286 14.359070 33.783752 0.106450
120.000000 467.821259 197.097321 15.553894 37.556549 0.086814
120.000000 501.804779 192.549438 32.448273 76.667267 0.056170
150.000000 25.835403 202.128433 11.422947 28.525513 0.574203
150.000000 40.448547 199.659500 10.171127 26.856354 0.413400
150.000000 439.402954 198.939621 11.729736 31.661835 0.412636
150.000000 429.861908 198.340393 12.263062 30.622589 0.245493
150.000000 443.149689 194.640198 14.047607 35.564117 0.240394
150.000000 13.817104 194.443192 12.224686 31.376007 0.232073
150.000000 455.996338 201.415390 12.118652 30.554596 0.137007
150.000000 336.939819 199.322845 11.108093 28.102081 0.083869
150.000000 530.634888 210.990799 16.145508 37.858276 0.070200
150.000000 396.021027 189.259659 10.632019 28.289124 0.066652
150.000000 69.132607 187.964737 14.053162 35.655731 0.061663
150.000000 405.558228 192.018661 12.581482 30.757172 0.056977
150.000000 481.096313 202.642181 12.835449 31.350067 0.052210
180.000000 483.988617 190.049179 18.962158 46.009613 0.971994
180.000000 474.968750 197.127380 15.015991 38.634338 0.402525
180.000000 458.496765 192.169205 16.845337 41.079681 0.338971
180.000000 539.130493 183.896896 18.358887 47.095398 0.128681
180.000000 526.593567 206.403198 12.670898 29.149628 0.121522
180.000000 127.904350 201.845535 9.707680 21.689941 0.117404
180.000000 80.810089 199.232605 11.223587 29.044464 0.093283
180.000000 499.792358 187.480316 15.663879 40.483063 0.075823
180.000000 580.665222 209.186661 11.533447 24.671326 0.065867
180.000000 459.783844 175.810852 22.586914 56.484619 0.057535
210.000000 528.522522 190.587494 18.084473 43.570770 0.795526
210.000000 503.167450 193.562408 21.467865 48.964050 0.686596
210.000000 547.840332 192.463821 25.602173 61.582367 0.543012
210.000000 536.699768 195.969254 19.047485 51.512512 0.438778
210.000000 466.449280 206.116653 11.361511 31.882874 0.435473
210.000000 49.644657 179.269684 13.950233 34.567230 0.315339
210.000000 468.857635 202.844299 15.237000 35.068756 0.194210
210.000000 569.759216 199.569626 13.850708 31.856049 0.173624
210.000000 516.301941 205.760727 16.104736 36.934143 0.159245
210.000000 590.652039 200.013336 15.803467 36.624939 0.133647
210.000000 461.122314 202.715271 14.001465 33.005005 0.106759
210.000000 625.049988 190.242325 14.929077 50.848083 0.101800
210.000000 496.339417 198.402740 13.181458 29.546906 0.085463
210.000000 99.033989 202.436310 10.108643 23.219788 0.070180
210.000000 6.449166 170.241318 23.042999 57.781769 0.064250
210.000000 536.741394 195.829285 13.429077 32.005493 0.063824
210.000000 103.413788 203.435745 9.499573 21.739288 0.053423
210.000000 3.519410 181.867920 15.536567 39.202148 0.052309
210.000000 546.201904 202.480789 18.505981 43.572815 0.050562
240.000000 531.616577 190.766251 18.102783 42.328705 0.845118
240.000000 519.376221 201.424850 20.830322 49.175598 0.493034
240.000000 596.056946 184.940796 31.932617 80.643036 0.479635
240.000000 523.682068 191.293823 23.830688 59.429779 0.393298
240.000000 64.610863 201.151672 10.474915 26.417999 0.392241
240.000000 598.510742 184.571960 14.635620 35.543793 0.302365
240.000000 623.140076 231.620529 14.662720 34.464249 0.178596
240.000000 604.368042 185.572174 19.278809 43.994751 0.163770
240.000000 133.403976 200.122696 11.984497 27.093292 0.162684
240.000000 7.984285 175.574936 14.281046 35.987396 0.105845
240.000000 341.606079 197.254547 12.543091 30.400452 0.093390
240.000000 503.992523 183.530060 15.805817 38.629181 0.086901
240.000000 7.163138 188.260544 13.922788 38.566467 0.052715
270.000000 589.726074 183.161453 22.738037 59.730316 0.975049
270.000000 45.721989 201.120850 10.722504 26.612915 0.313187
270.000000 547.488831 198.203400 17.369629 39.608978 0.182069
270.000000 541.458496 185.848221 23.852539 65.546112 0.180545
270.000000 41.857121 200.520569 10.629051 26.104950 0.156538
270.000000 532.549011 52.785763 30.010864 73.791336 0.134147
270.000000 15.349845 196.796021 12.072965 30.389618 0.098464
270.000000 29.808807 203.022919 9.449570 26.178253 0.096355
270.000000 62.202106 196.886749 11.788113 30.057281 0.088476
270.000000 588.033752 88.695221 15.129272 34.671539 0.088334
270.000000 45.673069 201.427307 15.504776 37.529572 0.083372
270.000000 540.767822 51.454170 15.273682 33.920776 0.069983
270.000000 596.492493 190.666077 16.911499 40.974396 0.058141
300.000000 617.697510 187.510178 21.489258 60.724823 0.958220
300.000000 443.552582 195.660416 12.472168 29.547729 0.177684
300.000000 97.544258 185.150818 12.375565 31.042389 0.131485
300.000000 52.988930 200.412430 11.288391 26.038544 0.079541
300.000000 128.488403 179.893692 12.141510 31.444641 0.068611
300.000000 102.389641 186.165176 10.588776 27.744873 0.055169
300.000000 181.745529 183.821014 11.600769 28.891510 0.052798
300.000000 431.387054 168.865112 16.638245 40.843506 0.050383
330.000000 157.149979 177.361542 13.188690 31.792572 0.190801
330.000000 475.638855 185.518860 17.091980 39.105499 0.183720
330.000000 123.630615 173.573822 16.863373 40.876556 0.121532
330.000000 427.706573 183.660599 12.382141 30.072601 0.092166
330.000000 435.695099 180.925583 14.392334 34.772186 0.090681
330.000000 441.009979 181.610779 12.806641 32.908783 0.085173
330.000000 333.317932 181.779190 12.439636 31.989685 0.081109
330.000000 109.114616 181.183945 13.473450 32.849792 0.071558
330.000000 595.150208 166.190353 13.740356 32.726105 0.062269
330.000000 523.059509 168.944183 14.137817 32.590057 0.057071
360.000000 516.961182 201.790649 11.599365 29.000336 0.143095
360.000000 342.163483 181.875397 13.848450 32.053192 0.084081
360.000000 552.933044 208.384094 12.453491 28.868439 0.073234
360.000000 336.126038 180.372009 13.989380 33.316467 0.056039
390.000000 458.388672 182.871597 14.853333 36.980133 0.561443
390.000000 442.200806 178.584839 11.237000 29.173737 0.170221
390.000000 456.739197 176.235596 12.840637 32.081665 0.150326
390.000000 426.145447 171.981934 12.742065 30.736206 0.107936
390.000000 411.933563 170.268829 13.655334 34.295563 0.103177
390.000000 432.002930 181.644653 13.470215 30.604980 0.060782
390.000000 541.296448 194.360260 11.482666 27.076813 0.054454
390.000000 581.147461 205.175720 16.224609 37.658081 0.052244
390.000000 535.656982 184.250473 10.980469 26.894287 0.052236
390.000000 396.616089 181.785034 12.543518 30.257660 0.050221
420.000000 507.135345 182.534409 20.649628 48.993866 0.776943
420.000000 499.331177 184.025375 15.780518 40.989319 0.215745
420.000000 530.020203 198.448334 15.048828 35.930542 0.173496
420.000000 13.796344 120.358101 10.988156 25.723564 0.146228
420.000000 171.730133 152.130569 16.873169 39.738922 0.143627
420.000000 23.591070 166.610657 13.362627 33.062134 0.140532
420.000000 20.374500 165.997223 19.345333 50.764526 0.096988
420.000000 428.757416 179.262405 13.527466 31.521759 0.092516
420.000000 43.864452 171.922974 16.279144 38.314728 0.073949
420.000000 94.921837 120.000572 13.055847 30.318947 0.052506
420.000000 505.168945 185.048752 15.037476 36.942078 0.050711
420.000000 22.243731 115.180626 12.232382 30.787987 0.050181
450.000000 154.390518 153.639435 16.905975 40.547272 0.244779
450.000000 550.791443 169.501205 19.651733 45.231049 0.232350
450.000000 116.248230 142.194916 24.719482 60.836182 0.164448
450.000000 109.118874 156.531647 14.294678 32.385010 0.130994
450.000000 475.353394 181.480408 16.050049 39.245026 0.128523
450.000000 66.208794 181.224594 13.552795 33.444580 0.111875
450.000000 236.502151 150.709061 13.612854 31.728973 0.111134
450.000000 89.183594 186.488968 16.714691 40.526764 0.108188
450.000000 166.700531 153.413055 13.855682 35.042786 0.104466
450.000000 618.773926 173.582153 21.226074 85.495056 0.087748
450.000000 44.958427 110.197006 12.249123 28.775314 0.082594
450.000000 149.372726 151.964203 25.334106 58.182190 0.078672
450.000000 120.956146 143.081665 16.854034 40.883759 0.076343
450.000000 0.000000 185.639587 8.757965 40.399841 0.050225
480.000000 53.003120 188.341522 13.286461 33.960876 0.183637
480.000000 45.721405 192.906418 12.728127 32.666382 0.162217
480.000000 92.423409 189.817566 12.629028 29.954742 0.136742
480.000000 191.728302 166.172150 15.854034 39.728149 0.075512
480.000000 538.081116 176.089203 25.590454 65.995209 0.074770
510.000000 47.688183 192.710007 12.298264 32.081573 0.162597
510.000000 41.866768 193.472260 14.105812 33.547638 0.146428
510.000000 143.289795 193.531647 13.278992 29.556732 0.074874
540.000000 458.122864 157.307892 14.694336 33.781830 0.200412
540.000000 150.235046 191.920288 12.431915 31.283875 0.139004
540.000000 457.390686 166.907776 15.496277 38.267365 0.125061
540.000000 475.507141 154.225204 15.878479 37.020660 0.118727
540.000000 450.307892 166.534149 13.397461 30.274658 0.096475
540.000000 496.479858 116.863815 17.546509 44.896759 0.090588
540.000000 40.100883 196.564041 11.372993 27.163727 0.081461
540.000000 466.360596 162.910461 18.962708 49.085907 0.080166
540.000000 454.149109 155.279221 22.492859 57.898163 0.055518
540.000000 450.537231 186.777374 13.541016 33.880981 0.054666
570.000000 125.866119 192.749588 10.216125 22.221283 0.239249
570.000000 53.259769 169.692474 14.235180 35.780334 0.203063
570.000000 482.708923 183.541550 12.052795 34.597839 0.177057
570.000000 137.712158 187.245117 10.271332 27.211151 0.119316
570.000000 517.799255 183.656174 12.684814 30.987274 0.074828
570.000000 48.065178 166.613602 21.251442 56.085480 0.074446
570.000000 445.047852 182.523010 14.435913 34.148804 0.068099
570.000000 166.247192 167.047180 14.948090 39.127960 0.054964
600.000000 518.450012 175.689301 13.332153 32.430634 0.238780
600.000000 537.685974 185.644638 17.338013 42.313812 0.104688
600.000000 527.327332 181.905319 14.380371 35.628723 0.090589
600.000000 269.749329 186.343857 10.892029 25.458710 0.077877
600.000000 0.000000 151.538193 13.754688 54.465057 0.075844
600.000000 335.166992 179.090820 14.420471 36.010315 0.070728
600.000000 0.454581 148.820877 22.345245 74.585510 0.063686
600.000000 540.291992 183.368103 11.018311 26.370667 0.062217
600.000000 513.471436 176.485641 22.592773 56.987854 0.061244
600.000000 523.848511 178.060593 20.471680 53.072845 0.052527
600.000000 593.802246 176.245026 17.045532 39.074615 0.052080
600.000000 393.109680 185.676117 12.059509 27.267151 0.050051
630.000000 623.821594 158.486725 13.928833 38.459595 0.440938
630.000000 584.746460 161.961777 23.873779 55.963684 0.311368
630.000000 621.109985 155.478943 18.487549 59.616180 0.213683
630.000000 556.802429 176.549576 15.622559 37.470367 0.199637
630.000000 460.606873 183.631531 15.445984 37.090088 0.175937
630.000000 590.474365 163.169418 15.723511 37.509583 0.144037
630.000000 578.936829 162.679092 33.492065 82.984680 0.133046
630.000000 493.771179 185.628220 13.972839 34.263763 0.122480
630.000000 561.741028 174.699356 12.423584 30.822144 0.109755
630.000000 331.997162 176.643600 15.276184 38.907593 0.106700
630.000000 125.130165 191.346222 9.853188 24.415222 0.091201
630.000000 345.857483 180.414703 13.640076 34.592926 0.084302
630.000000 154.409424 168.338501 15.890411 39.044769 0.078920
630.000000 555.444092 176.041840 12.218140 27.500732 0.074635
630.000000 578.380005 171.739746 14.082275 34.409760 0.071666
630.000000 559.311768 173.650604 20.079590 46.716736 0.059287
630.000000 587.171631 162.215668 14.416016 29.657379 0.055430
660.000000 600.523071 180.792068 9.971069 22.009644 0.240043
660.000000 78.646347 193.934464 11.283524 24.863281 0.158233
660.000000 511.823517 178.631805 17.666779 45.560242 0.101786
660.000000 499.015656 181.304199 16.800323 42.695862 0.100665
660.000000 62.362667 195.637253 10.800861 25.206970 0.087964
660.000000 501.975403 182.105545 11.064819 27.907990 0.078726
660.000000 559.676697 142.747314 21.339844 53.365082 0.074591
660.000000 498.140961 180.419434 11.570190 29.388458 0.065738
660.000000 132.943329 194.807739 8.973297 22.398438 0.060703
690.000000 59.604195 193.225311 10.433701 26.090363 0.540791
690.000000 52.326370 191.366364 12.305717 30.499329 0.168035
690.000000 90.638062 191.493286 12.470932 28.976135 0.123755
690.000000 624.526367 122.205185 15.344604 62.780121 0.119454
690.000000 626.781250 124.086464 13.153198 33.279778 0.080993
690.000000 130.682251 189.894653 11.850433 30.974091 0.076758
690.000000 447.328400 161.595718 16.394653 42.385345 0.071077
690.000000 271.590454 193.370270 9.836182 22.602234 0.069725
690.000000 176.242355 126.875626 11.379822 27.929443 0.066625
720.000000 36.228878 193.573318 11.665283 30.162262 0.760004
720.000000 493.805298 138.238449 21.303406 54.366547 0.196301
720.000000 114.255661 189.355423 13.715042 36.000336 0.129513
720.000000 595.079041 132.861649 23.466675 64.775848 0.129357
720.000000 431.621521 185.280884 12.396301 30.972351 0.113368
720.000000 131.887939 166.291626 17.756592 43.125183 0.060158
750.000000 14.760767 193.430649 11.674992 29.867706 0.751177
750.000000 43.946609 77.488556 18.243111 44.403275 0.327105
750.000000 56.213326 191.266388 16.234482 39.096405 0.241727
750.000000 564.249146 167.824066 12.705200 32.056793 0.174916
750.000000 448.296906 163.279358 16.913086 39.751190 0.132885
750.000000 408.654175 105.407089 19.585266 45.557800 0.090240
750.000000 566.381592 169.167511 15.980835 42.175934 0.079030
750.000000 609.486755 165.844971 24.449707 60.380737 0.051768
750.000000 435.399597 186.967499 11.412659 28.349182 0.051099
780.000000 455.127869 152.857071 21.512207 50.907593 0.422539
780.000000 432.611145 167.455902 17.615173 41.317657 0.354654
780.000000 463.331085 149.774536 24.163757 62.546021 0.273975
780.000000 422.761444 175.499146 16.270996 37.622528 0.270043
780.000000 406.038086 179.343185 11.006714 29.712952 0.262153
780.000000 441.034943 175.666901 13.990173 33.211792 0.258871
780.000000 327.541504 158.101105 24.250183 60.714417 0.216708
780.000000 331.402283 158.880646 16.536377 39.104675 0.190525
780.000000 395.465485 180.417877 11.923523 30.881012 0.188064
780.000000 409.075134 176.912811 11.551331 30.824341 0.173528
780.000000 544.504822 105.588966 35.920898 94.779411 0.167248
780.000000 430.526184 179.927475 11.296021 27.253357 0.135814
780.000000 526.403320 130.492996 18.513916 43.522919 0.117801
780.000000 290.616791 159.726044 24.590759 61.329834 0.101899
780.000000 449.982544 169.888306 16.922913 43.150085 0.085826
780.000000 399.275146 180.079102 12.340637 32.225525 0.064829
810.000000 564.947144 89.736893 39.887695 108.814148 0.388561
810.000000 591.267578 86.058899 16.578491 39.126572 0.336943
810.000000 606.176514 155.765320 25.668579 57.730804 0.156277
810.000000 579.122742 89.033279 17.950684 41.766541 0.152208
810.000000 411.820099 175.384735 12.273254 31.452789 0.087466
810.000000 511.314209 161.152802 18.797974 45.107819 0.084569
810.000000 165.334183 173.409393 14.498779 38.706970 0.078577
810.000000 554.680969 98.731277 37.334351 98.233521 0.067200
810.000000 584.622437 87.920242 13.854980 32.010330 0.061175
810.000000 572.196167 88.515877 29.562500 74.988945 0.056581
810.000000 561.741882 99.523880 27.816528 65.495514 0.050435
840.000000 576.044922 80.270737 43.720825 115.022095 0.525674
840.000000 198.064713 178.256378 13.978271 33.222168 0.250410
840.000000 588.693604 81.077103 19.766602 49.463989 0.233551
840.000000 623.808350 149.837799 15.997559 59.963226 0.182457
840.000000 449.932251 114.787033 31.055908 78.939392 0.126829
840.000000 545.542480 126.008751 14.427734 32.388023 0.118987
840.000000 583.182861 80.254150 30.477783 76.734756 0.115111
840.000000 452.370636 118.280853 21.514526 56.172089 0.078218
840.000000 189.941681 180.633881 11.430298 26.363770 0.069781
840.000000 617.233826 87.674637 22.766174 120.287048 0.068891
840.000000 561.635437 85.916122 43.458496 114.830170 0.064168
840.000000 508.806488 144.964661 14.121796 30.367279 0.057992
840.000000 395.634705 145.178406 17.548767 40.203400 0.057240
840.000000 82.595268 181.107422 13.411377 32.559204 0.057009
840.000000 591.957275 82.323181 13.197632 32.759079 0.050413
870.000000 567.385986 89.222649 43.922852 109.812477 0.513869
870.000000 580.511780 82.176056 49.870850 115.581390 0.293503
870.000000 234.476212 171.194611 12.418274 30.524384 0.178993
870.000000 446.170532 110.945045 33.530090 85.617699 0.163858
870.000000 600.880920 86.532135 37.037964 103.911530 0.122198
870.000000 232.889725 173.057037 16.682281 42.898987 0.075892
870.000000 456.644440 162.553345 12.168640 31.376312 0.063485
870.000000 447.123322 116.189552 21.110107 48.309135 0.055429
900.000000 441.310699 167.178162 19.305603 50.283325 0.329932
900.000000 582.812622 89.061119 48.104248 112.630287 0.098856
900.000000 237.734192 169.294922 19.888123 46.971161 0.065641
900.000000 571.571716 94.701233 39.343628 89.156860 0.064965
900.000000 177.978271 195.923325 12.959290 32.098541 0.064474
900.000000 605.448364 112.166954 27.401489 65.775307 0.060160
900.000000 150.645065 192.270157 10.867371 26.514313 0.056529
900.000000 446.374908 167.572327 13.716431 34.465149 0.055640
930.000000 585.685364 90.379486 45.278442 119.272369 0.650723
930.000000 589.725037 91.494370 33.016235 78.839478 0.167994
930.000000 453.117249 143.083344 27.876160 74.535004 0.155239
930.000000 600.830261 113.174698 32.665771 80.073486 0.137616
930.000000 522.583984 177.285416 17.063721 41.656036 0.109088
930.000000 442.721039 182.701187 15.718384 39.642944 0.104071
930.000000 575.847656 102.795166 28.342896 67.793701 0.102672
930.000000 596.786743 92.931877 20.151978 46.464607 0.099542
960.000000 585.279907 91.130913 46.492065 122.029518 0.727186
960.000000 590.612915 94.127350 33.693237 81.544861 0.268217
960.000000 520.573792 16.976288 21.125488 50.905846 0.246232
960.000000 473.296326 23.096869 15.121643 33.912025 0.199691
960.000000 524.012756 15.608696 15.428833 35.606117 0.165222
960.000000 573.122009 107.180588 27.742432 69.796661 0.146242
960.000000 466.554077 23.266857 19.794800 43.379505 0.143130
960.000000 600.326355 96.610527 20.929443 49.025764 0.137448
960.000000 454.622894 147.405716 27.465942 64.109009 0.122531
960.000000 499.407410 142.099152 21.719971 50.588135 0.108208
960.000000 626.410034 129.801147 13.450439 35.238586 0.071653
960.000000 504.127380 33.559998 16.265747 37.741486 0.068737
960.000000 606.611389 95.075836 31.554565 113.339569 0.056309
960.000000 622.416077 110.154327 17.582886 66.664337 0.052935
960.000000 491.109100 141.605743 13.990479 33.819489 0.050973
990.000000 584.114258 93.613266 46.939697 121.856384 0.550734
990.000000 588.650513 95.483902 34.878540 81.448975 0.287007
990.000000 523.079651 183.891403 16.608398 40.588684 0.221832
990.000000 609.008423 95.870255 23.847290 66.526428 0.192486
990.000000 572.277527 107.061890 37.410400 79.506927 0.135096
990.000000 605.164795 97.852982 33.415161 113.718842 0.116722
990.000000 622.887756 95.761261 17.091797 90.011993 0.080995
990.000000 104.216904 125.049576 12.902634 31.744080 0.071472
990.000000 220.229492 205.273285 12.626465 29.166809 0.066750
990.000000 614.097412 94.450531 14.354736 35.013885 0.060649
1020.000000 584.880127 94.205406 44.833252 122.860359 0.472044
1020.000000 523.142822 185.912857 16.278198 40.900360 0.175543
1020.000000 457.733826 201.106689 10.803894 27.550018 0.169230
1020.000000 594.714355 100.774544 25.182373 57.859917 0.141239
1020.000000 441.496033 198.276978 15.278076 36.231323 0.138647
1020.000000 468.999573 30.867825 11.261902 27.984093 0.120066
1020.000000 616.457764 107.752579 23.283569 108.599182 0.100242
1020.000000 453.322174 200.612808 10.544312 26.606842 0.095131
1020.000000 473.160889 27.634508 13.885010 32.499741 0.086619
1020.000000 523.806763 19.400034 16.079468 38.454567 0.076366
1020.000000 93.397156 195.531937 13.772873 32.945282 0.069909
1020.000000 557.012878 134.874619 22.893677 54.504272 0.058445
1020.000000 101.496231 125.946571 13.660370 33.630394 0.056637
1020.000000 574.828430 109.985077 28.323120 69.321320 0.055197
1020.000000 600.435791 113.686295 30.401489 83.596558 0.051708
1020.000000 465.794098 29.834171 17.562683 36.843990 0.050278
1050.000000 480.836487 190.540939 21.764160 54.218628 0.331631
1050.000000 442.872833 192.383621 16.134338 38.277039 0.106057
1050.000000 609.879761 97.917763 22.775024 65.583946 0.083334
1050.000000 594.779419 100.593697 26.115601 60.316231 0.080355
1050.000000 523.640198 186.478165 16.624756 39.587219 0.073306
1050.000000 454.061249 195.989838 14.943237 34.164185 0.059631
1050.000000 520.075623 20.000063 22.061768 53.562454 0.056849
1080.000000 519.832458 192.033676 20.608643 52.257202 0.812483
1080.000000 524.255493 193.178070 12.617065 29.070740 0.108436
1080.000000 102.486267 126.635101 13.447067 32.727875 0.054515
1110.000000 551.651001 192.295303 19.944458 48.975952 0.694066
1110.000000 556.569336 205.097977 13.545288 32.240143 0.223594
1110.000000 523.207642 188.106186 16.503906 39.056183 0.122867
1110.000000 553.865479 191.988953 12.925537 32.665070 0.111259
1110.000000 52.005455 204.359283 14.026169 33.943359 0.094922
1110.000000 614.920898 97.847504 13.975830 33.190521 0.059270
1110.000000 444.131958 194.316406 14.601440 35.823639 0.053297
1140.000000 578.641663 188.493057 19.409180 47.634521 0.896959
1140.000000 522.907715 186.042847 17.221313 41.829254 0.349795
1140.000000 587.772095 192.571823 16.881592 44.753693 0.271215
1140.000000 599.985168 192.158890 11.772461 25.897644 0.125308
1140.000000 593.207642 193.099152 16.540771 39.238037 0.115527
1140.000000 96.179031 208.689117 12.467850 29.785675 0.079229
1170.000000 595.681030 187.438614 20.631104 47.101837 0.641118
1170.000000 602.728394 191.262039 20.476807 48.827484 0.307374
1170.000000 95.574059 210.320465 12.956543 30.246429 0.088312
1170.000000 523.409851 186.819077 16.654541 40.467010 0.072950
1170.000000 457.526062 198.874680 12.442810 32.604950 0.066176
1170.000000 626.957947 198.810120 12.995239 35.333832 0.057220
1200.000000 602.778320 189.758087 21.261719 51.510345 0.860260
1200.000000 605.769958 188.216309 12.136353 30.012268 0.085272
1200.000000 522.500183 182.959671 17.848755 43.093170 0.066194
1200.000000 218.545486 212.714172 16.148224 36.358246 0.053852
1230.000000 604.375793 188.767349 21.918701 52.673706 0.935913
1230.000000 123.957573 209.192841 13.392769 29.176727 0.446879
1230.000000 523.290649 187.189682 16.760864 40.453186 0.122993
1230.000000 622.069580 201.672119 12.497559 27.558411 0.112735
1230.000000 452.632202 141.177536 26.860291 74.279510 0.069191
1230.000000 607.467712 186.244110 15.180298 34.833099 0.061551
1230.000000 454.162994 128.364975 38.493713 103.175171 0.057985
1260.000000 604.834900 192.067841 20.335815 49.581482 0.852304
1260.000000 618.184998 202.115738 17.042969 37.476105 0.155307
1260.000000 608.619751 201.743286 13.189697 37.149567 0.154960
1260.000000 523.605652 186.230713 16.771606 41.444550 0.135999
1260.000000 623.368286 202.078537 10.886963 24.805634 0.105035
1260.000000 611.317261 193.360046 12.864746 28.427765 0.088269
1260.000000 612.867676 195.843796 18.042603 40.798920 0.054253
1290.000000 604.487061 190.702988 21.827271 51.455872 0.952998
1290.000000 452.214874 146.369049 28.739807 71.429565 0.243768
1290.000000 622.337769 200.920166 14.121216 29.882477 0.165274
1290.000000 97.922562 126.797905 12.430969 31.482170 0.082598
1290.000000 523.513855 185.590958 17.849731 41.957794 0.072650
1290.000000 616.778076 201.067749 17.644409 39.017883 0.067441
1290.000000 624.817383 198.530945 14.734131 47.300385 0.060868
1290.000000 469.074066 134.699875 18.408691 43.933990 0.054498
1290.000000 611.866272 192.071518 11.896973 24.507507 0.053424
1320.000000 604.960754 187.010468 22.420532 54.431091 0.959759
1320.000000 523.460510 188.424789 16.030396 38.915375 0.225395
1320.000000 120.545265 208.885132 12.446251 29.494171 0.140610
1320.000000 112.245422 212.481216 10.234436 27.059875 0.118371
1320.000000 609.068420 185.513702 13.184082 30.028564 0.103585
1320.000000 613.478943 97.470062 15.932129 39.016235 0.085846
1320.000000 223.821045 204.856750 13.560303 31.523895 0.083252
1320.000000 456.512543 198.014206 13.485168 33.126923 0.076865
1320.000000 442.349182 192.913391 15.366638 37.659180 0.055701
1350.000000 615.184387 199.185852 18.988281 47.750732 0.824866
1350.000000 621.917114 198.802017 18.070557 48.853516 0.349057
1350.000000 118.890984 207.500595 12.336937 30.312012 0.276509
1350.000000 448.754456 121.478104 42.685242 115.127777 0.166531
1350.000000 53.218479 208.507782 14.102032 33.308289 0.072483
1380.000000 449.616180 134.208542 37.829041 106.557526 0.365474
1380.000000 586.217834 105.801315 44.975586 117.184357 0.245909
1380.000000 601.138611 106.426964 25.511353 59.122475 0.084224
1380.000000 84.310249 211.171539 15.890839 37.705414 0.069123
1380.000000 255.507629 182.259674 16.531433 38.970062 0.062961
1380.000000 611.910889 107.094772 27.421997 109.916046 0.060751
1410.000000 528.334961 195.978058 15.955933 40.587158 0.254720
1410.000000 591.294006 103.624725 46.502441 129.768494 0.187186
1410.000000 441.334564 187.924301 21.938110 53.987549 0.179248
1410.000000 459.291656 209.575317 12.408081 32.011230 0.139096
1410.000000 65.962364 97.032867 24.198715 62.403595 0.088960
1410.000000 493.355896 194.895523 11.923950 28.311096 0.080081
1410.000000 578.298706 141.347351 19.280762 50.048035 0.073236
1410.000000 614.385193 119.312637 25.572754 112.650665 0.067708
1410.000000 443.790741 200.110901 15.251831 37.793854 0.064721
1410.000000 41.654301 102.614937 21.242073 54.756950 0.057075
1410.000000 558.707153 154.865875 12.467529 29.489227 0.052172
1440.000000 605.603638 106.555099 33.570435 137.405426 0.201903
1440.000000 412.386963 207.904846 15.239807 34.908508 0.130879
1440.000000 489.913422 20.574896 17.004883 35.598152 0.069634
1470.000000 411.313690 209.447601 15.308350 36.188019 0.217084
1470.000000 425.965302 198.202438 19.476929 46.845673 0.171046
1470.000000 382.198364 199.963257 18.438965 46.850586 0.072986
1470.000000 568.114319 178.283508 18.457642 43.614960 0.070474
1470.000000 452.884735 201.659576 14.513062 34.932739 0.067345
1470.000000 474.311890 204.164230 16.661621 44.554504 0.065326
1470.000000 588.888489 171.752563 16.357788 39.040100 0.062477
1470.000000 30.728689 214.012787 13.029192 30.442017 0.058458
1500.000000 489.835419 208.482498 18.131897 42.871185 0.162718
1500.000000 269.729614 193.683167 19.420410 45.896545 0.091418
1500.000000 532.288574 187.158905 29.044556 75.937134 0.079854
1500.000000 431.171692 183.549286 18.237610 44.588776 0.074333
1500.000000 132.767578 208.025513 13.957123 32.838104 0.062314
1530.000000 479.137878 187.590576 18.833435 45.822571 0.521283
1530.000000 580.368286 180.597992 36.453247 92.645020 0.364561
1530.000000 427.639343 207.565445 16.138062 42.134247 0.212953
1530.000000 442.896057 177.150070 14.257568 32.501984 0.173889
1530.000000 483.359497 188.213623 12.428650 32.929138 0.159337
1530.000000 536.716858 199.950058 19.924927 48.737457 0.154761
1530.000000 614.335449 169.005493 25.664551 112.730286 0.138461
1530.000000 444.294128 178.303589 21.007446 51.682495 0.123423
1530.000000 454.968262 185.585236 18.646851 44.277954 0.121533
1530.000000 448.010681 179.400238 14.925781 35.077789 0.121394
1530.000000 478.225372 187.694901 12.613831 30.562500 0.105836
1530.000000 434.410645 208.057373 17.231812 41.505615 0.094363
1530.000000 563.158203 198.587097 23.077026 54.607391 0.093145
1530.000000 591.149902 192.143219 34.409424 85.095856 0.086604
1530.000000 489.572540 191.996368 17.832214 40.923767 0.081605
1530.000000 186.498291 208.576385 13.581757 34.449036 0.081410
1530.000000 458.266632 186.345306 12.926514 29.514587 0.078844
1530.000000 490.592102 192.718414 11.922668 29.083527 0.073248
1530.000000 175.942886 212.722519 12.429535 31.129425 0.070116
1530.000000 470.532806 186.556946 11.519226 27.477448 0.064694
1530.000000 618.081360 177.156143 19.388916 72.265686 0.053088
1560.000000 525.088135 227.344788 17.314575 39.796997 0.369960
1560.000000 67.864426 207.580872 14.148148 34.211304 0.173561
1560.000000 574.948547 223.376404 20.422241 54.255493 0.130535
1560.000000 588.711365 217.761612 23.615356 59.644699 0.080511
1560.000000 84.005630 208.213669 11.860046 29.368958 0.073940
1560.000000 273.067200 195.565491 15.655029 38.351501 0.070752
1560.000000 14.362812 208.235214 13.571468 33.838989 0.069514
1560.000000 201.242355 208.412643 12.617218 29.689575 0.066989
1560.000000 26.028202 206.928024 12.284286 31.858307 0.065819
1560.000000 541.338501 227.228806 13.504517 35.736588 0.063504
1560.000000 453.838196 201.720840 18.607788 50.034332 0.063151
1560.000000 0.000000 209.401825 18.221428 51.440857 0.059093
1560.000000 21.162689 209.193817 16.370754 39.067596 0.053005
1590.000000 0.000000 203.697693 11.905449 37.982635 0.212147
1590.000000 579.511108 236.013443 11.722900 29.742233 0.207847
1590.000000 626.014160 228.423248 13.985840 45.730652 0.136332
1590.000000 115.343056 206.996292 12.333725 30.691040 0.125886
1590.000000 598.305847 237.387146 16.045288 37.435791 0.120871
1590.000000 125.324890 203.204758 12.315704 30.919342 0.105837
1590.000000 266.997437 196.925018 13.538635 31.246735 0.105098
1590.000000 136.217255 203.130539 13.055664 31.523407 0.098382
1590.000000 273.353210 195.136322 14.450867 34.757812 0.092976
1590.000000 617.784607 217.679108 21.480957 59.122528 0.082324
1590.000000 616.655273 228.949554 14.336304 37.142090 0.075584
1590.000000 236.839828 199.915894 12.559906 30.847198 0.067678
1590.000000 359.193390 193.534332 12.875793 32.091949 0.065909
1590.000000 266.891632 195.856735 18.797424 46.860779 0.063972
1590.000000 394.158539 207.705536 16.052246 39.217499 0.059550
1590.000000 105.622299 206.046310 12.477524 29.462158 0.053823
1620.000000 282.044708 192.119720 17.972351 43.305145 0.379890
1620.000000 271.792999 194.915237 15.850220 38.786499 0.237369
1620.000000 288.369385 188.188934 12.169250 32.150299 0.220286
1620.000000 611.520874 8.435879 13.567871 32.107048 0.208750
1620.000000 82.347984 192.692337 13.562592 34.769196 0.183352
1620.000000 279.522125 189.737885 26.605469 61.202118 0.166969
1620.000000 289.388123 191.769073 18.574219 47.634674 0.119797
1620.000000 78.426636 198.448730 22.069321 38.994812 0.076216
1620.000000 452.172699 188.204758 15.586365 38.568756 0.070106
1620.000000 426.895721 212.924500 16.313354 41.858154 0.067622
1620.000000 273.910492 193.256668 20.268372 49.457550 0.065497
1620.000000 377.182770 210.046906 10.714233 27.244446 0.060430
1620.000000 203.779236 200.711319 10.554932 26.043915 0.055692
1620.000000 293.119141 193.942017 13.872131 31.360535 0.055356
1620.000000 389.275513 207.753021 12.239746 31.020172 0.053450
1650.000000 89.822456 204.690918 12.744934 30.550293 0.500242
1650.000000 253.971893 196.860291 11.817261 25.232666 0.417975
1650.000000 270.522400 192.582108 17.206421 41.432861 0.317157
1650.000000 281.918213 189.361816 16.770691 41.094818 0.216452
1650.000000 377.507721 206.025223 13.190247 32.126526 0.167955
1650.000000 275.746521 187.758072 12.694214 31.035980 0.138772
1650.000000 87.095383 210.201508 14.708405 37.701935 0.123223
1650.000000 601.130310 163.087402 17.585571 42.433807 0.121231
1650.000000 275.622375 187.321198 25.165222 59.546112 0.079710
1650.000000 372.149170 203.208618 13.198975 31.943695 0.061267
1650.000000 271.350433 191.501999 12.938599 29.077515 0.057175
1680.000000 0.000000 216.216476 10.162472 46.726181 0.211854
1680.000000 296.945343 184.570297 14.917542 36.301147 0.198064
1680.000000 278.338898 185.343491 13.614685 33.006256 0.139268
1680.000000 439.555725 195.951569 15.420776 36.567352 0.085089
1680.000000 617.711914 151.838791 15.324585 38.073822 0.062468
1680.000000 415.911987 199.933517 13.876221 33.846252 0.055652
1680.000000 290.608521 182.719086 24.096191 60.227783 0.054205
