30.000000 538.609619 121.474014 17.025879 41.134308 0.477259
30.000000 402.906128 142.899628 26.382324 65.323486 0.253404
30.000000 377.285522 141.817963 24.299133 60.587006 0.230802
30.000000 506.607574 160.734253 19.272125 51.585022 0.224738
30.000000 250.585571 181.444321 14.506531 35.023956 0.222247
30.000000 514.669556 155.623795 24.702271 60.164795 0.210428
30.000000 395.474884 149.573364 16.986511 40.810364 0.195115
30.000000 412.841583 140.659744 26.356567 66.538055 0.135688
30.000000 396.748749 148.441589 23.573242 55.538269 0.123009
30.000000 416.140656 142.302673 18.702759 45.065979 0.110269
30.000000 420.524750 127.487839 29.587952 70.240082 0.087760
30.000000 429.928345 147.078461 22.369202 56.986115 0.080339
30.000000 497.785858 159.776031 24.311859 58.977753 0.076725
30.000000 536.168579 168.726868 18.162842 43.564331 0.071438
30.000000 247.351257 183.382950 12.438843 31.971497 0.052073
30.000000 585.332336 134.921463 19.508545 47.796906 0.052060
60.000000 75.717285 192.362503 14.343674 32.973236 0.287346
90.000000 473.374176 183.075363 14.685852 34.708862 0.142862
90.000000 452.277557 186.093124 12.279663 31.415100 0.138539
90.000000 466.675781 178.080536 14.433167 33.728668 0.111922
90.000000 90.446648 189.970688 11.454834 28.569611 0.095648
120.000000 38.370422 177.313782 14.043015 35.076996 0.491593
120.000000 21.463188 174.445724 12.385281 31.611389 0.389886
120.000000 83.590630 184.474426 13.833344 31.912933 0.331262
120.000000 32.293213 176.913361 14.598160 35.215576 0.247558
120.000000 12.338757 172.682449 12.874897 32.897766 0.125631
120.000000 161.885178 167.478149 13.679291 31.407623 0.119894
120.000000 271.243927 164.403503 15.860535 39.408112 0.053255
150.000000 0.000000 152.209045 12.457489 51.467499 0.188720
150.000000 483.722382 160.819580 15.641663 37.750122 0.180573
150.000000 17.826962 157.028625 12.530987 29.164551 0.084966
150.000000 95.494537 178.205185 10.516525 24.612518 0.084461
150.000000 22.532465 151.386597 12.782602 31.742798 0.076824
180.000000 289.602905 132.676788 27.514221 64.570892 0.547957
180.000000 24.819279 170.720001 13.789997 33.844055 0.194113
180.000000 345.647156 132.943817 19.209717 44.642456 0.169689
180.000000 6.405001 178.188477 11.587914 27.769714 0.059966
210.000000 597.189941 91.023376 36.620605 95.908417 0.829406
210.000000 35.740993 163.082184 16.312210 36.899567 0.517090
210.000000 7.177077 158.973541 16.271286 39.571411 0.234452
210.000000 29.299725 164.417252 16.775169 35.155884 0.227703
210.000000 0.000000 164.272263 11.285410 43.655151 0.214991
210.000000 550.033508 145.228592 16.368774 41.736664 0.113952
210.000000 417.960815 108.503418 23.866394 57.096588 0.085040
210.000000 469.949677 104.370964 26.281982 74.831459 0.064335
210.000000 624.643799 101.767754 15.207031 69.044472 0.054925
210.000000 6.238435 129.642609 26.964687 73.170319 0.053532
240.000000 519.416199 114.418877 19.435181 47.574852 0.405269
240.000000 240.549637 145.915878 17.826736 41.729889 0.197853
240.000000 26.874151 165.786728 11.425161 31.074280 0.174603
240.000000 169.684189 145.211472 15.944305 40.735657 0.135946
240.000000 313.597809 149.566986 17.663696 42.019348 0.117375
240.000000 485.826569 90.128441 25.007812 62.984428 0.104449
240.000000 505.463623 121.882393 17.222656 40.008751 0.103183
240.000000 317.379974 162.187790 11.889160 29.375305 0.095638
240.000000 202.384872 154.343094 14.386108 36.261688 0.094026
240.000000 56.789070 169.013367 12.052170 28.404358 0.075662
240.000000 47.683659 165.864746 12.716370 32.151306 0.056623
270.000000 222.835693 141.541748 13.766449 33.535461 0.637323
270.000000 487.907776 95.771484 29.788879 77.118896 0.161417
270.000000 357.291077 95.449158 20.316345 49.140549 0.142865
270.000000 21.123451 147.708893 13.364944 34.710327 0.103126
270.000000 532.575073 107.751053 20.006104 48.421112 0.086621
270.000000 13.439774 145.268311 12.431164 32.258972 0.078663
270.000000 492.257141 96.369080 22.097229 51.200668 0.056229
300.000000 609.813416 146.613327 17.319824 39.751526 0.055518
330.000000 592.475769 86.155403 37.968018 89.113365 0.850549
330.000000 554.125427 97.674507 30.360718 69.752586 0.375764
330.000000 607.050964 88.799355 31.856201 88.588219 0.323721
330.000000 509.323761 98.172096 61.094025 171.020264 0.119917
330.000000 582.095703 89.046844 32.428467 82.582703 0.103196
330.000000 620.218750 94.392349 19.781250 77.685364 0.100410
360.000000 240.901245 149.167511 29.392670 65.788696 0.214809
360.000000 209.610779 146.641510 27.216705 65.302856 0.066195
420.000000 592.781555 161.058456 16.551270 38.407745 0.539311
420.000000 270.557861 188.191040 18.348267 41.003113 0.479159
420.000000 349.979919 178.424377 17.067200 41.997101 0.290347
420.000000 138.233063 208.178238 16.409912 40.264832 0.233243
420.000000 432.698029 180.947571 11.494385 29.296143 0.177039
420.000000 602.353882 193.088501 14.613892 34.932709 0.138075
420.000000 158.203552 205.513397 12.585480 29.604706 0.056417
420.000000 585.789001 157.705048 25.562744 63.663788 0.050670
450.000000 566.849609 187.218369 12.397339 30.861786 0.295381
450.000000 577.325928 156.380005 20.225220 46.380432 0.194617
450.000000 111.078148 193.465820 12.543640 31.693237 0.179532
450.000000 24.263796 207.458267 13.763906 34.995575 0.172350
450.000000 617.772705 152.012177 22.059448 79.381683 0.169256
450.000000 538.617371 158.650711 19.877808 53.371094 0.109905
450.000000 589.768860 35.844524 14.485229 31.331409 0.108310
450.000000 378.676514 181.073334 14.968384 36.631592 0.100131
450.000000 7.050931 193.250641 14.832693 33.519653 0.099619
450.000000 2.164571 188.796234 21.948864 53.286987 0.097594
450.000000 52.671482 221.643539 16.018826 36.220261 0.066784
450.000000 93.332413 198.549622 11.289993 26.731384 0.065879
450.000000 74.909370 218.057602 14.216476 33.054810 0.057026
450.000000 0.000000 190.285492 11.420912 49.439362 0.052515
480.000000 2.235008 209.713348 19.283348 47.718750 0.591498
480.000000 44.369553 223.351166 12.003365 27.065887 0.320973
480.000000 24.458254 220.263474 21.350859 49.931625 0.203701
480.000000 11.594782 218.244278 17.398457 46.856247 0.101923
480.000000 0.000000 206.744843 13.741097 63.611053 0.085317
480.000000 0.071851 202.589966 12.306197 35.961182 0.081413
480.000000 573.491211 187.015503 11.210571 29.831543 0.054192
510.000000 481.252686 122.865891 16.015137 40.763885 0.295868
510.000000 576.273254 173.674667 14.974121 35.025848 0.252742
510.000000 490.388733 132.376892 13.674194 35.105804 0.183072
510.000000 480.197388 209.821823 13.699463 29.322266 0.135158
510.000000 569.647583 172.162018 14.619507 35.353271 0.120514
510.000000 183.229980 181.911407 12.143433 27.971680 0.116347
510.000000 574.632446 173.143311 11.242432 29.152466 0.113138
510.000000 75.302963 192.341263 14.063950 33.089874 0.080507
510.000000 368.836517 172.587067 11.485779 28.457275 0.072916
510.000000 275.630768 174.535431 16.970215 44.045593 0.055386
510.000000 617.200806 173.403992 13.127563 31.217377 0.051449
540.000000 368.615021 208.158981 14.314087 33.925262 0.120922
540.000000 623.558350 173.157532 15.403687 45.724304 0.113037
540.000000 489.616486 156.424576 15.719604 37.388214 0.084141
540.000000 427.927032 209.031540 11.523010 28.699371 0.073106
540.000000 348.723114 211.870178 10.974731 29.050140 0.066706
540.000000 357.299713 209.963882 13.899292 33.480042 0.063842
540.000000 373.169891 208.269135 12.004578 27.505890 0.050539
570.000000 268.850525 187.837952 21.767883 56.071930 0.798701
570.000000 610.711243 152.602234 23.118164 57.888550 0.627083
570.000000 406.298462 168.890228 22.639832 59.980011 0.447877
570.000000 178.577515 198.607086 12.121582 30.668762 0.234395
570.000000 18.428469 208.677979 14.242537 35.399872 0.233694
570.000000 595.316406 165.597809 21.462036 46.752533 0.223910
570.000000 478.512970 191.748672 18.062073 43.081940 0.203018
570.000000 383.438080 198.847977 17.118042 41.473969 0.127936
570.000000 330.202332 201.999908 18.492493 42.922089 0.126048
570.000000 241.910736 206.743469 12.954224 30.333496 0.072355
570.000000 387.478821 198.133270 11.555054 28.608643 0.061928
570.000000 54.836235 214.689362 12.730453 32.020874 0.057997
570.000000 176.101669 199.292908 16.483459 43.693329 0.057630
570.000000 371.900452 192.965469 16.903564 41.808441 0.056687
570.000000 622.241516 148.134125 16.926147 44.458130 0.053105
600.000000 536.002808 130.354614 16.055664 37.236389 0.202444
600.000000 528.878296 130.951035 13.708374 31.142639 0.173406
600.000000 389.497314 179.983170 13.789307 31.548950 0.159052
600.000000 386.855164 180.273849 19.030884 46.037598 0.155740
600.000000 274.653107 178.704926 19.404480 51.307465 0.145683
600.000000 510.359192 143.055771 17.725220 41.377777 0.143492
600.000000 414.674622 180.724228 15.515198 36.906860 0.089285
600.000000 591.964539 150.205185 18.796875 41.251617 0.083058
600.000000 622.871521 151.578186 15.944824 45.842468 0.062380
600.000000 155.521484 195.495499 15.202332 35.785553 0.057504
600.000000 483.576447 133.937057 18.460571 40.143158 0.056637
600.000000 429.552490 183.638519 13.899109 32.869476 0.053242
600.000000 497.537506 130.397156 18.674835 45.485840 0.052478
630.000000 423.728729 177.319962 16.896057 40.780365 0.118579
630.000000 408.530487 173.595520 19.698120 46.638306 0.076076
630.000000 442.977142 174.878540 14.114197 36.301971 0.072877
630.000000 23.889198 1.902708 23.000748 51.274635 0.059384
630.000000 425.914459 177.311768 11.350464 30.247650 0.054102
660.000000 0.015780 166.196838 9.942028 49.324829 0.069177
660.000000 241.870316 28.025034 14.556229 32.018471 0.060822
660.000000 190.714737 169.962540 14.178711 34.274902 0.055908
690.000000 28.796267 165.387283 15.843557 36.824463 0.138832
690.000000 577.855835 146.749329 18.876465 44.756775 0.114944
690.000000 115.764877 153.216003 16.892776 38.476288 0.099415
690.000000 80.654068 167.383163 12.067810 26.699310 0.079087
720.000000 530.420654 141.237946 14.353638 37.237335 0.567785
750.000000 255.274765 144.265366 13.724625 33.211487 0.721246
750.000000 447.632996 141.077805 21.572327 48.386200 0.287274
750.000000 262.685577 136.613632 15.649170 44.541107 0.219301
750.000000 493.082428 136.133209 13.357910 29.246918 0.190734
750.000000 452.022278 143.556519 15.242676 33.561646 0.188564
750.000000 504.660431 143.077515 13.808441 31.446930 0.064113
750.000000 489.405365 133.346298 20.020081 49.105042 0.059148
750.000000 500.855133 142.152847 20.247406 45.314148 0.050911
780.000000 83.586647 137.574860 14.184189 33.671326 0.423613
780.000000 118.550652 136.210358 13.599495 31.562897 0.329923
780.000000 126.422760 137.976257 13.647400 31.914398 0.285547
780.000000 134.302078 137.794113 13.510406 32.713135 0.171336
780.000000 148.577271 137.725891 17.358551 35.442780 0.166646
780.000000 68.657562 142.005814 11.408295 28.769806 0.153620
780.000000 78.839500 136.696136 20.604324 48.655945 0.102065
780.000000 238.547287 136.340500 12.966339 29.572723 0.098656
780.000000 287.874207 133.171021 12.841919 31.290253 0.096589
780.000000 429.086823 132.890686 14.752625 35.442444 0.094372
780.000000 0.000000 132.553009 8.852852 49.178925 0.053641
810.000000 563.702026 16.100574 11.407227 28.188866 0.100100
870.000000 584.262268 207.216553 18.492188 44.487579 0.334288
900.000000 571.410645 42.249146 15.114258 34.915398 0.116594
900.000000 357.673645 215.272858 9.611572 23.063660 0.106319
900.000000 382.950409 215.888245 11.123413 24.541534 0.070156
900.000000 581.896057 28.158182 15.273682 35.992966 0.059958
930.000000 527.526672 207.367004 13.767334 35.668976 0.106054
930.000000 566.393250 219.156250 15.823853 37.744232 0.087361
930.000000 555.485718 212.288727 16.118042 37.241913 0.073122
960.000000 447.340118 187.570129 18.912598 47.132111 0.446856
960.000000 507.302124 24.777264 14.008423 32.440575 0.142419
960.000000 419.856232 197.437805 16.466248 37.424225 0.088667
960.000000 427.015594 205.456955 13.702881 34.047760 0.059693
1110.000000 615.255981 99.874886 17.733154 45.715263 0.088790
1140.000000 538.666565 206.426880 14.652222 36.482605 0.090186
1170.000000 353.176666 183.251053 18.000000 42.152924 0.171193
1320.000000 481.455078 257.141022 26.130493 56.473267 0.233294
1320.000000 484.815460 256.729370 18.610657 39.598389 0.142389
1320.000000 607.919983 10.987829 14.406250 32.381287 0.065828
1320.000000 595.288879 6.426636 16.144165 36.729309 0.064005
1350.000000 593.499939 0.298462 12.969482 24.841684 0.283159
1350.000000 464.721558 275.579437 18.300049 42.198181 0.224621
1350.000000 507.042969 2.660218 13.576538 30.425892 0.202201
1350.000000 560.499573 2.069017 14.722778 32.337433 0.136096
1350.000000 578.070862 0.251993 12.425171 28.316019 0.135017
1350.000000 588.925293 0.711543 21.760742 30.346298 0.099591
1350.000000 576.095642 0.050369 15.367310 15.859457 0.085697
1350.000000 398.381622 4.651825 13.969604 32.207085 0.075067
1350.000000 424.552856 269.494843 14.174744 32.103516 0.075038
1350.000000 522.716980 0.697065 12.938354 26.269062 0.064044
1350.000000 623.838928 0.040242 15.612549 18.044243 0.060044
1350.000000 460.781555 274.844757 24.449707 63.604614 0.053714
1350.000000 372.669708 277.309723 15.083984 34.002625 0.052952
1350.000000 602.913635 0.000000 12.279297 18.870159 0.050949
1440.000000 573.854248 294.591217 24.174072 55.617004 0.111009
1470.000000 577.925049 0.241247 22.024902 49.166527 0.066880
1500.000000 409.648438 322.502502 19.487000 45.722900 0.068970
1500.000000 579.756348 1.206808 14.786255 33.411461 0.057361
1500.000000 575.303040 0.138296 17.582275 20.944160 0.053536
1530.000000 594.696838 0.000000 14.724487 22.373384 0.056797
1530.000000 593.622070 0.017471 18.185913 40.502918 0.052235
1560.000000 594.041077 0.030619 15.694458 20.075169 0.104248
1560.000000 614.332031 305.023407 22.658813 62.098206 0.103253
1560.000000 49.563461 425.648682 21.819397 52.074280 0.076630
1560.000000 575.298218 0.000000 17.487061 35.792442 0.058753
1590.000000 592.229248 298.672852 18.070068 46.861206 0.234969
1590.000000 594.923279 298.415405 12.821411 32.513123 0.090753
1590.000000 574.948975 296.101440 23.723633 54.890076 0.079684
1620.000000 595.170898 0.000364 17.575439 20.743397 0.145954
1620.000000 594.281677 0.152704 19.350586 43.262047 0.134050
1620.000000 607.132080 0.001752 13.880615 22.110241 0.118610
1620.000000 550.874023 0.008652 20.338257 43.504921 0.115732
1620.000000 594.863892 298.338226 12.915649 30.398071 0.101607
1620.000000 600.336792 0.106176 14.667236 28.676039 0.095889
1620.000000 603.411682 0.274466 18.507812 42.250153 0.084837
1620.000000 584.595398 0.086885 16.763184 21.342966 0.079203
1620.000000 554.017578 0.085614 14.655762 23.826790 0.054368
1650.000000 595.229614 0.099234 17.184937 20.385798 0.130601
1650.000000 606.402405 0.000000 12.452881 21.703249 0.122983
1650.000000 594.617859 0.117811 19.248535 43.332993 0.103732
1650.000000 516.873230 0.056381 15.596802 34.592381 0.084652
1650.000000 556.352844 0.086591 13.203735 22.666927 0.063499
1650.000000 564.145569 0.112132 13.185303 22.524418 0.059881
1650.000000 587.388184 0.227164 12.739014 22.898388 0.055949
1650.000000 547.325012 0.000000 20.055420 19.111042 0.051109
1680.000000 551.386230 0.189342 19.741699 41.134460 0.054737
1680.000000 592.759338 1.223022 16.294800 36.800999 0.054193
1680.000000 557.665649 0.082561 13.246582 30.701357 0.050533
