30.000000 522.544128 159.163269 15.012939 35.163483 0.148074
30.000000 533.126953 155.757370 12.240723 27.823425 0.081343
30.000000 542.803650 151.521530 12.914429 32.593994 0.080699
30.000000 60.448799 157.067764 11.607498 26.313416 0.066345
30.000000 527.079773 155.621094 12.954468 28.540039 0.055183
60.000000 558.603088 145.913696 14.249756 32.683533 0.257258
60.000000 581.453918 145.577042 12.772461 31.311523 0.214264
60.000000 589.921143 145.780426 12.062378 30.035309 0.126251
60.000000 611.515198 137.775635 13.668457 34.035492 0.085473
60.000000 555.663025 144.663483 21.359497 45.793518 0.073210
60.000000 586.095886 147.499451 10.756470 28.743530 0.053317
90.000000 573.273010 154.195953 14.332520 34.856201 0.248908
90.000000 386.466461 136.899979 20.448730 48.407806 0.174473
90.000000 588.498718 151.629013 14.949951 35.022614 0.141730
90.000000 604.034607 143.315857 17.208374 41.622894 0.104718
90.000000 396.011169 140.641754 18.747498 46.593048 0.094987
90.000000 596.199280 146.456497 14.579712 37.506439 0.088949
90.000000 75.470001 69.854927 12.609818 29.635895 0.081704
90.000000 510.472290 135.558746 25.284058 64.816711 0.073023
90.000000 61.529907 63.074421 14.660339 32.255978 0.067691
90.000000 625.416626 145.227249 14.299316 36.829773 0.064566
90.000000 593.350708 148.341187 12.148560 31.632507 0.059382
90.000000 535.448303 146.795639 16.150391 40.493805 0.052511
120.000000 598.415955 127.174850 31.316162 87.563171 0.145156
150.000000 616.962341 158.803696 18.966675 48.913696 0.100549
150.000000 496.116547 160.106506 18.947357 47.120117 0.061341
150.000000 620.968872 159.374756 14.510986 30.430084 0.050357
180.000000 46.988380 126.638702 21.079216 47.957367 0.272078
180.000000 52.766109 126.484520 13.806416 32.344704 0.119302
180.000000 426.417816 176.617203 12.807617 34.306244 0.113497
180.000000 457.812164 176.666901 13.089417 33.402924 0.076960
180.000000 541.592651 146.832031 30.403564 72.746277 0.076633
180.000000 444.706757 180.648254 12.317078 29.447052 0.068126
180.000000 442.355865 180.474396 10.448181 26.145813 0.051755
210.000000 617.145142 123.437439 22.854858 112.226440 0.053431
240.000000 23.785088 184.109253 9.703518 25.510498 0.090129
240.000000 33.856049 186.492554 10.570793 25.508881 0.067312
240.000000 27.310120 187.971039 9.705826 24.893921 0.066688
270.000000 461.786072 131.081268 24.299561 59.943512 0.320030
270.000000 582.971191 9.973173 18.845581 42.612625 0.213922
270.000000 465.737793 132.073761 17.636536 40.792450 0.139705
270.000000 575.767700 8.612066 19.576416 46.994675 0.070002
270.000000 576.161499 8.941824 13.156006 29.661524 0.055314
300.000000 543.971497 154.268127 17.453125 38.997986 0.366177
300.000000 593.572388 109.941246 35.031738 86.695229 0.245912
300.000000 555.053528 138.145370 23.160889 58.702057 0.205155
300.000000 550.615112 154.155960 13.909302 34.303406 0.173674
300.000000 254.224716 176.747894 10.703354 26.387299 0.137415
300.000000 620.152832 119.873901 19.846924 70.616669 0.121560
300.000000 24.509850 152.377289 18.282585 40.644073 0.108388
300.000000 41.010460 151.413116 13.442039 32.544312 0.095926
300.000000 0.014513 175.265717 13.735624 48.911560 0.068441
300.000000 259.777771 171.170395 13.397766 32.805756 0.064169
300.000000 624.857300 126.112129 15.001709 40.460594 0.061858
300.000000 502.822540 148.455383 18.145905 42.470612 0.057795
300.000000 562.275757 147.255630 14.282715 37.524719 0.056790
300.000000 546.355286 142.008102 14.463135 35.057007 0.055848
330.000000 9.927521 147.306549 16.167030 36.906738 0.123316
330.000000 237.992432 169.903168 14.705963 36.130493 0.100062
330.000000 227.971436 168.069153 13.835938 33.000671 0.092501
330.000000 552.149780 145.269943 31.131714 78.677063 0.061308
360.000000 473.050079 8.829786 12.214844 31.139627 0.157305
390.000000 564.354858 154.990387 13.318726 34.758484 0.071734
390.000000 547.485840 144.743286 15.389038 38.469391 0.064377
420.000000 167.307098 149.510864 13.068420 32.171112 0.189371
420.000000 187.310440 162.267014 16.609283 40.537384 0.140820
420.000000 63.878601 132.151932 25.830887 66.545654 0.108475
420.000000 501.061066 168.904984 22.194672 57.192963 0.092350
420.000000 501.856201 179.291214 14.289001 33.378357 0.077044
420.000000 160.117859 150.520782 13.388824 32.114899 0.073320
420.000000 204.309357 158.651352 13.307861 31.246155 0.071239
420.000000 197.449051 159.742828 12.895996 32.146332 0.069720
420.000000 190.442001 160.134415 12.067657 30.266815 0.065140
420.000000 163.108109 153.243286 16.947479 41.756073 0.055923
420.000000 377.045563 158.582535 10.507568 24.537415 0.051903
450.000000 105.670586 170.393539 16.030029 41.327972 0.158226
450.000000 132.887878 150.486572 17.481171 43.395172 0.114096
450.000000 556.162109 163.067703 14.570557 32.372375 0.101385
450.000000 108.977654 165.692764 12.471207 31.236511 0.076595
450.000000 102.574615 28.213255 12.856033 31.391710 0.064140
450.000000 161.261261 166.582733 15.140594 36.427917 0.052259
450.000000 128.960724 150.208405 27.628876 68.452271 0.050632
480.000000 108.060020 168.044952 15.637863 33.320190 0.358604
480.000000 536.726013 0.179480 22.294556 50.146629 0.112453
480.000000 103.027412 167.462097 16.615326 44.077728 0.099011
480.000000 105.940384 166.890320 22.235214 51.112946 0.067145
480.000000 59.366283 170.378387 14.733593 34.250702 0.055125
480.000000 104.664726 167.349960 12.179779 28.547394 0.054616
510.000000 30.413609 21.817261 12.124718 27.453598 0.561782
510.000000 82.357002 159.843597 14.598618 34.594452 0.535939
510.000000 50.899982 6.168013 14.639294 35.335533 0.438781
510.000000 89.061478 159.190918 17.061676 40.998932 0.394685
510.000000 152.132721 29.151501 15.585236 35.376926 0.302704
510.000000 62.536343 1.327223 13.407825 33.605247 0.283553
510.000000 90.880630 0.875294 14.006561 31.620110 0.239999
510.000000 85.346848 157.785187 24.786835 57.910675 0.178764
510.000000 91.878479 156.060074 12.193893 30.890717 0.178349
510.000000 145.993576 34.152813 14.233368 33.586262 0.174833
510.000000 95.152557 159.397873 17.838348 41.653900 0.168091
510.000000 59.731148 2.164537 19.446167 46.632027 0.152883
510.000000 45.437088 7.662144 10.921837 27.412998 0.149114
510.000000 410.981964 110.014359 25.893250 60.382324 0.071090
510.000000 28.539261 22.132765 17.679108 43.030739 0.066004
510.000000 77.728874 159.851395 22.137268 56.678070 0.063825
540.000000 588.481079 111.946426 17.235474 44.002014 0.107318
540.000000 338.993958 146.408722 18.750671 43.518372 0.106797
540.000000 445.126160 128.779434 13.668945 33.783600 0.085363
540.000000 525.636047 156.761002 12.481812 28.880554 0.077348
540.000000 590.846863 113.991234 11.716187 31.814110 0.071755
540.000000 521.417664 155.698517 18.662842 42.782227 0.069112
540.000000 546.893921 164.165192 12.572998 30.909912 0.059692
570.000000 608.607483 181.954453 16.544678 39.743103 0.344659
570.000000 467.518341 160.220886 13.346436 31.350311 0.197247
570.000000 604.283936 180.222672 23.964722 57.259277 0.165902
570.000000 592.022400 182.400269 17.199951 40.475586 0.098390
570.000000 461.046387 157.804291 13.791016 32.956238 0.094667
570.000000 609.931030 180.743256 12.641724 27.651550 0.084691
570.000000 374.275696 153.965790 11.896179 27.841827 0.078472
600.000000 508.271149 155.736160 16.193756 39.719818 0.312149
600.000000 504.761230 167.810333 13.041687 29.720245 0.277851
600.000000 496.224518 158.212616 12.005920 28.361694 0.183549
600.000000 355.095215 161.294922 18.245056 41.963531 0.111047
600.000000 513.623535 156.031509 11.699829 26.261658 0.106887
600.000000 4.884419 159.910583 16.181263 44.031738 0.098703
600.000000 381.430359 159.412186 11.595459 28.825531 0.094881
600.000000 519.871521 150.405914 22.234741 51.375702 0.083255
600.000000 484.557129 165.699020 13.062073 33.024323 0.078613
600.000000 522.779175 170.312790 13.006714 30.066315 0.070943
600.000000 0.000000 164.159485 12.497999 53.871704 0.062824
600.000000 100.675049 152.382080 12.902603 31.254303 0.062783
600.000000 371.307129 151.665649 10.709351 28.557129 0.057019
600.000000 489.973999 157.172882 20.521423 42.638062 0.051065
630.000000 389.638062 160.766174 13.704102 33.664764 0.231323
630.000000 363.597748 151.873947 13.628357 34.492645 0.182762
630.000000 372.223450 154.145554 13.103577 31.296692 0.127230
630.000000 552.503357 145.304352 13.201172 33.058197 0.123426
630.000000 570.190796 138.079575 14.749512 33.944641 0.091282
660.000000 370.691895 168.629425 10.874634 26.736725 0.546112
660.000000 358.427399 164.227890 11.535889 27.514465 0.219804
660.000000 29.701454 191.334824 12.837891 31.522797 0.108401
660.000000 618.986206 137.909805 20.560425 74.524170 0.099305
660.000000 624.965698 142.187454 14.868408 51.691162 0.061866
660.000000 10.983860 195.192108 15.642956 34.798248 0.051371
690.000000 368.641418 174.063187 11.156921 26.537140 0.107995
690.000000 382.525574 174.839600 10.616028 27.666138 0.073662
690.000000 443.719147 168.479309 15.500000 36.402496 0.065119
690.000000 0.246030 206.102127 11.906642 30.454193 0.060510
720.000000 396.336578 177.294037 10.940613 27.874695 0.582463
720.000000 444.187653 176.567795 10.030823 24.130707 0.438196
720.000000 387.653687 168.999878 14.319214 36.100128 0.357076
720.000000 377.602814 174.515244 12.094482 30.289551 0.271958
720.000000 485.988342 181.323044 12.909302 30.220093 0.193256
720.000000 535.598877 175.681061 13.103394 30.386749 0.154184
720.000000 488.211151 179.648407 9.855957 21.507690 0.109618
720.000000 326.409851 174.742981 13.344604 32.466187 0.097704
720.000000 483.641785 181.634674 18.498535 41.976044 0.077770
720.000000 15.417084 218.044006 20.791386 46.959656 0.065974
720.000000 296.830841 168.300018 16.235596 38.763489 0.050777
750.000000 409.251007 176.288025 14.050903 35.147919 0.479964
750.000000 401.806122 177.949524 10.762146 26.678101 0.305829
750.000000 387.727966 174.060913 12.251221 30.256439 0.279293
750.000000 502.381378 18.804609 10.724579 26.013414 0.185812
750.000000 538.408997 159.403625 11.296997 28.766724 0.144094
750.000000 539.779602 0.749410 14.464111 25.654640 0.134032
750.000000 603.809387 177.386932 17.568726 40.650757 0.120731
750.000000 626.530945 161.250137 13.401245 37.966675 0.100253
750.000000 593.687988 153.535675 13.306274 32.427582 0.067943
750.000000 605.998047 156.791443 22.522583 59.776733 0.063876
750.000000 623.757019 161.141769 15.358887 64.499817 0.059928
750.000000 541.423218 161.482681 12.427490 29.421631 0.054131
750.000000 147.428009 168.661880 10.593109 26.945770 0.051304
780.000000 416.896240 176.343338 14.847717 37.100677 0.624116
780.000000 390.715607 160.380676 19.995361 52.602142 0.289622
780.000000 412.149048 176.374634 11.608459 30.415436 0.245651
780.000000 392.543579 160.669891 12.573242 28.098541 0.197735
780.000000 256.123383 176.237396 14.758301 34.051575 0.162944
780.000000 603.967163 163.209717 11.741943 31.077911 0.080513
780.000000 291.593201 177.177689 12.533020 29.788757 0.073155
780.000000 473.870331 179.245560 15.351196 35.979156 0.070630
780.000000 597.716797 160.199783 15.686890 36.315796 0.070108
780.000000 132.830963 160.686234 13.112823 32.597443 0.067593
780.000000 422.111267 166.599640 11.201050 28.237183 0.064664
810.000000 528.700806 176.565033 19.239868 47.412659 0.842261
810.000000 427.346039 173.508179 18.150635 45.412720 0.840550
810.000000 417.672180 176.255264 14.890442 37.023285 0.783721
810.000000 403.498505 173.945496 17.028564 42.516937 0.598605
810.000000 533.475952 178.799011 13.329712 32.691498 0.234822
810.000000 523.517639 177.231293 15.114746 35.991089 0.079349
810.000000 415.909546 178.305359 10.780029 26.708588 0.056223
840.000000 601.469543 173.711365 26.364502 65.738678 0.994597
840.000000 435.821564 171.038467 18.724487 46.450012 0.653279
840.000000 424.791718 171.828842 15.233582 36.016174 0.645167
840.000000 406.100403 180.127914 15.666748 39.580261 0.317996
840.000000 441.107666 195.782501 11.858948 28.568848 0.176614
840.000000 409.629028 169.785950 13.824585 34.840942 0.167790
840.000000 107.825317 179.754852 15.563934 36.134888 0.156347
840.000000 116.361900 32.537361 13.233971 31.550369 0.113784
840.000000 435.278748 172.120361 14.267944 31.005035 0.099333
840.000000 420.726105 154.439453 15.446838 36.224243 0.098579
840.000000 524.132996 132.432617 13.129761 31.350800 0.089935
840.000000 120.136375 183.514359 14.538490 33.795044 0.081693
840.000000 419.527191 153.796661 20.498474 56.935455 0.061834
840.000000 408.110260 172.462006 10.499023 28.900696 0.060174
870.000000 446.501801 163.687866 25.329224 67.855133 0.742678
870.000000 415.542145 166.193207 16.246155 40.192902 0.505289
870.000000 375.553772 152.327744 12.940552 31.614197 0.378240
870.000000 439.301819 167.032593 22.016357 54.884521 0.344138
870.000000 576.585449 105.125320 21.657471 52.084900 0.306336
870.000000 562.095642 117.818268 18.716675 45.136658 0.201738
870.000000 569.185364 109.550812 19.527344 47.753326 0.177474
870.000000 568.822815 128.148651 13.587646 30.372131 0.139886
870.000000 560.099670 118.156860 26.244385 64.893280 0.131420
870.000000 412.540222 176.852768 19.378174 48.945129 0.112016
870.000000 390.134460 156.794739 10.311401 25.969604 0.109844
870.000000 140.949188 174.532242 13.653259 34.172089 0.093505
870.000000 419.358185 166.798279 11.073059 25.614929 0.058092
870.000000 396.853851 154.570358 9.794312 25.006409 0.055739
870.000000 625.478760 113.543869 14.420044 54.531281 0.053720
870.000000 439.906464 170.857224 15.029602 34.783813 0.051117
900.000000 480.810059 165.617844 24.994324 63.145752 0.905516
900.000000 436.993225 152.375183 30.857849 86.035980 0.728327
900.000000 498.364777 158.917572 33.858917 83.318787 0.623309
900.000000 75.466415 176.800400 14.512482 35.166229 0.195597
900.000000 436.658081 162.057053 16.865417 35.049988 0.147364
900.000000 487.080139 161.718704 29.134277 78.616302 0.137520
900.000000 71.249756 175.165161 13.587845 32.914612 0.110964
900.000000 263.315491 165.082184 13.291870 30.925537 0.106092
900.000000 382.267456 156.489243 12.577820 30.212585 0.097039
900.000000 446.279633 162.077454 20.309387 48.815948 0.096219
900.000000 441.272919 157.276428 19.805542 47.699585 0.084361
900.000000 214.392227 166.442978 12.073730 30.572662 0.080409
900.000000 433.878662 160.633102 23.103333 53.137177 0.060824
900.000000 254.192856 160.090347 13.870071 32.912903 0.051487
930.000000 543.062317 158.386932 40.872925 106.583008 0.500638
930.000000 613.251526 157.977249 26.748474 121.038132 0.484733
930.000000 499.560364 152.390717 39.241455 90.517639 0.295607
930.000000 563.234558 165.923462 20.659790 49.065613 0.289704
930.000000 570.778320 167.342377 15.022095 35.493958 0.225797
930.000000 619.953369 167.823944 16.997925 53.557556 0.221377
930.000000 546.783630 160.890350 29.342773 62.803528 0.152266
930.000000 516.030457 158.731796 23.147583 62.650665 0.091892
930.000000 492.697144 161.353165 20.749512 46.777344 0.089062
930.000000 622.189148 169.988052 11.449219 32.259888 0.082561
930.000000 500.261047 153.463699 28.302368 59.920288 0.064207
930.000000 193.749878 174.693695 13.692657 33.519806 0.060706
930.000000 62.758842 113.071648 13.326996 29.762352 0.054992
960.000000 586.136108 123.142136 25.844482 62.661285 0.607459
960.000000 179.204956 167.708298 13.368622 33.777222 0.128689
960.000000 201.869064 175.468079 14.726166 35.576874 0.095883
960.000000 206.614365 174.490616 13.385895 31.308014 0.066904
960.000000 177.397934 169.124329 19.664551 47.444916 0.062119
960.000000 259.300934 167.844833 9.090149 24.133942 0.056645
990.000000 174.937286 174.227783 12.378571 31.130829 0.196092
990.000000 398.836639 175.179749 11.400146 25.364532 0.187940
990.000000 186.686310 178.644226 11.136963 27.194427 0.131824
990.000000 431.933533 161.031128 13.306274 28.331085 0.119307
990.000000 105.714699 166.574203 12.567200 31.879486 0.109824
990.000000 510.755768 195.313019 16.234528 37.640961 0.088948
990.000000 458.883362 177.832565 14.255005 34.070312 0.083939
990.000000 518.370911 184.035889 13.698853 32.633484 0.069655
990.000000 170.588287 174.165268 17.929962 43.572937 0.063743
1020.000000 1.599641 185.563461 12.758305 33.109467 0.333510
1020.000000 579.754333 189.175842 16.150024 39.769501 0.111797
1020.000000 139.671448 110.566574 12.247772 28.715652 0.083318
1020.000000 0.293501 181.069855 15.680355 58.743073 0.077934
1020.000000 57.302963 162.936920 20.645203 51.615723 0.076243
1020.000000 51.821419 174.862473 17.187988 44.107574 0.075775
1020.000000 131.390610 116.713493 12.003601 26.207558 0.068756
1020.000000 93.368279 95.420090 12.537811 30.061691 0.050573
1050.000000 563.447876 156.392487 15.994873 38.510132 0.118099
1050.000000 85.662361 113.872406 13.064484 31.273438 0.102849
1050.000000 145.061264 181.004074 12.668335 30.546417 0.098351
1050.000000 106.054214 166.104111 11.953918 31.152283 0.073680
1050.000000 45.770630 98.110611 13.459747 32.996704 0.069162
1050.000000 603.019592 159.925247 15.239014 36.558563 0.064243
1050.000000 574.547546 150.752670 19.585815 45.678711 0.056221
1080.000000 439.937408 175.515137 14.349060 35.226837 0.206853
1080.000000 104.898132 171.753052 15.185318 32.575592 0.169470
1080.000000 461.130524 175.134460 12.352966 28.932678 0.095024
1080.000000 121.014572 180.649338 14.140320 34.242493 0.074190
1080.000000 249.665695 176.149124 11.279648 27.375732 0.069937
1110.000000 514.436218 144.716202 12.867676 32.237549 0.214728
1110.000000 540.638062 158.880081 9.873901 27.338074 0.149515
1110.000000 540.444153 156.829376 14.757690 37.074646 0.144993
1110.000000 511.548553 145.429443 17.794525 46.330658 0.092050
1110.000000 301.649689 162.945740 10.573364 27.127472 0.086020
1110.000000 106.830154 160.508636 12.108475 29.292419 0.080329
1140.000000 70.823204 160.078644 14.819336 38.072021 0.459250
1140.000000 467.866028 149.479538 16.047607 39.457092 0.329612
1140.000000 559.190002 147.544968 23.649780 59.671295 0.189164
1140.000000 420.940552 163.767181 10.054077 26.293549 0.171202
1140.000000 23.107014 179.216858 13.176540 34.450806 0.170461
1140.000000 157.335083 163.784515 13.437225 33.500366 0.155077
1140.000000 7.000698 175.480530 15.147068 36.449066 0.120948
1140.000000 121.024437 176.949173 13.514626 32.847137 0.093392
1140.000000 99.902473 159.634842 13.331238 33.218262 0.089682
1140.000000 154.046555 165.474716 20.700378 52.089050 0.087457
1140.000000 529.967590 141.585541 18.670166 45.611023 0.074300
1140.000000 91.179039 158.635880 13.481720 29.867432 0.069425
1140.000000 564.699951 144.384201 14.615601 31.899597 0.065593
1140.000000 153.355759 174.409225 14.811310 32.993073 0.063895
1140.000000 529.833374 167.438583 19.218506 45.919006 0.058991
1140.000000 128.203735 177.291229 13.347504 33.300140 0.051519
1140.000000 53.092907 167.636246 11.796185 31.582733 0.051055
1170.000000 163.002228 163.392975 18.294342 48.276398 0.125070
1170.000000 315.555664 152.021683 15.553528 37.705872 0.110693
1170.000000 603.812317 156.856491 13.928711 32.654297 0.085122
1200.000000 370.649902 160.000809 13.878845 33.781036 0.291130
1200.000000 32.450550 175.846619 11.169548 27.363251 0.245711
1200.000000 337.828003 150.560608 12.092834 30.367340 0.235746
1200.000000 353.293304 170.356155 9.469421 23.584747 0.155390
1200.000000 135.933960 144.878967 18.108002 41.576691 0.142087
1200.000000 87.463486 155.366180 16.544891 39.457214 0.111511
1200.000000 492.008759 115.608124 15.802979 37.510956 0.087087
1200.000000 160.792542 173.567459 12.565491 34.208069 0.084154
1200.000000 531.345154 80.885849 15.575195 36.786560 0.057113
1200.000000 592.820129 139.295792 14.466675 31.605621 0.053212
1230.000000 522.183472 82.621582 14.496216 35.431778 0.470705
1230.000000 57.990353 51.249069 14.241352 32.680740 0.374088
1230.000000 81.310402 149.873947 12.787857 30.921570 0.343822
1230.000000 79.642670 54.003349 12.796860 29.953339 0.297740
1230.000000 100.673798 58.993515 17.221451 40.247513 0.289687
1230.000000 71.413361 54.386322 11.556595 29.338303 0.224267
1230.000000 87.077843 152.229691 17.186234 41.901001 0.213919
1230.000000 97.660492 57.823013 28.434433 59.881836 0.162599
1230.000000 341.106781 144.196442 12.096680 27.127991 0.144229
1230.000000 490.306763 152.897736 15.038452 35.696472 0.127998
1230.000000 79.515099 149.362793 17.945679 45.569336 0.095899
1230.000000 94.698677 167.412933 13.337875 31.851837 0.088246
1230.000000 107.869659 58.512260 15.950256 38.278412 0.080461
1230.000000 76.101997 53.560875 18.033829 42.747223 0.072230
1230.000000 349.081451 157.149124 13.305786 33.339050 0.064576
1230.000000 100.662010 149.926514 13.174683 31.261719 0.063991
1230.000000 124.392799 96.910034 13.652306 33.079666 0.058973
1230.000000 114.831390 65.867683 16.153137 41.269470 0.053366
1230.000000 54.352440 49.958916 21.473022 46.557587 0.053213
1230.000000 540.086487 94.153831 13.523315 32.257156 0.052272
1260.000000 358.010284 157.896286 13.016418 31.722229 0.358638
1260.000000 370.660156 158.770065 12.355225 32.013000 0.330099
1260.000000 388.130920 159.349625 10.388000 25.524353 0.218904
1260.000000 574.091309 56.636108 10.895264 26.534882 0.204409
1260.000000 594.756226 151.703278 19.089478 44.871918 0.149156
1260.000000 540.686646 64.066750 19.335327 49.455093 0.146885
1260.000000 562.905457 146.475876 15.112305 34.905396 0.125969
1260.000000 542.500793 68.382538 13.903809 34.168961 0.119202
1260.000000 604.393555 51.479317 11.967651 28.995209 0.118523
1260.000000 593.045593 147.516159 14.571533 34.426849 0.116335
1260.000000 614.123352 57.027191 10.508545 26.432709 0.112419
1260.000000 37.403934 168.894196 12.774918 32.155334 0.096169
1260.000000 585.664246 148.091629 13.931274 33.201508 0.088389
1260.000000 546.772461 88.126328 10.530151 26.681091 0.076843
1260.000000 533.410461 77.362518 13.483154 33.773560 0.073134
1260.000000 328.227478 89.838264 19.004395 45.780434 0.069682
1260.000000 433.980896 93.755630 12.377319 27.755264 0.068622
1260.000000 565.085266 64.971375 11.894897 29.194519 0.061350
1260.000000 386.421844 161.256836 14.366821 34.200287 0.055145
1260.000000 548.406006 82.853882 12.361084 29.045319 0.054221
1260.000000 502.779419 149.435181 16.278320 39.415009 0.051462
1260.000000 571.501160 145.042358 17.205566 32.137115 0.050663
1290.000000 555.863098 76.538567 13.774170 33.171783 0.356893
1290.000000 365.701172 156.172470 13.368042 33.790100 0.265332
1290.000000 578.809204 71.819252 12.845337 31.001999 0.212343
1290.000000 395.757355 160.423935 15.672607 36.102081 0.150610
1290.000000 566.493958 76.528145 10.190186 24.545944 0.147763
1290.000000 526.299072 95.629326 12.632568 31.040039 0.138887
1290.000000 542.700684 92.890633 25.137939 65.604851 0.130853
1290.000000 372.437073 155.671509 11.010010 26.531464 0.130739
1290.000000 351.996490 156.291946 13.813477 32.180542 0.130684
1290.000000 573.304871 53.016716 13.715454 33.318954 0.125990
1290.000000 401.297150 160.499176 13.693481 33.356689 0.119359
1290.000000 53.961437 176.815002 12.071926 29.942535 0.114154
1290.000000 539.063721 100.734238 18.572510 43.959930 0.100536
1290.000000 542.681030 101.020813 13.261841 28.989670 0.096157
1290.000000 591.697388 96.181335 17.480347 39.427368 0.078037
1290.000000 569.495728 75.941589 10.902100 25.842529 0.073057
1290.000000 455.527679 160.199570 17.171997 41.686859 0.071204
1290.000000 595.797607 55.139072 13.379883 32.081371 0.071102
1290.000000 539.601135 73.786209 10.934082 24.907135 0.067376
1290.000000 551.008423 93.145706 14.710449 35.881042 0.065655
1290.000000 509.129974 97.029388 13.771332 31.596634 0.064192
1290.000000 561.505127 77.027344 10.938354 24.911301 0.063252
1290.000000 612.665466 47.993881 12.460938 33.612991 0.060346
1290.000000 562.266724 52.734642 12.950317 30.399475 0.055854
1290.000000 36.082920 177.041824 13.895332 33.273956 0.053801
1290.000000 571.262817 50.415169 20.468506 51.032486 0.051392
1290.000000 594.779175 147.720276 17.487915 42.150665 0.050058
1320.000000 355.889801 151.870026 11.269165 26.298218 0.212869
1320.000000 370.141388 154.533752 13.364868 28.742554 0.180330
1320.000000 558.186707 74.262268 14.303711 34.882004 0.169211
1320.000000 345.839020 156.592575 15.347351 35.711304 0.166350
1320.000000 358.994995 142.104080 21.316406 55.788513 0.152132
1320.000000 542.080200 90.972313 10.488892 26.290497 0.140866
1320.000000 564.066101 149.539841 17.009277 41.762604 0.109418
1320.000000 538.282043 87.688179 12.150146 27.594025 0.103375
1320.000000 397.560699 163.488983 13.924988 31.215118 0.099518
1320.000000 364.856659 148.896088 15.984131 35.363617 0.096551
1320.000000 539.645142 73.422417 14.157959 32.022110 0.095497
1320.000000 388.556305 162.885773 15.025391 36.296326 0.083675
1320.000000 518.151733 93.993492 13.352051 31.356918 0.069348
1320.000000 440.120270 87.136276 14.449402 33.254379 0.067969
1320.000000 582.451050 80.169670 10.479858 25.148590 0.066869
1320.000000 537.137268 89.317078 15.899536 40.496338 0.053245
1320.000000 529.519348 92.959389 14.099609 33.216293 0.052189
1350.000000 347.833557 161.791107 14.630371 34.370514 0.616450
1350.000000 389.965332 72.420593 17.427979 40.972855 0.535095
1350.000000 589.647827 153.026184 12.953491 32.121490 0.328214
1350.000000 390.415436 162.098602 16.308533 38.019867 0.278902
1350.000000 541.330078 75.727432 13.364502 33.997604 0.264029
1350.000000 362.046326 159.300812 16.154663 39.605072 0.263311
1350.000000 409.415497 82.760284 14.832520 34.112579 0.230614
1350.000000 577.098083 154.509689 13.457275 30.543243 0.220210
1350.000000 600.478760 154.884583 15.018433 34.105347 0.193560
1350.000000 430.886871 90.745331 11.636841 27.455444 0.189521
1350.000000 421.282104 91.014969 10.814087 25.183350 0.185151
1350.000000 565.945923 151.873703 14.625244 33.727539 0.166296
1350.000000 383.144928 80.988930 13.203552 30.664352 0.141925
1350.000000 503.234314 154.910782 15.273254 36.124084 0.133380
1350.000000 342.881592 160.298126 14.790649 33.947205 0.131649
1350.000000 327.802673 83.303299 14.133911 33.543457 0.130383
1350.000000 88.090637 186.176300 10.962753 26.555420 0.124697
1350.000000 585.965515 71.756874 13.118042 32.186905 0.117271
1350.000000 566.083252 154.528946 19.463135 48.729065 0.101122
1350.000000 437.809265 85.117966 14.796570 33.975266 0.089513
1350.000000 351.586395 159.264954 13.152100 28.630524 0.089096
1350.000000 359.431396 68.161896 15.918701 39.807602 0.085697
1350.000000 553.209900 61.066975 20.719849 52.713238 0.085682
1350.000000 582.278809 73.499214 12.764526 32.826797 0.085209
1350.000000 7.478547 180.757065 14.148848 33.861389 0.084612
1350.000000 572.549622 64.511971 13.283203 35.304901 0.084075
1350.000000 397.246735 76.462730 12.690369 29.870422 0.077971
1350.000000 324.162292 83.125839 12.848877 28.135056 0.077442
1350.000000 377.821350 75.849976 15.565613 36.589752 0.064733
1350.000000 360.562866 162.625565 12.644043 30.146179 0.060707
1350.000000 451.510895 102.016296 17.353821 39.545044 0.057234
1350.000000 500.400360 154.533173 21.511505 52.794525 0.056639
1350.000000 555.591614 60.965443 13.004150 30.546947 0.055883
1380.000000 345.298126 158.306839 16.197937 37.819244 0.403225
1380.000000 563.592102 155.646698 17.611206 40.794403 0.197644
1380.000000 334.903259 147.831833 14.620911 34.371887 0.164637
1380.000000 361.977020 158.403564 17.432556 40.836853 0.148535
1380.000000 380.186432 166.769974 10.932251 26.028076 0.123618
1380.000000 342.371857 161.973297 13.192017 31.527740 0.116452
1380.000000 354.428986 158.996399 10.515747 26.045959 0.091729
1380.000000 559.328064 154.341095 26.749512 63.492798 0.084880
1380.000000 371.569519 153.429749 14.265564 34.323944 0.078697
1380.000000 2.130758 175.764877 13.308567 34.245148 0.075473
1380.000000 54.698826 187.377991 11.339703 30.213684 0.073638
1380.000000 391.195953 163.362259 17.878479 40.597717 0.069723
1380.000000 396.723175 165.068359 12.422363 24.907257 0.066040
1380.000000 569.911987 154.323395 17.796875 45.346039 0.061021
1380.000000 577.981201 154.047546 17.509033 36.297455 0.057086
1410.000000 599.152710 159.718124 15.068115 34.429016 0.156065
1410.000000 549.121094 167.249786 13.603027 33.504272 0.151058
1410.000000 592.211914 160.507599 14.760254 33.925690 0.150653
1410.000000 342.210724 166.128662 17.174438 41.615051 0.123655
1410.000000 569.648376 160.417099 14.951416 37.496948 0.111289
1410.000000 548.122803 94.614799 11.980591 27.929871 0.105699
1410.000000 608.916077 166.495117 15.941284 37.136322 0.101967
1410.000000 560.191711 159.647125 24.235352 55.208252 0.096093
1410.000000 438.401520 179.487900 18.134033 41.954529 0.081654
1410.000000 566.663635 159.473160 14.010864 30.357758 0.081463
1410.000000 400.877899 83.255974 15.019287 35.205872 0.078340
1410.000000 504.403076 163.399139 14.502747 35.236816 0.075310
1410.000000 13.102634 156.970718 14.190887 34.288666 0.073736
1410.000000 463.467651 182.214233 14.639954 37.168396 0.063888
1410.000000 388.235931 82.545197 15.045410 35.082733 0.063259
1410.000000 28.261452 184.433289 10.980568 27.099792 0.059484
1410.000000 585.268311 160.994034 16.366211 34.873840 0.057976
1410.000000 338.900055 167.777908 14.919495 34.710632 0.057448
1410.000000 344.143738 165.496719 23.624023 55.543976 0.053083
1440.000000 347.522614 164.266647 12.095032 30.114014 0.278283
1440.000000 574.666199 161.020828 15.142090 35.968018 0.265028
1440.000000 591.617371 159.090683 16.497803 37.671570 0.243213
1440.000000 564.939819 159.330170 18.656860 44.448029 0.161970
1440.000000 429.154724 174.615387 12.952148 31.225128 0.111447
1440.000000 389.917084 172.458115 15.062439 34.807556 0.094277
1440.000000 597.662842 162.583069 16.323242 36.618134 0.092335
1440.000000 608.056824 165.942154 14.132324 33.548889 0.090448
1440.000000 566.495239 98.747284 12.595093 29.656662 0.087425
1440.000000 248.252884 174.592880 14.888565 37.247681 0.084057
1440.000000 587.462769 160.447098 26.878174 59.296021 0.073086
1440.000000 327.497650 174.946716 16.384399 39.638794 0.059303
1440.000000 333.356842 175.170471 11.525085 28.180359 0.057956
1440.000000 342.970245 163.871872 13.657104 34.203308 0.057021
1440.000000 574.005859 82.590775 13.925903 30.761078 0.056593
1440.000000 397.605469 171.462280 15.096741 38.258148 0.051399
1440.000000 532.203613 102.582710 13.976562 32.243935 0.051186
1470.000000 394.711426 175.363220 14.760132 36.066589 0.251762
1470.000000 599.730774 163.196915 15.324829 37.794373 0.240315
1470.000000 342.554718 172.075272 12.532776 31.070953 0.201515
1470.000000 613.910583 52.803970 11.966309 26.581360 0.176667
1470.000000 603.671326 168.223602 15.470459 34.968384 0.120067
1470.000000 592.072632 167.180481 24.092285 60.396179 0.110278
1470.000000 562.094971 93.112000 12.302734 30.225632 0.099666
1470.000000 565.121399 162.307358 13.372681 31.427734 0.079054
1470.000000 590.067566 164.762039 15.573975 33.794342 0.077655
1470.000000 360.810028 182.014084 12.639648 28.602325 0.071285
1470.000000 347.681946 171.289551 13.560303 31.134155 0.070135
1470.000000 593.917053 172.067871 16.010864 34.274750 0.059343
1470.000000 313.708923 93.915161 14.756409 33.922699 0.056153
1500.000000 600.926392 135.514099 32.887329 78.259644 0.722883
1500.000000 563.295349 79.710938 15.880981 38.299271 0.338492
1500.000000 593.850159 54.366329 15.327026 39.074802 0.288570
1500.000000 579.695679 88.101448 13.506470 31.116928 0.227122
1500.000000 330.679810 82.557007 14.643738 38.999176 0.218648
1500.000000 341.876923 180.069427 12.745667 30.459595 0.208227
1500.000000 335.335510 170.440826 14.132629 34.817200 0.201538
1500.000000 356.764526 184.502289 12.145874 30.369995 0.177528
1500.000000 27.700867 35.006691 20.345726 44.713638 0.131179
1500.000000 404.401703 86.682861 13.841187 32.282867 0.099526
1500.000000 559.408020 78.567230 14.384277 34.363632 0.091869
1500.000000 597.800659 68.352493 13.979736 34.808807 0.083325
1500.000000 548.791382 50.786461 13.236694 30.377365 0.073744
1500.000000 602.954102 39.897102 25.108032 65.674026 0.066373
1500.000000 356.616058 81.010895 15.169434 34.194977 0.063497
1500.000000 611.555054 74.157265 14.153320 32.490952 0.062185
1500.000000 588.418884 78.713623 11.342041 25.166916 0.058519
1500.000000 0.158479 185.005203 8.944120 35.475677 0.052764
1500.000000 589.647034 47.508343 22.625000 53.893864 0.052653
1530.000000 603.860229 169.330261 16.719360 38.340637 0.210477
1530.000000 608.783203 97.195976 12.890015 31.144524 0.190229
1530.000000 537.451477 84.009766 15.477783 36.555710 0.129570
1530.000000 541.473450 83.085236 12.199463 26.850128 0.115655
1530.000000 602.881836 96.514709 21.837891 50.255737 0.101192
1530.000000 218.742188 184.483856 11.962769 29.916260 0.092526
1530.000000 602.407043 168.503815 22.754761 56.809448 0.082843
1530.000000 352.038025 172.191910 15.559570 37.265564 0.080028
1530.000000 196.188705 180.460693 13.588562 32.905945 0.072233
1530.000000 565.595764 90.846771 11.208618 25.265625 0.070638
1530.000000 338.884033 176.592651 13.549438 33.365112 0.070526
1530.000000 556.663269 82.985794 12.985474 30.054825 0.068192
1530.000000 612.090637 101.465607 21.930908 55.183380 0.067501
1530.000000 615.175049 102.761215 14.067017 33.157639 0.066731
1530.000000 184.818680 183.769165 12.144623 29.251465 0.058285
1530.000000 534.437317 82.689583 21.951904 56.781960 0.053838
1530.000000 557.247009 94.565094 12.658325 30.188568 0.052250
1530.000000 626.633484 88.471848 12.354614 34.571213 0.050843
1530.000000 334.595795 170.972214 14.133484 35.911194 0.050510
1560.000000 363.243347 160.826523 19.158691 47.353088 0.616063
1560.000000 370.962891 162.164551 19.687378 47.682068 0.497170
1560.000000 547.036499 173.999405 16.032837 39.117340 0.369286
1560.000000 308.509430 15.197453 13.458374 31.325539 0.223650
1560.000000 417.830872 178.807556 14.893066 33.733917 0.191710
1560.000000 347.749908 162.926056 16.103027 35.740784 0.183410
1560.000000 525.802612 188.853683 13.987427 34.381042 0.146677
1560.000000 395.058899 169.475632 12.172791 29.018158 0.144542
1560.000000 365.215576 161.538773 13.130005 29.639099 0.124846
1560.000000 358.826965 159.508682 14.481628 32.476868 0.121967
1560.000000 286.960541 20.334871 16.334045 37.963104 0.101664
1560.000000 381.226562 160.151550 14.210571 34.886871 0.084604
1560.000000 348.859161 168.790970 18.624634 43.011627 0.073114
1560.000000 365.790466 176.348267 14.159607 30.986542 0.071383
1560.000000 377.030945 171.914703 15.260620 34.471588 0.060849
1560.000000 156.506516 186.518585 14.349487 32.876251 0.060085
1560.000000 570.393921 183.629700 16.762329 40.393799 0.057535
1590.000000 374.911652 167.283875 15.311646 39.073547 0.486272
1590.000000 8.000267 139.960648 21.548927 52.465240 0.141520
1590.000000 13.261693 136.750580 11.131221 27.451141 0.138026
1590.000000 470.205505 175.093414 13.636902 33.290833 0.122877
1590.000000 445.823700 162.251892 16.854065 41.323669 0.066599
1590.000000 503.046875 152.780701 14.393555 34.839874 0.063333
1620.000000 564.094971 152.595184 15.739624 37.784912 0.289091
1620.000000 443.864777 161.517609 11.655151 28.076630 0.181559
1620.000000 437.049744 166.643570 10.483276 24.591492 0.128465
1620.000000 538.725098 157.420273 15.915649 37.874451 0.117772
1620.000000 559.082031 152.493347 23.165771 56.540314 0.098525
1620.000000 572.139465 157.993042 12.548584 29.515442 0.094925
1620.000000 27.275709 175.014832 10.709654 23.632416 0.058814
1650.000000 561.437622 156.014893 15.427490 36.862793 0.238026
1650.000000 454.937927 162.697876 12.127014 27.886993 0.142310
1650.000000 620.085083 145.264145 13.487305 38.054352 0.081876
1650.000000 620.451233 144.090683 19.116699 51.998413 0.079393
1650.000000 432.286499 147.189560 10.459961 29.073151 0.068396
1650.000000 603.359253 172.874908 12.987061 30.918030 0.066107
1680.000000 12.255038 175.250931 12.560567 30.853546 0.217562
1680.000000 386.050476 58.932831 18.238831 41.510300 0.193080
1680.000000 108.723610 181.127090 11.493942 28.013672 0.157155
1680.000000 6.414386 175.646103 14.570256 33.711182 0.150565
1680.000000 511.647491 74.680573 15.717316 38.009155 0.149787
1680.000000 38.590355 182.552826 11.182335 27.566711 0.115823
1680.000000 179.638443 188.967819 14.878082 33.486420 0.105837
1680.000000 536.843262 161.500275 10.167847 26.282562 0.098659
1680.000000 508.863464 74.477783 12.513184 29.318832 0.086451
1680.000000 33.436493 182.580307 11.787727 27.661316 0.074147
1680.000000 3.739373 180.988785 11.478863 28.775269 0.073774
1680.000000 531.235535 80.208054 18.616577 39.878784 0.063561
1680.000000 130.891068 176.383072 10.870728 26.098114 0.057057
1680.000000 526.542297 168.033432 10.724365 29.057739 0.056749
1680.000000 29.815676 184.979019 10.935583 28.118622 0.055993
1680.000000 477.397308 165.831085 11.193481 27.413788 0.055710
1710.000000 590.759827 65.561172 11.079834 27.435349 0.276116
1710.000000 553.122253 170.562012 13.076294 30.534119 0.184072
1710.000000 549.600037 173.548752 10.530029 27.295959 0.161009
1710.000000 3.512539 185.755310 10.315472 33.729736 0.112121
1710.000000 214.237488 176.722198 13.542145 33.197052 0.106459
1710.000000 289.834473 177.490326 9.214539 23.541565 0.085132
1710.000000 26.379770 187.185486 12.725714 28.977905 0.078008
1710.000000 431.979614 54.272160 16.738953 37.359173 0.071252
1710.000000 0.000000 186.766510 9.424166 34.889893 0.063334
1710.000000 5.922755 187.299347 12.186818 28.525543 0.062082
1710.000000 212.380615 178.402313 18.505341 45.222961 0.061618
1710.000000 391.940491 162.460236 12.122986 29.237518 0.057917
1710.000000 168.112396 176.334976 12.800873 31.368500 0.051781
1710.000000 568.610229 66.148453 13.960327 29.811188 0.050922
1740.000000 16.440010 175.975769 14.653866 33.689209 0.193465
1740.000000 329.522980 176.802017 10.551575 25.066589 0.111964
1740.000000 31.677582 178.121613 13.154335 32.567078 0.105380
1740.000000 0.000000 166.481613 8.944677 46.772614 0.083416
1740.000000 298.206787 161.471069 15.264954 36.928314 0.074154
1740.000000 61.524647 183.100861 11.764332 30.277344 0.058263
1770.000000 546.791260 148.744186 18.478882 42.856354 0.487135
1770.000000 563.105774 149.159302 17.272339 43.097290 0.365038
1770.000000 594.188171 150.736847 17.910767 41.691986 0.222638
1770.000000 356.046143 174.930206 11.287231 30.622681 0.212185
1770.000000 16.003704 166.277191 16.614407 38.374512 0.125056
1770.000000 273.331421 142.659622 16.439270 37.588379 0.120433
1770.000000 558.839294 152.908203 15.664185 38.470947 0.118620
1770.000000 437.060303 161.627670 14.482422 34.014893 0.108757
1770.000000 588.110962 157.676758 16.991821 40.439941 0.104011
1770.000000 427.497833 161.065994 12.367859 28.425781 0.098893
1770.000000 554.748596 151.824661 13.084839 32.533539 0.083267
1770.000000 598.658752 168.046158 13.881226 30.324585 0.067814
1770.000000 269.807922 140.870209 24.174072 58.095032 0.058287
1770.000000 399.260132 158.578796 16.902771 42.170349 0.056270
1770.000000 620.754517 151.388641 15.096924 41.666016 0.053188
1800.000000 382.427521 173.077194 14.445679 37.272034 0.857593
1800.000000 523.357483 18.180281 24.792847 61.475311 0.442655
1800.000000 513.789734 32.159172 14.836426 33.625374 0.391421
1800.000000 373.677399 172.877487 13.552307 33.775360 0.387252
1800.000000 399.853180 173.609314 14.738159 36.733795 0.383976
1800.000000 539.787903 17.759777 21.098022 47.225376 0.209075
1800.000000 596.848450 36.719410 17.228027 38.900753 0.196589
1800.000000 582.984497 9.857746 23.607422 59.821529 0.178074
1800.000000 590.092163 161.892181 12.772217 28.758301 0.164690
1800.000000 224.518127 169.941452 15.816315 39.055817 0.146926
1800.000000 567.796387 131.878464 15.193115 36.227081 0.139391
1800.000000 371.906433 179.798248 10.793030 27.174133 0.134974
1800.000000 76.910934 176.812973 11.724609 30.302399 0.127502
1800.000000 444.962708 155.699310 15.588867 37.063263 0.122288
1800.000000 569.465088 15.825327 24.856201 62.743233 0.120852
1800.000000 64.051750 181.360153 13.475052 31.467834 0.110890
1800.000000 589.303040 14.682335 25.143433 67.673439 0.086819
1800.000000 600.884949 156.165955 16.209351 37.862030 0.085573
1800.000000 578.919067 14.376722 18.404175 44.574989 0.085172
1800.000000 439.804321 158.991333 17.575195 42.458008 0.084095
1800.000000 355.361481 176.120148 11.146973 25.865814 0.078749
1800.000000 484.468445 162.299469 20.600464 51.189606 0.076722
1800.000000 588.507446 10.465984 15.828979 37.392956 0.072323
1800.000000 85.669502 168.902924 13.641891 32.498474 0.065753
1800.000000 576.755676 15.198349 14.557373 34.310013 0.063521
1800.000000 443.340576 153.022720 22.089417 53.846313 0.056464
1830.000000 423.817749 170.801056 17.527893 44.496124 0.943059
1830.000000 31.574635 171.404373 14.245201 35.352478 0.558416
1830.000000 406.861450 177.842148 12.289856 28.617615 0.486036
1830.000000 46.950542 178.844696 10.405334 27.722626 0.484496
1830.000000 422.542236 174.021225 12.268311 29.500183 0.273313
1830.000000 403.256744 177.980530 10.800903 27.603790 0.172436
1830.000000 203.253204 175.864059 14.279266 34.439575 0.146050
1830.000000 540.315918 150.893585 12.235962 29.217255 0.137138
1830.000000 403.140930 163.903091 17.326233 41.902802 0.121905
1830.000000 542.935852 151.267426 15.897461 37.593048 0.110811
1830.000000 471.152313 172.999908 14.079102 34.793060 0.104769
1830.000000 120.616547 163.432266 14.713669 35.711090 0.104213
1830.000000 568.663879 9.468224 16.077759 38.196110 0.102558
1830.000000 62.970688 174.940216 12.919434 30.193085 0.092870
1830.000000 211.261627 171.716568 14.755096 36.239838 0.090982
1830.000000 609.536743 0.185736 14.665039 32.470116 0.089130
1830.000000 398.369324 174.552292 12.583923 30.627777 0.082865
1830.000000 73.194450 176.432739 12.167450 30.814819 0.082832
1830.000000 517.119995 148.900803 18.595215 46.450073 0.074200
1830.000000 556.119141 149.171417 15.784424 37.044586 0.066843
1830.000000 483.447632 177.846191 16.222229 39.554626 0.066579
1830.000000 245.616348 166.313263 15.638351 38.918274 0.064056
1830.000000 536.934021 148.285889 18.656860 46.643799 0.060220
1830.000000 615.240417 155.093552 15.099121 34.155304 0.056083
1860.000000 469.172668 169.931366 23.071777 63.520935 0.980130
1860.000000 436.797363 183.882584 12.336182 28.178040 0.371898
1860.000000 14.468723 149.741058 26.891060 58.579010 0.349325
1860.000000 473.319885 172.317993 15.650940 39.336090 0.249590
1860.000000 287.422821 184.862320 15.669617 35.603912 0.242472
1860.000000 524.734375 208.496002 14.029663 33.085907 0.200819
1860.000000 41.101772 154.001266 15.304642 37.186737 0.187814
1860.000000 63.357716 161.319473 14.764507 35.602264 0.165567
1860.000000 193.951126 175.793152 12.677521 31.154999 0.139696
1860.000000 51.312416 144.959717 14.826035 37.089355 0.113843
1860.000000 602.217834 161.330978 23.708130 53.115204 0.093952
1860.000000 201.753418 175.813477 12.407806 31.573120 0.090536
1860.000000 175.242065 175.534714 11.491425 26.920929 0.088901
1860.000000 138.090286 176.161499 12.028961 31.062164 0.078740
1860.000000 35.931953 153.733643 23.844727 54.210327 0.076647
1860.000000 125.564316 176.803665 11.364563 28.580536 0.075895
1860.000000 54.137856 158.222855 17.291283 40.482208 0.067298
1860.000000 607.977112 162.309357 14.828369 34.469849 0.064112
1860.000000 45.353268 143.234924 24.703846 57.912750 0.059471
1860.000000 612.366150 163.592270 15.633423 38.600494 0.056557
1860.000000 601.241455 163.612457 16.703491 40.650269 0.053886
1860.000000 100.956543 183.993011 11.535538 24.467407 0.052805
