30.000000 238.869934 107.397766 13.624878 33.344772 0.336819
30.000000 227.764771 104.811203 14.244568 32.680801 0.292257
30.000000 402.790192 85.513748 22.021301 49.900497 0.187493
30.000000 42.871578 149.359818 14.930069 33.491669 0.184929
30.000000 399.366608 85.097153 31.135803 71.968933 0.102054
30.000000 232.739777 106.456406 13.989319 35.632401 0.083567
30.000000 424.445892 84.914452 49.538879 139.377411 0.076234
30.000000 36.986092 148.918350 22.478233 52.590729 0.058587
30.000000 387.912567 112.656006 11.343384 28.470718 0.056952
90.000000 41.620132 148.762405 18.932983 43.556671 0.182830
90.000000 238.776581 108.396584 13.554291 33.808098 0.153613
90.000000 413.014069 93.405136 12.992432 30.325424 0.147372
90.000000 425.813873 94.588966 46.160461 134.542694 0.128311
90.000000 484.793610 77.711533 13.620422 28.684860 0.092933
90.000000 445.294434 82.502312 13.986633 34.155579 0.075855
90.000000 399.583435 88.065628 25.849060 64.324768 0.057368
120.000000 411.040283 91.691673 14.577942 33.823059 0.320048
120.000000 426.241028 83.685921 45.744385 138.816986 0.227224
120.000000 236.932281 109.648994 12.141846 30.646065 0.159151
120.000000 41.529205 148.473175 19.535583 44.947510 0.157695
120.000000 399.892120 86.771523 26.221497 67.445671 0.145231
120.000000 243.441147 113.098961 11.827209 27.217323 0.113598
120.000000 426.328308 78.757599 36.590332 85.797516 0.080545
120.000000 220.439423 110.937187 12.862976 31.142326 0.076355
120.000000 326.986023 127.775543 17.417175 39.705902 0.070889
120.000000 288.980591 108.370857 11.789978 29.345192 0.067604
120.000000 440.039429 87.318115 22.499390 53.437012 0.061321
120.000000 407.121368 91.638504 27.055664 67.164612 0.058285
120.000000 388.922211 108.481865 14.206421 34.222878 0.057197
120.000000 428.851593 129.313889 37.294434 83.432190 0.056526
120.000000 322.423981 127.286514 27.296204 67.519165 0.052537
150.000000 400.425568 86.808334 27.314270 65.477737 0.310470
150.000000 406.294983 87.242943 19.508789 44.522575 0.287714
150.000000 482.043030 58.058338 19.785278 46.541409 0.131971
150.000000 239.238220 108.085739 12.945404 31.934341 0.107570
150.000000 412.785461 92.405106 12.852905 28.845261 0.070237
150.000000 425.574707 78.002350 36.629822 85.032791 0.064935
150.000000 424.899078 84.321793 45.206482 129.552002 0.060864
180.000000 388.102692 108.655167 14.550171 34.806442 0.463455
180.000000 412.008423 93.139351 13.271667 30.208679 0.226415
180.000000 426.691681 84.564407 44.697876 131.919098 0.165617
180.000000 182.632935 145.270432 16.214294 37.718231 0.124938
180.000000 408.073853 92.015427 28.272888 71.535721 0.118966
180.000000 400.879181 85.820175 26.050049 72.718491 0.085551
180.000000 246.022705 108.386482 10.735138 27.402580 0.076951
180.000000 67.735840 146.919754 16.747833 37.579102 0.076858
180.000000 193.265717 151.590042 18.101715 46.986603 0.057268
180.000000 380.840851 116.293243 10.926819 25.803925 0.055356
180.000000 238.266617 109.526550 12.340668 32.673599 0.050014
210.000000 41.884918 148.872894 18.563034 44.023163 0.338610
210.000000 67.477142 146.970032 15.807022 34.831390 0.098392
210.000000 387.863586 107.788231 15.287476 35.268776 0.094713
210.000000 35.619694 148.506897 27.373039 64.395721 0.090786
210.000000 73.742455 147.189514 14.551544 33.376526 0.079047
210.000000 412.118286 94.351357 13.247803 29.090332 0.073703
210.000000 426.180481 98.201721 45.318359 127.797638 0.056199
210.000000 64.712593 145.969330 21.678925 51.601227 0.051816
240.000000 57.528061 130.968414 20.677673 47.530090 0.086604
240.000000 481.613373 58.641018 18.252625 43.302525 0.074821
240.000000 237.292114 109.753738 12.516785 31.834030 0.074335
240.000000 114.481956 143.692810 15.683739 37.053864 0.071748
240.000000 359.105530 134.325287 16.233398 39.899780 0.062883
240.000000 510.026337 38.592239 14.411713 32.294212 0.061587
240.000000 375.363983 128.445801 13.648865 29.995483 0.058564
240.000000 406.717926 87.566315 18.657715 42.225876 0.052570
270.000000 238.068619 110.088837 11.600159 28.697372 0.149109
270.000000 402.597046 84.907631 29.132996 73.915398 0.093773
270.000000 243.097855 110.429489 10.463593 26.350861 0.090884
270.000000 392.688904 103.822357 18.353699 45.808563 0.071562
270.000000 409.308777 84.835976 17.695984 39.634903 0.068240
270.000000 210.121414 14.040876 14.984650 33.829628 0.067321
300.000000 238.668945 108.394753 13.497650 33.788322 0.339105
300.000000 406.017944 89.153992 29.332581 74.450302 0.259588
300.000000 41.328865 148.301819 19.246658 44.183533 0.221638
300.000000 44.020947 147.885986 13.337502 31.046051 0.123815
300.000000 155.451401 158.467972 15.604797 35.565491 0.063333
300.000000 145.694946 81.006454 14.152649 31.054520 0.059497
300.000000 415.881622 103.608978 23.263794 59.615692 0.058632
300.000000 22.726162 136.784912 13.104340 31.131226 0.051408
300.000000 33.165085 147.477158 29.536118 66.169037 0.050998
330.000000 237.520508 107.423889 14.064728 35.520798 0.464375
330.000000 210.802979 13.781315 13.427948 31.350708 0.228928
330.000000 426.848450 90.255829 47.714905 141.636658 0.080981
330.000000 242.326508 109.066872 13.298401 28.988960 0.063148
330.000000 234.578918 114.628120 12.287537 28.648903 0.061803
330.000000 287.036713 117.652908 11.281494 25.679474 0.056250
360.000000 238.887817 108.874329 12.450958 31.837128 0.287341
360.000000 426.959106 101.037125 43.950684 118.032654 0.138984
360.000000 444.011322 98.180672 18.012512 39.234673 0.087444
360.000000 44.158726 148.632935 14.959061 33.654388 0.064711
360.000000 146.323883 80.207855 13.068787 29.511734 0.057302
360.000000 389.084534 111.036354 12.062317 27.816399 0.057063
390.000000 44.233227 148.722641 15.076538 34.032776 0.110794
390.000000 238.955338 109.364151 11.701843 30.427078 0.095005
390.000000 40.142490 149.225555 21.489998 51.683319 0.090620
390.000000 17.987392 154.876266 15.903225 36.602509 0.063481
420.000000 404.199463 154.314545 12.330383 30.580383 0.312313
420.000000 238.678604 109.264343 12.170959 31.935532 0.233341
420.000000 40.601891 148.772354 20.035255 45.228943 0.209934
420.000000 244.497314 107.589722 12.778015 32.035736 0.057725
420.000000 189.387466 126.583855 11.147980 25.022179 0.055586
420.000000 33.798275 148.424683 29.124413 67.954987 0.054846
420.000000 234.974213 113.501190 11.708160 27.892242 0.050781
450.000000 238.640915 108.850769 13.629456 33.689346 0.340965
450.000000 121.904465 139.033279 19.622986 44.129791 0.205266
450.000000 210.319000 14.881073 16.971191 37.212143 0.198134
450.000000 394.471191 108.081245 16.241028 38.129326 0.186919
450.000000 406.519928 87.797394 30.938171 79.300323 0.157183
450.000000 68.641937 147.559174 15.630920 34.598938 0.125443
450.000000 44.277569 148.649933 14.781990 33.071747 0.099243
450.000000 410.111023 89.355400 17.386658 39.946373 0.079693
450.000000 353.994446 98.226944 16.671570 36.650360 0.069235
450.000000 129.266159 138.712402 14.624207 35.421173 0.065040
450.000000 114.651733 143.869736 13.359131 31.112244 0.051440
480.000000 239.897812 108.727219 13.054932 32.662796 0.140394
480.000000 411.975677 91.563835 14.590393 32.721069 0.111947
480.000000 244.056763 109.599136 10.974548 26.954086 0.101258
480.000000 395.558777 111.514923 14.914673 36.698242 0.068860
480.000000 140.340576 149.750656 16.066772 36.288025 0.050351
510.000000 42.167866 148.695847 18.921951 43.876129 0.248534
510.000000 18.786196 155.273224 14.673277 32.601013 0.096145
510.000000 237.739273 109.153923 12.001801 28.818398 0.068715
510.000000 73.706329 147.218857 15.815140 36.233032 0.064896
510.000000 35.774879 148.419189 28.214226 64.366058 0.059699
510.000000 275.634460 133.744446 16.844666 41.546906 0.056585
540.000000 18.632446 155.840210 14.838524 34.690155 0.160919
540.000000 409.716461 92.152451 29.283875 69.953903 0.150988
540.000000 412.594238 94.782242 13.365112 29.600876 0.144336
540.000000 242.235123 98.393295 18.535385 43.388245 0.123510
540.000000 237.765060 110.286018 12.707642 30.867943 0.093144
540.000000 145.356659 80.816635 14.584076 34.160187 0.087860
540.000000 426.816193 92.019958 41.658936 125.206055 0.077601
540.000000 44.246437 148.436493 14.856880 33.459747 0.076112
540.000000 66.781075 146.481842 15.200119 32.835144 0.066361
540.000000 409.904266 93.283806 19.669434 43.544807 0.065672
540.000000 431.723755 95.996902 29.220093 76.291107 0.051013
570.000000 42.237789 148.657990 18.670731 43.939941 0.323218
570.000000 393.463074 108.081497 15.781250 38.919937 0.145000
570.000000 209.830582 14.265568 15.150055 34.323700 0.139815
570.000000 33.856312 148.710861 28.342621 62.051361 0.111018
570.000000 66.868080 146.837952 16.266388 35.840973 0.101186
570.000000 236.762161 110.003807 13.513092 32.545723 0.077364
570.000000 422.734985 156.407593 17.869263 41.549103 0.061551
570.000000 220.551559 111.734154 13.472565 30.464012 0.060015
600.000000 424.764465 80.546715 47.267761 146.839996 0.457446
600.000000 41.227074 148.521133 19.432198 44.923676 0.127727
600.000000 410.320984 89.114128 30.096619 75.595131 0.089622
600.000000 238.388092 110.138161 10.973022 26.777214 0.084294
600.000000 410.120239 110.518219 21.961792 52.083038 0.058675
600.000000 395.143280 110.892471 13.646362 31.935898 0.050820
630.000000 241.881699 97.032753 20.852371 47.304314 0.325647
630.000000 580.140076 127.216599 20.636475 46.535217 0.193127
660.000000 426.239410 105.934586 44.437073 120.608765 0.334953
660.000000 42.259418 149.022293 18.405762 43.080017 0.270315
660.000000 209.138199 14.343788 15.521973 34.190472 0.172509
660.000000 18.682892 156.914627 13.186325 30.855255 0.154151
660.000000 237.753021 108.837387 11.680847 27.828201 0.085749
660.000000 32.641323 148.282028 29.258408 65.732605 0.077738
690.000000 428.878540 103.518715 46.821838 128.464050 0.717035
690.000000 389.980164 107.195251 17.422424 41.182571 0.150823
690.000000 403.592072 92.367645 29.027954 70.416504 0.145290
690.000000 420.709290 87.635849 16.721191 39.652878 0.078475
690.000000 17.524670 155.826447 16.414818 39.157532 0.064440
690.000000 412.284698 94.484413 13.806702 28.696869 0.062424
690.000000 55.303295 127.693733 22.671154 55.337639 0.060528
690.000000 236.885895 106.030930 13.874329 35.156769 0.053042
750.000000 257.537323 128.048508 20.716248 57.869812 0.082508
750.000000 17.277378 156.698502 16.354122 40.110535 0.059785
750.000000 432.707581 105.991470 43.623901 116.864197 0.050096
780.000000 441.253937 131.247681 35.955383 85.183990 0.228592
780.000000 58.610996 127.276146 12.319866 30.281334 0.173877
780.000000 401.856110 114.407211 14.549561 33.690247 0.137367
780.000000 400.485413 114.747147 19.707092 51.560760 0.098287
780.000000 144.262100 81.608498 13.964081 33.504608 0.069718
780.000000 364.586700 133.442184 13.352539 31.729431 0.059636
810.000000 382.098785 133.273651 11.625916 30.119385 0.276716
810.000000 50.990868 127.794945 13.174103 29.974831 0.158015
810.000000 131.849777 155.643906 14.101227 33.824860 0.083851
810.000000 211.630920 147.100082 12.732635 31.493134 0.078038
840.000000 371.181030 124.587029 12.713989 30.952675 0.402543
840.000000 444.263580 141.722046 15.396912 40.569153 0.225341
840.000000 384.152069 133.210327 11.378235 29.591339 0.089760
840.000000 43.401264 133.911072 17.836205 42.511963 0.060683
840.000000 45.356628 128.395172 13.128754 31.015930 0.057792
840.000000 37.444099 129.711136 27.118004 69.074829 0.052680
870.000000 390.243347 128.709641 12.463318 30.539734 0.389772
870.000000 375.386047 117.383385 14.490479 34.358238 0.380674
870.000000 344.487823 71.886292 14.476562 32.172089 0.150599
870.000000 497.399994 7.908211 34.269867 79.075615 0.081920
870.000000 397.104828 109.131447 12.612427 29.325645 0.078549
870.000000 423.316254 148.531586 12.474854 25.263824 0.077646
870.000000 314.404602 77.914421 13.455200 29.990875 0.076724
870.000000 497.765930 144.383133 22.706055 52.756226 0.075153
870.000000 379.111969 51.382408 15.670105 33.184357 0.073695
870.000000 119.846535 155.966568 15.311378 36.138519 0.068810
870.000000 398.253265 112.295242 19.922729 52.514648 0.057442
900.000000 379.634827 111.539093 15.478394 36.860535 0.582552
900.000000 395.261719 126.560951 12.062866 29.330009 0.214865
900.000000 97.225998 144.095581 13.515533 32.000275 0.124701
930.000000 403.271606 122.358612 10.025085 21.769104 0.283741
930.000000 401.056274 107.569031 15.027100 35.826172 0.206680
930.000000 435.368134 132.693420 11.569153 25.715607 0.141255
930.000000 355.160095 120.544273 11.294250 26.248055 0.090059
930.000000 168.021896 107.297295 11.916443 27.991554 0.071687
930.000000 416.728577 119.947174 13.027527 30.315857 0.054037
930.000000 107.677864 140.571335 13.440048 31.502563 0.052695
930.000000 462.291748 138.282166 11.846680 26.688141 0.051453
930.000000 434.420319 130.498840 9.089905 22.635925 0.050375
960.000000 253.884979 96.035591 10.935425 27.064072 0.335827
960.000000 403.968689 108.826721 14.394104 36.639740 0.308779
960.000000 186.877579 151.107925 18.205383 42.910583 0.089332
960.000000 420.625214 120.320648 12.427612 30.327911 0.080257
960.000000 443.858185 139.938080 11.001282 22.677399 0.065014
960.000000 95.121231 139.398392 14.043533 34.634399 0.060919
960.000000 504.700256 144.638412 11.692810 27.767578 0.056674
960.000000 95.571884 137.131577 10.547256 23.570099 0.050330
990.000000 189.424667 148.641296 14.392670 34.428589 0.247738
990.000000 81.500443 140.653656 10.934586 27.850922 0.215020
990.000000 448.261597 141.551819 10.769836 25.281158 0.177322
990.000000 406.077423 124.482605 10.329285 24.857361 0.112255
990.000000 353.372742 128.097214 24.777832 59.725891 0.099213
990.000000 426.303101 84.337860 13.744934 32.991425 0.098122
990.000000 519.080200 147.046402 12.596191 30.596497 0.087690
990.000000 362.688141 141.305573 17.296509 41.219849 0.086707
990.000000 140.315765 73.578804 10.914795 26.004166 0.085534
990.000000 38.209339 147.502045 10.939026 27.034119 0.076359
990.000000 328.459076 138.882370 13.339722 31.021088 0.054265
990.000000 356.512665 149.661209 16.040710 38.436462 0.053552
1020.000000 537.386414 142.880127 12.748657 32.884552 0.862618
1020.000000 66.730087 145.340515 14.031036 31.886169 0.499152
1020.000000 63.138580 145.698639 20.197296 49.231140 0.224645
1020.000000 146.970978 144.616455 15.090668 37.002350 0.184494
1020.000000 256.023193 135.860352 18.414856 47.217010 0.181286
1020.000000 19.190796 154.390350 12.610935 29.531525 0.174763
1020.000000 592.247314 135.336212 11.178589 28.778748 0.141563
1020.000000 146.356110 141.172577 23.722443 56.123688 0.128567
1020.000000 67.834518 144.492233 9.309387 23.569855 0.094342
1020.000000 140.915115 144.079803 18.052429 44.999481 0.080618
1020.000000 218.604874 144.435562 13.499054 32.210388 0.065034
1020.000000 96.101974 155.925369 13.830475 34.119019 0.052765
1020.000000 259.867981 135.984497 13.818542 31.107208 0.051890
1050.000000 587.522766 146.650787 13.640137 36.911560 0.729610
1050.000000 116.194931 150.231125 14.978058 36.902985 0.326059
1050.000000 48.385693 144.465851 14.493240 35.360077 0.268824
1050.000000 611.754395 136.886459 12.555786 30.060272 0.263061
1050.000000 472.244080 142.597687 11.159119 27.431213 0.175309
1050.000000 595.956543 157.798126 11.848755 30.181458 0.174723
1050.000000 606.453552 137.158401 19.388794 45.405396 0.151055
1050.000000 10.933527 145.848526 13.383625 28.991882 0.093853
1050.000000 574.761963 147.693420 16.177979 36.055298 0.092382
1050.000000 144.778030 143.667465 13.420441 32.432098 0.080614
1050.000000 55.215256 88.947762 13.794716 31.184326 0.070634
1050.000000 434.317932 108.114174 13.112000 31.999931 0.063548
1050.000000 388.047668 136.436081 14.015137 32.440796 0.052712
1050.000000 68.367493 152.343445 13.843414 33.278381 0.050992
1050.000000 249.557709 125.631699 24.530579 66.675140 0.050132
1080.000000 483.148132 141.601227 12.830444 33.072449 0.678725
1080.000000 78.716980 146.427475 21.995468 53.187805 0.253294
1080.000000 24.397076 151.859131 11.734901 31.957031 0.174444
1080.000000 28.122515 160.778549 15.629725 36.674316 0.145753
1080.000000 81.281227 150.296173 15.008926 34.163330 0.137765
1080.000000 18.326540 152.957901 22.656775 51.777435 0.103296
1080.000000 465.371094 133.633194 8.794067 21.804657 0.101607
1080.000000 51.281277 156.898834 16.837238 39.741882 0.090345
1080.000000 424.419861 119.867706 13.992493 34.552063 0.085276
1080.000000 204.222244 146.900604 15.410767 37.427948 0.081258
1080.000000 16.202410 155.553619 29.685087 73.225922 0.080696
1080.000000 450.202454 118.485229 12.767578 31.663910 0.073813
1080.000000 43.836189 156.878052 16.338432 38.420746 0.066974
1080.000000 350.735077 133.012268 13.614563 35.146057 0.055409
1080.000000 39.116642 155.692017 27.121990 59.609894 0.054559
1080.000000 362.829437 124.061966 17.802246 46.138885 0.053648
1080.000000 5.375524 167.526810 18.763046 43.194977 0.052174
1110.000000 499.071625 146.046631 13.984589 34.829071 0.717110
1110.000000 227.222717 112.678673 12.652985 31.111183 0.333691
1110.000000 428.723694 116.588547 14.653076 34.803925 0.230607
1110.000000 120.385567 168.999039 21.761284 53.594635 0.134647
1110.000000 27.911324 133.990097 21.411743 50.753204 0.121691
1110.000000 268.894287 143.474686 14.425354 34.234314 0.103395
1110.000000 351.549164 136.174133 17.297546 39.706421 0.103160
1110.000000 358.123749 136.271179 18.673340 44.514618 0.083106
1110.000000 0.000000 157.438644 9.744255 38.021393 0.079870
1110.000000 316.819397 131.651474 22.198914 54.361877 0.078270
1110.000000 0.000000 161.942383 14.388162 53.414215 0.062087
1110.000000 183.731125 123.722969 22.146301 61.825645 0.056735
1110.000000 179.394577 140.761551 12.313690 32.640839 0.056634
1110.000000 22.159262 130.346375 29.635279 74.825958 0.052915
1110.000000 290.219574 139.799088 19.275513 45.258820 0.052079
1140.000000 522.123840 148.931747 16.516357 39.942841 0.514619
1140.000000 99.371628 156.849045 17.441528 40.974731 0.270664
1140.000000 217.509109 148.147095 16.392487 39.773621 0.235827
1140.000000 437.737366 129.273376 15.479431 39.684296 0.112300
1140.000000 220.877106 147.245636 11.977051 27.415253 0.065292
1140.000000 193.877625 139.368881 23.052643 55.168701 0.061476
1140.000000 97.466599 154.451904 27.736160 60.523193 0.059112
1140.000000 210.173050 143.871078 25.460663 60.959778 0.057377
1170.000000 548.073303 153.633499 17.862305 44.120697 0.564021
1170.000000 552.385437 140.803696 19.090210 46.371948 0.468004
1170.000000 177.146454 144.980591 20.406433 49.874146 0.330772
1170.000000 87.515839 76.679916 22.736588 54.417267 0.124791
1170.000000 490.247284 151.641815 12.300537 25.779480 0.098260
1170.000000 97.251595 83.439545 18.933884 44.748688 0.095310
1170.000000 365.522369 108.103592 11.602539 28.572266 0.093725
1170.000000 220.542709 154.867249 14.005249 35.921326 0.058036
1170.000000 440.672852 120.628143 23.469055 59.487976 0.056438
1170.000000 168.920303 145.066162 29.599884 70.699219 0.054689
1200.000000 585.086609 163.909851 20.812866 54.715637 0.944581
1200.000000 349.866669 118.049454 30.900146 76.303101 0.470185
1200.000000 445.866486 134.104279 23.361572 60.014130 0.453884
1200.000000 353.406250 117.596245 18.865845 48.753761 0.337006
1200.000000 122.194130 91.385773 14.951027 35.714951 0.153166
1200.000000 111.828522 100.220787 13.101181 30.154305 0.115817
1200.000000 160.337021 155.982544 20.345612 52.765259 0.095172
1200.000000 57.493805 144.684235 27.308929 68.014648 0.094129
1200.000000 312.334290 126.072952 18.821228 46.890045 0.076473
1200.000000 445.652893 133.758148 15.701843 36.453217 0.067390
1200.000000 191.920502 122.969269 16.448822 37.281647 0.063195
1200.000000 478.825653 141.176682 15.709778 37.265045 0.060547
1200.000000 103.404465 106.647659 13.845001 32.664856 0.060226
1200.000000 322.737274 123.466377 22.873840 57.679054 0.054986
1200.000000 64.858147 144.418503 13.156265 29.891968 0.053497
1200.000000 375.520935 109.499901 16.945068 39.081520 0.051963
1200.000000 450.811890 142.325790 15.593872 34.784363 0.051883
1230.000000 454.138702 122.725388 29.667053 74.783020 0.536710
1230.000000 337.580383 117.641190 26.307312 66.533081 0.351915
1230.000000 454.109344 127.696503 21.885010 50.403809 0.258779
1230.000000 240.185577 158.224625 13.867615 32.778442 0.140873
1230.000000 342.644012 117.493004 18.670654 44.739998 0.125218
1230.000000 231.485321 156.315399 16.257507 37.498627 0.117040
1230.000000 463.159210 130.135651 20.890808 47.660645 0.113064
1230.000000 331.014832 117.177277 35.744202 100.650604 0.110432
1230.000000 484.409546 124.823959 23.761658 55.125732 0.105474
1230.000000 489.284424 129.726303 16.581726 39.281647 0.096635
1230.000000 184.917389 158.043671 15.191071 39.756470 0.092658
1230.000000 140.279861 85.339569 13.874146 31.371552 0.061908
1230.000000 470.539276 130.164032 17.634827 41.057037 0.061494
1230.000000 235.888519 157.609573 20.959137 50.091125 0.052680
1230.000000 219.958679 157.719437 15.820923 36.435455 0.051880
1260.000000 329.835938 134.658661 15.973389 40.659607 0.226719
1260.000000 323.155823 135.415787 28.840637 68.807251 0.183083
1260.000000 81.538971 140.675537 29.866837 69.473297 0.110377
1260.000000 523.971985 124.229996 20.873413 55.135315 0.089403
1260.000000 539.885132 100.427826 16.128906 38.070999 0.066145
1260.000000 388.672272 153.666473 13.717285 29.351990 0.061152
1260.000000 246.209778 158.000946 15.550629 37.363922 0.056169
1260.000000 527.259888 142.302475 15.295410 36.355072 0.051169
1290.000000 230.114838 152.334564 24.107422 57.552246 0.113959
1290.000000 570.769043 84.983940 15.841919 36.198746 0.087928
1290.000000 458.979980 154.114716 11.320251 27.835724 0.073990
1290.000000 222.944504 155.700150 14.348145 33.672943 0.073247
1290.000000 147.549347 144.523285 13.821869 33.517639 0.052909
1320.000000 575.791077 14.375149 22.536377 53.802372 0.236158
1320.000000 535.296997 87.354095 34.484619 97.316193 0.087454
1320.000000 565.796936 9.207359 17.365112 43.411999 0.072232
1320.000000 560.940125 46.068268 17.797485 38.735779 0.060801
1320.000000 623.596252 157.141983 13.781860 40.634399 0.060260
1320.000000 37.391617 74.639046 14.315536 33.487457 0.059769
1320.000000 535.465759 141.602905 17.154663 40.163940 0.058178
1320.000000 0.001482 116.567154 13.322824 34.311066 0.052015
1350.000000 554.896057 152.486298 13.647827 34.502319 0.374363
1350.000000 510.512482 163.806396 11.315338 25.135345 0.356332
1350.000000 23.637873 165.545258 13.677824 32.836792 0.285051
1350.000000 38.141628 50.729004 16.978523 38.750870 0.233011
1350.000000 484.215393 160.296097 10.760925 26.031006 0.231347
1350.000000 308.315033 137.264008 15.850952 38.720276 0.190429
1350.000000 301.518097 136.747238 26.229065 62.508240 0.157769
1350.000000 319.107483 135.207092 22.848572 55.837067 0.132404
1350.000000 469.983826 165.673889 13.364746 35.268921 0.123325
1350.000000 29.144310 163.498947 14.130798 30.277374 0.087031
1350.000000 570.014465 169.001740 13.290894 33.564697 0.085800
1350.000000 476.731506 163.049011 12.094971 28.198792 0.055277
1350.000000 16.951145 165.350952 14.835209 38.880859 0.054320
1350.000000 566.714844 152.484924 13.202026 34.486298 0.054006
1350.000000 355.708099 128.125809 16.272827 35.641937 0.053127
1350.000000 466.908447 157.909042 14.502625 35.834351 0.052122
1380.000000 311.170349 138.841309 19.086426 46.684082 0.524736
1380.000000 298.145966 141.038467 17.764038 41.860718 0.452456
1380.000000 444.349182 34.618061 15.249268 35.227108 0.442856
1380.000000 384.988464 109.487511 12.594360 29.875679 0.191601
1380.000000 291.030731 141.537125 25.455994 62.371857 0.188528
1380.000000 281.462921 145.527054 16.438599 41.020874 0.165650
1380.000000 293.962738 141.910492 15.280334 37.829132 0.150113
1380.000000 307.083710 138.250854 27.127258 68.248474 0.145987
1380.000000 563.167542 109.921844 36.618652 85.979156 0.145901
1380.000000 463.509735 168.535812 12.509521 30.849670 0.104377
1380.000000 525.475708 171.467194 10.518799 22.460052 0.100211
1380.000000 620.780823 159.706360 14.041382 37.681427 0.067431
1380.000000 581.248474 127.683792 28.139648 67.842224 0.063996
1380.000000 532.458618 172.055573 10.593994 23.551422 0.059127
1380.000000 455.866821 37.026314 12.868042 29.888138 0.057293
1380.000000 179.852722 145.853165 28.107849 67.355316 0.054126
1380.000000 275.995148 145.616180 26.649170 63.159302 0.054079
1380.000000 172.027115 108.577583 25.442780 63.428062 0.052345
1410.000000 589.498840 101.356781 41.396973 98.474335 0.967144
1410.000000 291.796417 139.175995 18.948975 46.961029 0.590706
1410.000000 305.756317 137.583481 16.607727 41.379608 0.562033
1410.000000 541.092529 167.147858 12.752808 29.886383 0.532585
1410.000000 300.517303 137.938217 25.183838 62.201965 0.167608
1410.000000 283.686584 138.881851 29.182495 70.208466 0.158073
1410.000000 309.805145 137.804840 12.795898 27.145020 0.097921
1410.000000 314.603485 119.872925 26.002197 66.268555 0.084251
1410.000000 284.785522 142.489349 16.158997 39.964905 0.080932
1410.000000 624.392822 113.226807 15.607056 70.487457 0.073149
1410.000000 224.853424 173.112045 15.263458 39.914062 0.064398
1410.000000 292.135559 138.948151 13.167542 33.357422 0.058434
1410.000000 351.121216 107.826195 14.152100 31.902245 0.051590
1440.000000 550.020264 168.590851 13.636963 32.690582 0.756028
1440.000000 294.056549 137.943085 21.615173 55.005066 0.712851
1440.000000 296.751221 138.030777 15.991638 34.357239 0.240030
1440.000000 243.887344 173.062302 13.225021 33.619446 0.219469
1440.000000 265.488251 156.662354 15.056763 32.628357 0.145316
1440.000000 277.112396 139.339706 21.703918 51.218506 0.142341
1440.000000 226.460876 172.712875 19.832367 50.957184 0.127347
1440.000000 286.753113 137.969437 33.776978 86.545471 0.088751
1440.000000 32.939339 182.455856 17.832954 41.565125 0.087539
1440.000000 280.661072 138.964279 28.901245 67.177032 0.058813
1440.000000 240.710953 176.147110 10.996735 28.307526 0.057387
1440.000000 313.872559 133.046082 17.940369 44.479919 0.054978
1470.000000 553.859131 174.491531 12.658691 31.643860 0.673367
1470.000000 426.515625 26.688538 17.943665 41.633553 0.554043
1470.000000 138.325485 150.239090 22.185760 52.771393 0.295861
1470.000000 270.463196 145.073196 17.397949 41.028564 0.272902
1470.000000 133.936401 149.944305 32.110809 76.851776 0.175466
1470.000000 249.808884 178.865356 17.223312 41.692871 0.129233
1470.000000 319.770935 117.760681 11.870544 27.859406 0.114378
1470.000000 614.366638 128.987213 19.484009 51.693298 0.107042
1470.000000 265.912903 143.895386 25.546021 65.023285 0.068822
1470.000000 372.136841 109.872437 14.109131 31.300186 0.060738
1470.000000 283.750824 142.567001 17.494385 47.425995 0.050744
1500.000000 558.715332 177.763855 14.736206 35.459961 0.966318
1500.000000 259.050232 150.322571 18.281677 42.127228 0.255047
1500.000000 309.985748 122.339233 11.872864 27.544983 0.228317
1500.000000 582.285889 193.524948 15.960083 44.712097 0.217655
1500.000000 329.713470 113.127747 13.248474 30.396362 0.128786
1500.000000 315.829956 119.976158 21.963440 56.491676 0.120099
1500.000000 320.287842 118.242661 13.792664 32.929138 0.116083
1500.000000 308.590820 122.154449 18.920044 44.180786 0.095070
1500.000000 430.234619 34.259895 14.999817 35.240044 0.094101
1500.000000 293.168060 136.258316 16.119568 39.195740 0.073900
1500.000000 274.352844 149.921738 17.665710 43.799408 0.069424
1500.000000 626.488403 172.266907 13.511597 44.319763 0.063289
1500.000000 252.951431 149.930511 25.689255 63.605682 0.051242
1530.000000 558.562012 177.290817 16.203003 38.292297 0.829482
1530.000000 280.539398 146.814484 16.448242 38.149414 0.353296
1530.000000 610.090881 93.184761 22.786743 52.485588 0.303089
1530.000000 247.103378 152.599152 18.462936 41.096191 0.233128
1530.000000 606.330750 134.539352 31.452759 79.595673 0.134199
1530.000000 298.139648 124.656769 11.488586 25.804932 0.133188
1530.000000 307.606628 119.611839 14.715759 32.251335 0.116180
1530.000000 262.401642 152.490799 17.242554 40.471649 0.102589
1530.000000 240.669357 151.572479 25.579453 60.085022 0.089143
1530.000000 243.750565 153.171753 14.705917 32.779663 0.064498
1530.000000 620.451782 129.055389 18.791016 82.937744 0.059425
1530.000000 326.494873 111.152901 13.482483 30.770607 0.054160
1530.000000 602.503540 159.953278 21.621704 51.175201 0.051504
1560.000000 554.821228 179.118622 16.609619 39.270782 0.867936
1560.000000 229.634354 153.549316 19.945465 46.476685 0.315384
1560.000000 242.500732 154.017120 19.313812 48.221344 0.154431
1560.000000 517.822388 145.168686 12.043213 28.896088 0.148271
1560.000000 262.219604 148.347290 15.722107 34.954285 0.124741
1560.000000 221.284897 153.619263 29.708771 68.747559 0.100737
1560.000000 476.627106 122.937263 17.034058 40.853157 0.087373
1560.000000 511.596710 145.640274 13.905609 30.966980 0.071113
1560.000000 595.263306 92.236649 43.480713 129.375488 0.063920
1560.000000 478.860413 115.571434 12.975281 31.282921 0.056773
1560.000000 233.548828 153.405884 24.306274 60.123749 0.051763
1590.000000 547.092651 178.489105 17.736816 40.866913 0.956171
1590.000000 494.760162 146.416397 18.638153 47.863800 0.550810
1590.000000 218.060242 149.180237 24.755585 65.235291 0.265866
1590.000000 497.831329 143.403915 13.835510 34.259796 0.205766
1590.000000 583.736206 87.770149 51.245850 140.915405 0.141629
1590.000000 589.200378 183.844528 15.502075 35.180939 0.119473
1590.000000 205.279831 150.587402 18.040344 44.656433 0.118777
1590.000000 559.429077 180.332840 13.409546 34.458405 0.115551
1590.000000 221.003265 150.752258 18.244141 43.419830 0.092071
1590.000000 513.689575 142.339157 12.873413 27.584595 0.082482
1590.000000 554.290344 181.517426 12.316895 27.339417 0.079280
1590.000000 200.891617 149.819153 27.070923 63.818634 0.068241
1590.000000 192.018021 160.699875 22.479034 54.162933 0.063429
1590.000000 367.364716 26.170792 17.515686 38.536934 0.062658
1590.000000 134.431961 200.250443 16.085724 39.460327 0.058485
1620.000000 180.854630 151.378311 21.321320 51.149902 0.429273
1620.000000 229.399216 122.588776 15.146606 34.361725 0.277725
1620.000000 194.985504 151.276627 19.231812 44.673340 0.240963
1620.000000 193.139496 150.416870 26.291656 67.822021 0.144630
1620.000000 175.673767 149.822754 29.434448 74.161774 0.138998
1620.000000 616.635681 158.069214 15.192749 41.670258 0.091948
1620.000000 243.525635 182.661163 14.634979 35.104401 0.087733
1620.000000 621.628845 152.908112 18.134521 51.439240 0.084152
1620.000000 21.388803 95.628113 15.650053 36.665939 0.074747
1620.000000 475.008362 143.550949 16.549255 34.956573 0.065920
1620.000000 543.736572 181.520966 11.534546 26.318054 0.052894
1650.000000 572.681152 86.404510 52.084717 138.807190 0.615457
1650.000000 187.905411 164.367752 14.669952 35.250092 0.503304
1650.000000 540.528259 176.339706 21.322632 53.462006 0.406053
1650.000000 463.001862 142.310654 13.219849 31.961670 0.252489
1650.000000 377.187347 190.802536 17.406799 41.916687 0.250788
1650.000000 184.534744 163.687683 20.649506 51.684845 0.140419
1650.000000 35.935669 195.286774 15.249947 36.311340 0.087305
1650.000000 178.303497 165.309494 14.790405 34.854187 0.080386
1650.000000 589.508545 208.882126 17.727539 39.785461 0.065002
1650.000000 207.131790 123.139977 11.478668 25.355354 0.060672
1650.000000 216.157684 182.786240 14.169067 33.994202 0.052019
1680.000000 552.078125 174.881195 21.937012 54.106201 0.987299
1680.000000 180.508362 190.762238 15.089874 36.958160 0.368704
1680.000000 573.210938 64.650024 56.930908 172.534393 0.120774
1680.000000 620.363220 154.144623 14.005371 37.107056 0.097942
1680.000000 345.478821 172.883575 20.037231 47.495789 0.092354
1680.000000 191.440567 186.553528 12.723450 32.246918 0.087568
1680.000000 614.404663 170.657211 14.450317 30.982452 0.086977
1710.000000 578.074219 174.266830 23.210205 59.964264 0.962554
1710.000000 219.914215 183.098892 17.323151 39.153412 0.307946
1710.000000 215.675537 179.636505 26.580994 64.003174 0.184686
1710.000000 143.750870 150.346039 16.505798 37.330444 0.093148
1710.000000 140.735870 150.228012 21.990173 56.040771 0.071815
1710.000000 585.224670 156.655029 28.209106 74.231140 0.068617
1710.000000 320.737091 19.443132 16.637817 37.361237 0.062310
1710.000000 171.522934 193.848526 14.436127 37.076721 0.060639
1710.000000 307.282379 16.866625 15.983337 36.715057 0.059959
1710.000000 214.665802 182.815552 12.337311 29.491028 0.058813
1710.000000 604.563782 187.664948 15.829834 41.985596 0.055587
1710.000000 594.107727 160.112091 18.614258 44.634186 0.051665
1740.000000 604.816956 174.134537 26.738281 63.886993 0.982500
1740.000000 305.733398 14.344477 19.478699 44.823135 0.367209
1740.000000 625.957092 178.200623 14.040039 59.761230 0.177686
1740.000000 319.916199 17.808012 15.594666 35.356812 0.085411
1740.000000 428.134308 187.280060 15.000488 33.723328 0.066200
1740.000000 599.446106 185.438797 12.488647 26.456299 0.061279
1740.000000 145.258347 152.348694 15.552826 35.969635 0.060653
1770.000000 209.776428 184.022827 12.405060 29.520386 0.138424
1770.000000 145.209656 153.491867 15.804321 35.848022 0.108756
1770.000000 219.454330 181.313171 13.791138 34.844208 0.089761
1800.000000 216.904373 178.872772 16.817444 42.187927 0.223983
1800.000000 331.030914 188.951553 11.730774 33.359283 0.115127
1800.000000 524.107605 188.935272 12.432129 29.998444 0.102954
1800.000000 165.943405 188.123901 13.031464 29.076385 0.095876
1800.000000 308.751770 183.727753 15.778015 35.933289 0.079494
1800.000000 319.725067 190.869995 11.951843 29.173309 0.064056
1800.000000 307.286285 13.417103 14.960571 33.546913 0.050967
1800.000000 314.559479 189.544647 16.881714 40.407806 0.050221
1830.000000 144.012161 153.125305 14.934082 34.778778 0.122088
1830.000000 139.911804 152.825592 12.019745 26.574158 0.080158
1830.000000 404.296906 199.597153 14.534119 35.152985 0.072341
1830.000000 305.730499 14.340654 17.684509 38.107513 0.061212
1830.000000 525.055115 192.256561 13.410400 32.521393 0.060811
1860.000000 617.389404 194.443832 16.741455 38.528961 0.135879
1860.000000 527.760315 193.845230 11.580566 29.333038 0.059655
1860.000000 626.659302 192.607498 13.112305 38.803650 0.052050
