30.000000 426.199097 165.275330 14.841064 34.903107 0.211791
30.000000 419.484528 169.783920 12.551514 30.930237 0.057778
60.000000 451.194916 153.990021 14.131653 32.142670 0.200025
60.000000 449.245789 158.410950 18.128357 45.098724 0.080970
90.000000 396.222198 163.728500 11.378601 27.880249 0.249358
90.000000 453.984650 151.989929 13.896240 34.971924 0.198576
90.000000 563.669006 157.107910 19.040161 44.647705 0.177156
90.000000 84.379868 175.950302 11.649948 27.423187 0.158020
90.000000 550.392517 154.660873 11.963745 28.913269 0.119007
90.000000 567.390320 157.014526 13.034912 30.207855 0.100428
90.000000 430.847748 152.092346 12.442627 27.002136 0.089169
90.000000 501.471893 146.478516 15.788361 36.548706 0.087832
90.000000 356.777740 98.087166 15.523132 33.710457 0.084638
90.000000 448.793213 150.746872 22.207458 52.418182 0.080498
90.000000 380.174225 152.455551 13.951233 34.113831 0.059194
90.000000 405.800537 162.643005 11.985107 30.069580 0.058221
90.000000 558.587952 157.518280 29.435425 70.066101 0.056421
90.000000 546.482849 155.383759 18.629395 42.866455 0.056279
90.000000 296.699432 161.623596 13.202576 33.508545 0.051667
90.000000 514.388000 133.414581 26.903076 66.891785 0.050934
120.000000 541.029602 130.654877 21.794067 51.193787 0.628410
120.000000 24.370270 174.242645 11.542591 27.487976 0.354091
120.000000 101.190636 172.648376 9.924423 24.054596 0.189961
120.000000 527.393738 136.707901 13.607056 34.156921 0.176267
120.000000 536.643616 129.320480 31.100952 78.457092 0.150891
120.000000 445.999146 144.829056 10.632324 23.874420 0.143885
120.000000 545.534546 126.500023 13.160278 29.243660 0.128282
120.000000 412.971527 156.619339 13.525635 32.042358 0.084533
120.000000 471.192596 147.893921 15.197754 37.310944 0.082765
120.000000 500.190399 119.999908 12.905853 32.203796 0.081554
120.000000 463.010315 147.484909 17.339539 39.465912 0.070134
120.000000 9.483352 102.083939 16.589752 39.054001 0.061664
120.000000 398.257294 158.834641 12.089478 30.907806 0.061640
120.000000 483.968781 148.605499 13.806458 30.150757 0.055455
120.000000 376.462433 160.572021 9.388062 27.281036 0.050112
150.000000 169.846176 156.784729 25.203705 60.824982 0.623591
150.000000 174.988190 156.097855 16.528656 40.436890 0.357697
150.000000 421.181000 157.909042 13.388245 32.541412 0.134817
150.000000 243.380753 155.015671 14.204391 34.166382 0.122968
150.000000 477.863892 153.532196 15.632629 37.304199 0.117932
150.000000 567.907227 119.125938 36.242676 83.199104 0.115765
150.000000 481.421570 136.108963 23.656189 58.008057 0.104029
150.000000 411.341797 167.822754 10.192078 24.276581 0.096325
150.000000 490.888336 139.056458 14.220703 33.912567 0.093438
150.000000 433.719025 173.514297 12.500610 35.190216 0.070108
180.000000 428.311401 168.447037 9.517761 24.751770 0.508134
180.000000 417.914093 166.922760 11.684814 28.369690 0.370122
180.000000 102.894226 149.286713 18.054764 44.228546 0.284307
180.000000 494.809479 155.207184 14.990540 35.537048 0.273454
180.000000 511.333313 158.094406 16.782471 40.211945 0.232524
180.000000 212.784180 160.521027 12.476685 29.291870 0.199477
180.000000 489.439758 154.787903 23.991882 56.129822 0.196382
180.000000 145.561554 143.146912 20.432587 50.355896 0.174348
180.000000 138.641388 146.464417 33.078064 65.049927 0.131909
180.000000 506.845062 156.138245 25.043121 60.511353 0.130343
180.000000 245.046082 150.578094 13.684631 31.951569 0.125194
180.000000 33.290638 174.585342 13.408646 33.074585 0.113781
180.000000 107.720955 148.205597 13.247299 31.173401 0.097108
180.000000 139.283951 148.685455 20.332245 48.144806 0.090359
180.000000 462.935303 152.490494 22.244141 55.233398 0.089680
180.000000 517.016052 160.884033 12.720459 31.815613 0.082583
180.000000 432.921875 167.116287 10.034302 24.138855 0.077925
180.000000 468.117828 152.303787 13.744934 33.126434 0.071506
180.000000 239.708054 158.823410 12.165466 28.572632 0.070620
180.000000 27.322393 161.931824 12.106432 30.489319 0.056815
180.000000 450.270538 176.506714 16.527832 39.443695 0.056679
180.000000 196.473694 169.678207 15.226776 38.346375 0.055114
210.000000 447.646576 166.654175 13.504944 33.186096 0.558503
210.000000 530.523254 151.358734 16.698853 40.410065 0.442792
210.000000 63.923233 133.384140 14.929794 35.850891 0.292840
210.000000 548.479126 148.862885 19.286865 42.904999 0.230657
210.000000 436.936798 166.062973 13.309265 32.303436 0.177136
210.000000 423.961273 168.517136 11.684021 28.754730 0.158203
210.000000 127.430000 144.792664 13.298470 33.037354 0.155433
210.000000 236.991226 160.494049 13.787415 32.606598 0.151059
210.000000 546.942566 122.442429 23.551025 60.860199 0.139450
210.000000 427.696014 174.108276 9.886047 24.130829 0.135943
210.000000 47.926464 134.653381 14.343735 34.485046 0.131734
210.000000 59.440533 130.503265 21.281834 51.956055 0.128519
210.000000 524.114075 150.232788 28.399414 58.519165 0.121672
210.000000 171.807800 152.599304 12.097382 31.065216 0.104891
210.000000 538.762268 147.662170 17.940918 42.929047 0.094320
210.000000 544.107056 146.475098 27.119629 64.810669 0.088148
210.000000 510.757568 169.533997 10.626587 28.670258 0.086419
210.000000 516.462158 151.560410 13.718750 33.530273 0.085225
210.000000 407.516479 171.475189 9.868408 24.100616 0.085149
210.000000 96.381706 132.276947 14.321732 34.452301 0.084944
210.000000 498.526825 147.852142 13.307922 33.266937 0.078373
210.000000 502.747711 163.703659 11.437653 25.127838 0.077586
210.000000 584.947571 146.325989 15.791992 38.325806 0.068100
210.000000 507.899384 167.080826 10.618378 26.417999 0.058678
210.000000 591.460266 146.995544 16.020264 37.724640 0.052018
240.000000 478.492950 165.640182 15.422302 37.559814 0.819625
240.000000 26.671358 113.840263 16.980970 41.522301 0.681479
240.000000 484.781860 163.968018 15.206299 36.043762 0.580262
240.000000 469.255188 169.439407 13.748047 33.917084 0.557743
240.000000 426.873322 169.498520 11.661987 28.655060 0.499443
240.000000 454.552795 175.728256 10.448914 24.516693 0.243501
240.000000 551.115845 161.686554 10.849365 27.755096 0.239344
240.000000 24.584459 112.959564 23.776281 59.386047 0.210390
240.000000 518.948059 152.067505 14.945801 36.596802 0.209779
240.000000 33.618332 114.743279 16.338905 37.011452 0.198073
240.000000 475.938599 168.565292 12.429993 32.127533 0.181350
240.000000 563.741089 156.052338 12.908447 32.778839 0.147370
240.000000 226.432434 144.741821 15.786316 38.869049 0.145660
240.000000 490.041779 165.274002 12.923950 30.883789 0.133255
240.000000 221.399673 144.183090 13.041687 32.841187 0.131006
240.000000 411.370758 160.360733 12.848694 30.290527 0.110275
240.000000 197.381927 152.728973 14.653259 35.388611 0.092866
240.000000 473.136230 166.361343 11.710999 28.981720 0.082273
240.000000 444.859192 169.249649 11.817688 30.018982 0.079677
240.000000 460.764740 159.443222 16.816345 42.591797 0.075301
240.000000 114.747734 153.081711 13.747246 33.272217 0.066332
240.000000 605.327515 147.088516 17.357788 41.381226 0.059743
240.000000 35.770325 147.935150 15.065666 37.003357 0.057484
240.000000 405.371613 168.583832 10.871704 26.439301 0.054141
270.000000 534.355042 165.895782 20.546997 47.842407 0.787640
270.000000 482.664459 161.156845 18.836182 45.848633 0.670763
270.000000 544.661560 169.415100 19.565918 43.595825 0.635024
270.000000 519.443115 164.228821 20.367554 49.727295 0.516941
270.000000 435.027893 164.756989 12.357849 31.874512 0.383424
270.000000 206.863663 154.060165 17.860107 43.647003 0.341395
270.000000 239.793518 151.648529 17.599945 38.610565 0.332212
270.000000 226.099945 150.893982 18.636353 46.187378 0.306583
270.000000 482.805115 160.801193 12.616577 34.077789 0.287859
270.000000 522.234497 159.364685 15.272583 40.038422 0.270291
270.000000 172.389938 153.433884 17.878204 43.121002 0.226226
270.000000 220.251297 155.464294 17.723694 41.728088 0.225172
270.000000 0.000000 163.376129 21.328594 133.231750 0.184620
270.000000 468.890045 162.840866 18.580200 43.254425 0.170374
270.000000 228.859360 152.390869 12.963257 32.416382 0.131636
270.000000 458.932343 168.760193 15.274292 35.523773 0.120892
270.000000 476.942719 160.515259 12.229492 28.354950 0.120405
270.000000 424.370544 168.277435 10.568481 28.718689 0.116976
270.000000 179.108826 154.545792 14.318146 33.867981 0.112027
270.000000 2.002288 173.050613 13.222483 34.673218 0.108147
270.000000 17.389210 175.237823 9.792877 25.962738 0.103527
270.000000 507.667267 157.696991 22.535919 55.961426 0.094094
270.000000 488.663177 172.500763 15.781128 35.108215 0.079830
270.000000 231.086090 151.363495 22.346283 53.391266 0.078610
270.000000 45.442184 171.309647 11.037727 27.427399 0.078275
270.000000 625.801575 159.364029 13.188110 37.962555 0.074454
270.000000 186.121323 150.894180 17.861145 42.547882 0.074279
270.000000 455.329681 169.024780 13.171082 31.027618 0.070789
270.000000 552.747925 170.975616 13.841675 34.292969 0.069439
270.000000 577.854065 174.978394 11.570068 26.557526 0.063948
270.000000 463.893524 168.450714 16.571960 36.546326 0.055417
270.000000 591.940796 177.311874 14.140137 33.764343 0.055264
270.000000 544.736877 162.949661 14.336548 31.972351 0.054239
270.000000 507.107391 159.570953 15.893158 37.971741 0.053485
300.000000 451.951874 158.962570 12.982300 32.357483 0.756775
300.000000 534.846008 158.925903 17.537720 43.120819 0.657020
300.000000 176.303467 148.261581 20.836456 49.835815 0.577878
300.000000 520.455933 162.772705 23.262573 53.209900 0.558697
300.000000 506.494568 168.512299 17.728882 43.484680 0.473090
300.000000 516.310364 168.203003 17.925171 44.780273 0.300941
300.000000 456.230194 157.903870 14.243591 35.871765 0.278126
300.000000 223.134567 150.050354 13.846100 32.574341 0.222591
300.000000 555.375366 191.854523 11.986328 25.719086 0.205387
300.000000 527.558777 157.048111 21.272827 50.399536 0.175759
300.000000 498.306671 168.164932 11.417114 28.756409 0.175127
300.000000 627.898621 194.064774 12.095459 38.463074 0.158287
300.000000 525.009460 156.068237 16.602783 41.823212 0.139962
300.000000 479.224091 178.186676 13.289551 30.012390 0.135320
300.000000 197.566147 156.331497 17.776337 43.775360 0.128715
300.000000 501.527863 168.992615 14.143280 34.105438 0.127111
300.000000 589.003601 160.308563 26.805054 68.404510 0.121873
300.000000 562.877991 178.936356 10.736816 26.579254 0.120729
300.000000 166.445007 156.413834 17.300842 40.990265 0.114256
300.000000 598.935791 200.285721 11.597900 27.524323 0.112516
300.000000 551.559204 175.068069 16.361328 39.820404 0.111437
300.000000 508.609222 170.794464 11.899506 31.886566 0.109031
300.000000 616.725525 190.438110 15.758911 38.181854 0.101306
300.000000 212.736862 152.013184 17.888519 44.934143 0.085222
300.000000 82.523331 152.092926 15.350922 36.361298 0.083650
300.000000 621.965393 196.735519 14.109985 31.557922 0.066603
300.000000 203.360260 159.315002 15.302124 35.439606 0.063912
300.000000 460.216583 174.459763 11.412720 27.155487 0.058504
300.000000 283.240601 153.492920 13.580017 31.687378 0.055517
300.000000 215.456360 142.420212 22.577637 52.887878 0.053725
300.000000 249.287415 145.691437 13.323334 32.693756 0.052040
300.000000 446.362823 156.005432 11.033936 29.087952 0.051727
330.000000 486.152039 153.713760 15.356506 37.815704 0.904134
330.000000 478.960205 154.080933 15.525391 37.197632 0.723813
330.000000 463.453827 161.252762 14.315979 35.237610 0.446836
330.000000 581.133362 162.538513 22.340820 59.804504 0.375446
330.000000 555.157104 171.182281 16.794922 44.414886 0.314784
330.000000 612.453857 155.536270 27.113159 75.333923 0.294164
330.000000 213.286072 153.459137 17.037994 42.637909 0.284205
330.000000 196.095718 151.723495 16.895966 41.555176 0.282464
330.000000 587.593750 171.287613 21.878174 54.895477 0.242725
330.000000 618.566772 153.735535 16.931885 41.004486 0.226231
330.000000 219.228012 144.552139 20.816315 52.398071 0.225061
330.000000 221.889526 147.404968 15.270386 35.415497 0.168109
330.000000 469.907318 160.556168 10.227234 29.345093 0.160271
330.000000 586.533691 169.679260 16.298340 37.930023 0.158305
330.000000 399.379669 154.112579 11.920288 31.283844 0.107771
330.000000 570.151306 167.246994 13.430908 36.020782 0.104636
330.000000 159.143402 153.758789 17.905334 42.433044 0.100457
330.000000 564.541199 168.512543 13.816895 34.194122 0.091111
330.000000 579.863281 178.554245 17.190674 41.815338 0.090240
330.000000 624.559570 164.658234 15.440430 66.458221 0.088679
330.000000 509.911163 176.271591 11.405121 26.376038 0.087166
330.000000 615.817017 155.792709 14.288208 32.812653 0.086424
330.000000 201.261780 144.596878 14.864105 35.277191 0.083570
330.000000 0.097995 169.053879 13.355627 33.952911 0.081824
330.000000 153.801834 141.363525 13.547821 33.884857 0.077503
330.000000 47.635273 164.602936 12.386612 29.559601 0.077332
330.000000 208.167664 141.379166 15.197235 39.505768 0.076582
330.000000 174.539368 141.171371 22.295898 56.674164 0.075899
330.000000 473.626648 160.583893 10.955505 28.136536 0.072538
330.000000 573.783020 180.919846 10.647095 24.094299 0.071140
330.000000 603.534119 166.404099 24.827515 59.312286 0.070592
330.000000 201.205994 147.266632 19.899811 48.750397 0.063456
330.000000 574.692078 181.546814 16.016724 38.535004 0.061583
330.000000 560.705261 170.786865 12.645752 32.822968 0.059261
330.000000 583.854431 164.935486 14.725464 35.100159 0.056124
330.000000 177.120377 146.673996 14.699463 38.426849 0.056027
330.000000 583.081116 176.444687 12.964478 30.424042 0.052316
330.000000 60.248146 161.001053 11.837219 30.037048 0.051601
360.000000 519.842896 153.547867 14.506714 35.101990 0.732184
360.000000 509.171570 154.446259 12.864014 31.078552 0.711485
360.000000 77.090324 170.584259 11.552872 31.568573 0.488286
360.000000 191.796127 155.905579 14.996338 37.387329 0.465883
360.000000 167.593063 141.706635 22.730347 55.913574 0.305216
360.000000 516.283875 154.553360 12.166626 31.458984 0.274629
360.000000 151.980377 155.346298 16.829163 41.092773 0.229865
360.000000 437.353973 149.605835 15.565063 35.587708 0.184596
360.000000 216.969635 147.514603 15.899200 35.946808 0.165300
360.000000 206.955811 133.301498 21.688721 56.043457 0.138669
360.000000 188.768356 149.798126 22.193512 52.624756 0.137209
360.000000 209.915756 134.309723 15.262787 36.930969 0.129397
360.000000 204.575287 140.273132 14.909088 36.700470 0.122620
360.000000 171.159317 145.164978 15.722076 38.683929 0.116318
360.000000 22.572670 167.763535 11.120159 29.699890 0.102706
360.000000 337.348083 163.026703 13.364136 28.113159 0.092321
360.000000 431.623810 153.099365 16.836975 40.057037 0.084898
360.000000 65.659882 174.478516 9.972031 24.670410 0.083585
360.000000 144.099060 158.765915 14.538757 35.740906 0.071676
360.000000 398.031464 152.776382 12.466858 29.766602 0.059696
360.000000 7.499111 167.841537 12.944052 29.489136 0.052456
360.000000 54.647190 174.342743 12.136143 29.565643 0.050697
390.000000 38.929691 174.329971 14.259682 33.324066 0.452644
390.000000 27.207584 177.925537 11.555130 31.014526 0.357531
390.000000 179.259186 153.733353 19.312012 47.254120 0.340388
390.000000 194.641342 141.567383 15.674103 38.159424 0.184532
390.000000 597.011841 151.193909 15.716064 36.827728 0.176130
390.000000 141.763763 153.804504 16.867584 38.544495 0.175261
390.000000 459.628906 147.847366 15.125305 34.446960 0.109612
390.000000 11.938064 180.180130 12.066728 27.407867 0.109116
390.000000 190.657135 140.106354 22.669769 57.157837 0.105090
390.000000 70.158028 176.337463 11.336014 30.062469 0.103275
390.000000 146.947067 158.390182 17.088470 42.250183 0.097753
390.000000 455.667969 145.517914 14.552979 33.001343 0.078443
390.000000 157.678802 146.759964 22.420044 55.697815 0.066602
390.000000 390.375732 156.740204 11.864746 31.328674 0.063051
390.000000 584.085388 146.406418 17.907227 39.480621 0.062262
390.000000 454.552307 145.547760 21.669128 52.511993 0.058990
390.000000 20.109520 177.349792 11.597851 28.313263 0.055468
390.000000 468.236938 145.196808 13.664551 33.266357 0.054488
420.000000 140.830811 144.590057 15.630890 38.321289 0.516381
420.000000 164.110153 149.136734 17.212830 41.298004 0.279588
420.000000 532.677856 138.157410 27.154053 57.950562 0.231063
420.000000 138.063049 144.732574 23.449219 56.607452 0.205877
420.000000 497.662445 166.315735 17.835480 43.775543 0.205325
420.000000 446.029785 168.673309 15.866577 36.721649 0.204215
420.000000 196.946274 151.021927 15.437195 35.491516 0.143515
420.000000 173.297882 150.570358 14.384705 33.626526 0.137545
420.000000 160.582794 153.359573 22.064453 55.204712 0.135163
420.000000 549.283752 140.706161 20.691162 49.396637 0.125732
420.000000 127.431221 162.307373 15.598564 36.230194 0.118873
420.000000 536.879517 138.049377 15.242065 38.438538 0.114579
420.000000 124.975159 157.635651 12.765228 28.751068 0.103144
420.000000 117.445480 154.353043 13.184174 32.789154 0.100395
420.000000 174.116913 138.703430 23.253601 58.475128 0.092401
420.000000 176.295761 141.660492 16.681274 39.423340 0.091788
420.000000 155.036575 173.549606 14.951965 36.892975 0.069309
420.000000 119.733910 157.063095 20.092155 49.259674 0.065520
420.000000 444.457977 169.938095 10.539795 29.947632 0.063844
420.000000 175.245605 162.393692 14.705200 34.679108 0.062302
420.000000 472.241974 169.784836 16.784363 37.720795 0.056930
420.000000 180.289444 159.685822 17.421448 42.160431 0.056562
420.000000 493.056061 164.830643 25.715240 61.968353 0.056089
420.000000 475.326355 137.643112 14.157043 33.660797 0.050798
450.000000 129.175766 139.510605 24.377838 60.842590 0.497650
450.000000 155.055939 159.534943 19.426270 48.038208 0.401847
450.000000 115.570778 161.485886 16.164864 37.902222 0.393052
450.000000 538.345276 162.175476 14.355835 33.851257 0.265287
450.000000 109.875702 160.439575 17.644989 43.948517 0.220520
450.000000 163.220642 163.831604 13.166962 32.958527 0.199231
450.000000 132.613907 145.513611 16.655731 40.034790 0.148805
450.000000 171.953339 150.821259 24.790100 60.825653 0.146186
450.000000 196.489502 147.599579 18.536377 44.812897 0.133603
450.000000 137.812439 142.676010 25.905121 62.153351 0.124974
450.000000 153.620575 158.140152 15.190033 35.191437 0.084482
450.000000 532.729065 161.201035 24.435669 60.016022 0.082274
450.000000 143.691238 147.221893 18.161011 41.727234 0.062827
450.000000 113.564964 157.820709 22.696205 54.643707 0.061205
450.000000 166.169037 162.051514 15.662445 37.829193 0.059386
450.000000 151.739868 153.962860 28.350220 67.250977 0.054907
450.000000 467.099945 166.369232 12.562622 29.348450 0.054843
450.000000 585.334351 137.678741 31.602295 87.066925 0.054594
450.000000 170.816833 154.299057 14.357361 32.002472 0.053671
450.000000 188.260834 143.905533 15.520020 37.702911 0.050517
480.000000 64.714882 80.618538 10.926376 26.842072 0.610389
480.000000 465.720947 148.152115 18.741089 44.314819 0.567205
480.000000 461.209167 149.273499 15.468689 34.979034 0.246869
480.000000 51.158577 81.645569 10.830338 25.629807 0.234111
480.000000 135.760162 151.477539 19.765808 47.470306 0.199723
480.000000 502.439209 144.064880 15.248169 39.802277 0.189457
480.000000 69.508484 173.650909 12.357849 31.214783 0.182352
480.000000 153.615265 143.396179 29.775452 74.647125 0.156229
480.000000 2.650111 190.074158 12.215683 31.357880 0.140205
480.000000 160.405945 141.089996 15.879181 39.402710 0.128189
480.000000 107.928375 138.252380 15.864471 39.342102 0.127410
480.000000 102.568611 147.884476 13.099625 32.366821 0.119178
480.000000 112.962791 124.266685 13.487808 34.173256 0.117823
480.000000 133.949081 140.173935 27.458374 70.250763 0.112615
480.000000 18.694469 182.378403 11.768509 28.516235 0.103843
480.000000 147.400620 139.980698 16.379608 40.514557 0.077045
480.000000 461.262543 146.406662 30.846375 63.259888 0.071914
480.000000 30.910885 177.203003 12.680504 29.315765 0.068509
480.000000 0.027261 187.793213 9.111665 36.070251 0.062800
480.000000 511.651764 148.753235 18.518341 44.551819 0.062146
480.000000 103.374321 150.350677 16.855576 40.667175 0.059015
480.000000 105.991287 119.278526 24.226425 58.894722 0.055747
480.000000 510.747131 150.239502 13.619873 31.153381 0.053571
480.000000 201.906342 169.347214 19.657623 49.905945 0.051858
510.000000 101.880463 140.408127 22.555405 58.298889 0.286047
510.000000 83.687454 117.062607 17.202682 40.336945 0.218958
510.000000 189.725159 161.004303 20.048187 45.573792 0.214398
510.000000 163.923828 132.820435 18.221863 47.071808 0.200206
510.000000 111.061562 140.767746 15.139893 36.008423 0.170688
510.000000 127.344086 132.863434 18.021515 44.424622 0.144678
510.000000 624.627869 152.475189 14.790039 44.086304 0.142056
510.000000 193.634506 159.384460 13.130096 33.133331 0.123157
510.000000 595.021118 134.478668 31.694580 80.601898 0.119846
510.000000 76.236244 109.494492 26.447815 65.817596 0.118587
510.000000 117.750046 128.504257 19.158752 48.367828 0.110972
510.000000 123.425415 139.534836 16.295044 41.182617 0.110194
510.000000 48.555527 144.826492 15.417740 36.614227 0.106796
510.000000 619.913513 149.070694 19.568115 79.223053 0.098797
510.000000 103.344681 133.381287 18.314331 43.945984 0.092582
510.000000 71.274521 116.734772 19.160873 45.016724 0.086877
510.000000 621.230713 154.459656 11.839844 29.498871 0.083242
510.000000 125.527702 107.360603 17.617836 46.121315 0.082025
510.000000 46.905193 151.897324 19.635349 46.330109 0.079479
510.000000 539.019653 126.608414 27.023193 59.960632 0.076893
510.000000 614.278381 145.138626 15.480103 40.406525 0.070247
510.000000 431.110291 155.326538 11.554504 29.646912 0.067613
510.000000 14.118704 170.385498 12.255112 31.104797 0.060602
510.000000 84.318466 115.754517 29.043442 72.012726 0.060087
510.000000 373.747803 164.003830 12.734497 28.253754 0.059357
510.000000 512.823975 144.459885 17.036743 41.336670 0.059234
510.000000 159.504181 130.390442 26.154785 65.602570 0.057167
510.000000 183.112900 163.897141 20.009003 47.329987 0.056725
510.000000 89.976784 116.854095 17.267365 39.728455 0.052979
540.000000 596.718750 150.230988 14.557861 34.705933 0.351582
540.000000 626.060852 151.126404 13.841797 51.324738 0.212976
540.000000 479.997253 152.828918 25.084534 62.454193 0.193116
540.000000 483.547852 153.409714 15.906616 37.528137 0.163647
540.000000 107.346481 103.174751 19.944321 47.167778 0.143077
540.000000 42.720993 107.876770 15.188309 36.295288 0.138307
540.000000 246.252823 157.775833 9.055359 25.596680 0.122645
540.000000 603.571289 155.859512 16.621826 37.170135 0.120490
540.000000 621.622009 146.580383 18.069946 80.509857 0.117510
540.000000 473.342163 160.550186 12.130920 29.842346 0.112919
540.000000 100.567200 108.586624 18.824295 44.551392 0.089868
540.000000 491.497437 161.078934 15.212952 36.340424 0.081784
540.000000 371.483948 167.656158 13.946106 31.228577 0.075930
540.000000 608.949219 155.871933 11.900513 27.994751 0.070226
540.000000 592.543579 149.873749 23.163696 54.052551 0.064893
540.000000 624.670166 155.926193 12.139893 33.986542 0.064836
540.000000 492.471466 160.346939 10.909973 25.587158 0.060438
540.000000 35.194584 106.390457 20.123276 50.962830 0.059344
540.000000 469.626343 157.501190 19.775391 50.763702 0.056658
540.000000 101.209541 102.493515 30.400490 77.733765 0.050632
540.000000 87.431450 93.630791 16.322586 38.746590 0.050242
570.000000 41.868252 118.355576 30.737766 65.673798 0.605811
570.000000 164.119858 135.863815 15.839233 37.016174 0.403343
570.000000 79.153076 90.822952 21.662720 50.903656 0.190158
570.000000 17.127134 101.806526 20.266413 48.016106 0.174107
570.000000 172.512848 168.326492 14.310974 32.866058 0.141002
570.000000 137.723068 128.093384 18.428162 45.323730 0.122997
570.000000 149.660736 135.903809 14.111023 34.768066 0.108527
570.000000 8.581136 92.717583 26.231857 61.448830 0.096082
570.000000 419.491455 151.118851 12.859985 30.574829 0.094095
570.000000 48.704491 89.108231 33.037262 85.861298 0.089462
570.000000 58.430046 86.987915 15.915619 39.465317 0.070076
570.000000 605.655029 161.621750 16.660278 39.646790 0.065173
570.000000 415.090973 158.619171 13.930664 31.582153 0.057547
570.000000 159.426346 135.349152 24.022797 58.392334 0.055722
570.000000 130.850220 124.732559 29.840759 68.501343 0.052366
570.000000 156.498474 141.061371 14.260468 30.934814 0.051716
600.000000 578.510132 168.548904 17.419922 40.349579 0.331448
600.000000 613.734619 146.151154 24.375610 66.046112 0.235553
600.000000 39.856712 116.877129 31.213135 69.118080 0.215692
600.000000 146.902084 134.737305 22.941895 57.166382 0.215633
600.000000 182.516769 143.597519 12.841064 34.334839 0.178047
600.000000 619.098389 147.747894 14.782227 36.340851 0.145221
600.000000 600.243652 159.828583 23.227661 55.503174 0.120033
600.000000 463.633423 161.111694 16.174561 38.048340 0.119609
600.000000 153.507095 137.029251 17.505768 38.982941 0.085893
600.000000 561.090576 92.175110 19.446533 43.063263 0.076464
600.000000 570.744141 165.062561 23.081543 55.018066 0.068635
600.000000 579.552490 167.558716 12.028809 26.315643 0.065773
600.000000 398.155548 162.444199 10.872498 28.987366 0.061286
600.000000 601.682190 148.804871 33.826660 83.682343 0.058281
600.000000 606.182251 160.686981 13.315552 29.757172 0.057955
600.000000 614.287659 151.611542 13.550537 30.826721 0.054206
600.000000 566.245300 167.127945 13.483765 28.842896 0.051411
630.000000 352.798889 170.684326 18.672668 43.019867 0.235182
630.000000 410.838104 164.535400 13.058838 32.656769 0.145061
630.000000 478.415497 165.787430 17.588501 41.452423 0.120169
630.000000 53.175785 117.016304 31.631603 74.825157 0.105404
630.000000 420.169617 155.806366 14.013428 35.152069 0.082532
630.000000 494.874878 164.333649 16.970520 40.554749 0.080518
630.000000 107.862198 115.453156 18.630692 45.545868 0.064533
630.000000 479.524475 162.760880 12.528870 31.925873 0.058174
630.000000 271.846741 160.589142 13.000610 30.832794 0.053779
630.000000 203.730087 152.501511 12.718140 30.891205 0.051612
630.000000 166.519424 140.783737 15.408051 39.430511 0.051065
660.000000 353.381805 175.437088 15.097046 37.610199 0.418305
660.000000 432.924377 186.717041 16.727600 43.192383 0.403519
660.000000 481.778656 175.652817 18.638916 45.962616 0.149639
660.000000 425.431396 176.128738 16.379700 38.529968 0.139177
660.000000 326.796356 162.295776 11.318787 29.365936 0.104951
660.000000 504.845184 143.182968 15.121124 35.723175 0.087713
660.000000 498.140869 137.485336 22.809387 56.251312 0.074186
660.000000 357.661774 176.286163 12.035217 27.746399 0.065636
660.000000 332.260345 161.833389 13.598633 31.769775 0.055435
690.000000 503.333313 127.887466 14.846985 34.876587 0.282389
690.000000 131.663574 75.000504 15.727295 36.463623 0.201413
690.000000 544.347656 151.376953 18.159790 42.278137 0.188981
690.000000 333.937195 148.754456 13.486694 32.601349 0.176230
690.000000 392.202911 160.087448 15.265930 36.045380 0.169795
690.000000 477.237976 139.736893 14.737366 36.629272 0.153117
690.000000 419.519012 154.282761 16.419678 42.114777 0.145191
690.000000 53.837051 31.491854 23.954483 56.826668 0.135751
690.000000 596.433899 157.691589 16.554688 40.675079 0.131128
690.000000 461.580566 148.308685 14.388489 33.839691 0.130261
690.000000 498.842438 126.947762 23.762543 57.026756 0.128601
690.000000 160.950714 102.715477 21.444397 52.292274 0.099630
690.000000 469.988861 148.112534 16.099792 42.200134 0.099558
690.000000 274.694061 137.764221 15.157654 38.191376 0.079457
690.000000 415.111755 158.124252 13.530823 34.494385 0.077414
690.000000 413.255219 159.066254 10.498779 27.637543 0.069298
690.000000 103.334129 58.483543 18.671265 44.530792 0.054161
720.000000 4.371412 190.291565 13.765728 32.738373 0.377760
720.000000 468.285980 158.603882 13.914978 33.187073 0.274028
720.000000 334.003967 149.136230 13.576721 33.153900 0.188521
720.000000 395.898682 158.521057 13.063538 31.739227 0.163677
720.000000 80.036057 138.961578 20.213226 46.454742 0.154238
720.000000 483.854126 135.945175 25.400757 63.427612 0.123192
720.000000 312.617188 151.435699 13.920410 33.681641 0.117984
720.000000 458.310150 144.554688 25.777771 63.354645 0.111408
720.000000 486.026459 137.097916 15.316772 38.701385 0.106290
720.000000 124.873940 153.145508 15.120506 36.751526 0.083232
720.000000 0.237088 193.200211 9.583103 32.965454 0.081853
720.000000 483.348724 153.940155 15.850403 38.326447 0.077959
720.000000 464.286316 146.361755 15.189636 34.259094 0.062771
720.000000 423.256165 156.811554 14.287842 36.564911 0.062519
720.000000 178.153488 132.854706 21.998016 52.809906 0.050786
750.000000 38.319496 175.797379 13.498245 32.286530 0.518807
750.000000 32.422569 181.419159 12.509781 30.380493 0.323778
750.000000 72.443748 178.620590 12.806320 30.479309 0.310274
750.000000 546.952942 114.821228 17.181641 41.817749 0.300776
750.000000 13.708510 181.838730 12.487130 30.295532 0.276071
750.000000 356.415253 177.208252 13.687439 31.230713 0.270963
750.000000 565.750732 115.893356 33.243164 77.510956 0.210548
750.000000 23.951962 182.632690 11.990791 28.965271 0.174948
750.000000 543.897644 113.321396 24.784790 63.051514 0.168643
750.000000 515.653198 144.912857 14.646729 37.178375 0.168180
750.000000 396.796539 163.257751 13.469421 33.230865 0.160574
750.000000 142.104355 171.301498 19.324585 46.422333 0.153306
750.000000 505.701263 144.335175 24.916901 60.653107 0.114966
750.000000 226.444550 86.277016 35.905975 87.589592 0.114239
750.000000 178.607758 174.772797 16.874298 36.456665 0.110998
750.000000 59.943333 182.646393 12.615627 28.400238 0.109608
750.000000 229.253479 86.909386 23.960297 55.703209 0.108637
750.000000 510.086823 146.244690 15.332184 35.093323 0.103571
750.000000 575.913513 120.694809 23.531982 55.029327 0.099896
750.000000 164.707703 97.988419 21.193146 50.395660 0.092183
750.000000 437.677582 150.796494 19.564392 50.262695 0.079711
750.000000 156.403580 92.012138 28.179840 69.799171 0.076594
750.000000 104.091347 124.157593 16.074432 38.016663 0.075853
750.000000 554.986145 114.170364 48.949829 112.378967 0.075096
750.000000 251.152939 179.199554 17.687881 40.651184 0.074141
750.000000 499.089813 154.256317 16.454559 38.476562 0.062315
750.000000 202.817490 107.238495 18.100464 42.715027 0.057871
750.000000 541.125488 119.172623 36.538940 90.743622 0.053760
750.000000 81.493965 181.661636 12.024307 28.366180 0.052910
750.000000 50.876041 180.387436 13.751019 32.880035 0.052167
750.000000 450.116516 153.741638 23.295593 56.763855 0.050320
780.000000 6.410029 184.838898 12.938043 29.579102 0.677540
780.000000 561.951721 135.189880 24.730835 70.516724 0.554002
780.000000 27.080769 177.820267 13.996490 35.715454 0.318896
780.000000 590.068237 101.502357 44.552368 121.755516 0.270969
780.000000 283.328125 181.119034 17.571655 40.121552 0.256534
780.000000 565.112366 139.735550 18.658447 46.586853 0.237424
780.000000 48.564266 183.823105 12.579315 30.334686 0.175091
780.000000 551.115845 142.704025 19.624023 48.563934 0.166233
780.000000 40.962639 185.537720 11.714806 28.803192 0.163542
780.000000 0.707593 184.334595 12.552745 33.462372 0.148973
780.000000 13.946947 185.576981 12.145538 29.122253 0.134401
780.000000 597.404785 103.450745 32.945801 75.712982 0.121694
780.000000 67.311478 183.783142 12.286819 28.014465 0.118384
780.000000 520.926147 144.470230 26.852661 63.690765 0.108032
780.000000 449.147186 157.168732 21.543823 53.041046 0.102399
780.000000 523.045532 154.445419 18.343994 44.467377 0.097549
780.000000 578.423279 101.395920 59.970825 187.613602 0.097070
780.000000 112.998283 119.861633 20.329445 47.678345 0.092084
780.000000 0.029168 177.017883 8.632048 37.706879 0.083104
780.000000 358.057983 177.625519 12.893860 32.598480 0.075351
780.000000 507.993378 152.183823 17.891998 41.605682 0.074338
780.000000 546.591370 142.820908 27.124634 70.332458 0.069099
780.000000 502.385345 146.865997 28.329498 71.544159 0.064132
780.000000 594.353088 119.877449 17.810913 43.378532 0.061714
780.000000 554.518188 141.284653 13.972168 33.873749 0.060040
780.000000 510.072876 137.375580 26.653442 62.913177 0.053446
780.000000 19.646799 185.396439 10.386776 25.915619 0.052763
780.000000 556.107422 131.153610 40.648071 111.573700 0.051614
780.000000 88.488197 180.994690 10.403198 25.368774 0.051375
810.000000 359.813385 176.937500 14.087891 33.630035 0.612777
810.000000 300.271088 180.436493 17.330444 38.169800 0.335958
810.000000 88.706474 173.706207 11.793167 28.956177 0.319899
810.000000 615.575317 139.976913 23.562500 84.665741 0.254984
810.000000 55.329430 178.256302 14.181503 32.725891 0.250167
810.000000 7.921093 186.678513 11.311890 27.273438 0.246746
810.000000 0.350761 182.018234 11.232454 29.903198 0.216167
810.000000 622.166870 141.051147 17.556641 59.581635 0.181631
810.000000 29.245712 190.502502 10.725426 24.943970 0.157272
810.000000 616.486023 147.891403 16.555176 59.313843 0.141902
810.000000 288.765839 105.583008 19.422852 43.872086 0.094513
810.000000 523.891663 147.619202 27.056519 70.617462 0.088934
810.000000 547.125793 155.112030 17.167236 45.289215 0.085111
810.000000 529.569397 152.158920 19.524658 46.229126 0.068210
840.000000 307.428925 177.867096 21.125671 48.092590 0.674286
840.000000 359.599213 175.994278 13.692932 33.697815 0.611353
840.000000 299.219208 191.368011 15.034058 36.322021 0.501220
840.000000 81.276291 179.494904 19.091049 48.525696 0.488708
840.000000 557.737976 128.036346 23.571045 58.448029 0.403384
840.000000 4.758793 127.865791 24.493698 60.813057 0.283080
840.000000 465.707153 142.266403 18.011963 45.338409 0.194640
840.000000 574.034180 132.686890 14.855957 36.619720 0.180385
840.000000 8.012513 129.138092 17.805279 39.753937 0.150239
840.000000 30.642036 130.459686 18.806145 39.837280 0.128398
840.000000 74.541504 183.651001 18.445038 44.561371 0.126659
840.000000 316.421661 193.175293 14.782776 33.585205 0.089436
840.000000 407.901306 164.575348 15.771729 36.668335 0.061977
840.000000 17.109694 137.395111 18.553171 35.784363 0.057762
840.000000 160.599609 142.777847 19.293701 44.217590 0.056645
840.000000 223.840775 178.627441 18.041382 38.621429 0.055580
840.000000 460.933319 139.520050 26.397522 72.957489 0.051482
840.000000 540.076294 173.074127 12.913818 31.541229 0.050246
870.000000 17.752802 176.836853 14.905031 36.329742 0.634644
870.000000 26.381769 178.043091 14.558393 33.691254 0.190752
870.000000 580.212952 161.096802 17.674927 42.470367 0.173553
870.000000 383.221405 146.419037 20.303772 48.294312 0.165485
870.000000 385.102539 168.943924 11.830505 28.583313 0.149538
870.000000 558.827881 170.409302 17.774536 42.390564 0.137412
870.000000 303.881348 64.904114 16.962769 41.399780 0.103940
870.000000 316.134277 178.070602 18.898193 46.346222 0.103141
870.000000 557.973206 173.519730 12.762573 31.223541 0.102973
870.000000 305.282440 192.092255 15.887146 36.333038 0.082068
870.000000 388.332214 164.823395 13.693359 30.953644 0.080676
870.000000 539.814941 157.516754 20.615601 55.445221 0.072462
870.000000 0.226741 176.884613 12.196398 37.844574 0.068764
870.000000 386.082825 146.816040 14.296448 34.102020 0.062676
870.000000 394.777344 153.875412 10.977905 27.084473 0.062351
870.000000 392.075134 155.636581 14.905212 36.854279 0.062099
870.000000 313.643402 197.945801 20.994202 53.367310 0.061737
870.000000 12.182091 178.591278 13.635918 34.314148 0.061565
870.000000 584.677124 161.914505 13.930298 29.154907 0.051758
870.000000 573.735413 157.715485 27.722900 66.212524 0.051380
900.000000 6.950742 181.176056 13.434116 30.731201 0.537159
900.000000 571.453613 168.428619 17.255127 44.472961 0.426709
900.000000 323.583191 180.039230 20.010315 46.035126 0.366370
900.000000 468.986572 115.425957 14.527710 33.467278 0.204787
900.000000 57.715034 178.676331 11.353806 27.294403 0.201718
900.000000 545.362366 152.725342 26.077271 65.262207 0.190845
900.000000 505.649658 129.351868 15.734253 38.562653 0.143360
900.000000 101.525284 183.277985 11.257843 30.523499 0.143173
900.000000 564.768860 166.433060 28.933228 67.153595 0.112239
900.000000 460.141052 117.683670 11.280518 26.827576 0.105456
900.000000 550.063599 154.414337 18.152710 46.451752 0.103543
900.000000 462.868073 112.678391 25.218750 61.456390 0.095661
900.000000 311.099457 66.605865 18.129272 45.345566 0.093074
900.000000 499.386322 129.226578 25.229889 65.940918 0.085745
900.000000 498.043976 136.627518 13.073792 31.181091 0.082173
900.000000 592.898682 176.784317 16.798950 37.891205 0.064493
900.000000 291.487244 69.100784 27.614563 65.006653 0.062654
900.000000 27.581635 182.880875 12.666306 29.494263 0.058711
900.000000 487.915253 192.513306 18.639465 44.452179 0.052661
900.000000 488.791687 128.420990 18.469360 44.314789 0.051645
900.000000 593.883911 122.009537 26.994141 65.363312 0.050367
930.000000 46.462875 182.318649 12.672157 25.469147 0.742634
930.000000 20.001133 180.829086 13.894978 32.781219 0.317691
930.000000 104.802162 174.235962 10.761948 26.265839 0.147943
930.000000 297.281891 100.953690 39.737000 91.530243 0.146714
930.000000 193.826492 178.664337 15.828888 36.947876 0.111074
930.000000 119.163322 169.653046 13.339577 31.368561 0.110852
930.000000 323.885162 74.122383 15.624939 36.383850 0.100793
930.000000 577.767700 174.672363 19.941040 47.492096 0.094892
930.000000 509.197235 141.887268 13.008148 30.311584 0.068483
930.000000 14.605853 182.556381 13.915051 32.689972 0.065856
930.000000 26.717087 177.344284 12.436295 28.243134 0.065039
930.000000 626.881348 177.913864 13.109131 44.673096 0.060773
930.000000 603.505981 167.561310 16.018433 39.750763 0.057435
930.000000 305.339661 76.215576 23.489136 53.119812 0.056038
930.000000 613.717346 166.240021 16.889771 42.139832 0.055329
930.000000 562.307495 152.103943 29.711182 71.460968 0.051485
960.000000 35.412598 185.713333 12.899292 26.914642 0.753110
960.000000 141.570770 177.220917 11.756958 29.200500 0.377112
960.000000 341.169067 188.342422 16.301331 34.841888 0.345970
960.000000 604.303467 116.430420 17.078613 41.424622 0.316413
960.000000 606.618408 176.340439 19.961426 49.425354 0.310679
960.000000 12.133884 181.011871 14.354656 35.231262 0.276930
960.000000 483.391663 154.514374 14.491760 35.194305 0.127130
960.000000 386.444214 175.819992 10.962280 27.829529 0.120618
960.000000 156.757782 147.430710 18.063416 45.763611 0.119008
960.000000 194.823669 152.557327 17.526062 40.482666 0.104042
960.000000 137.921295 175.604172 11.847015 25.570068 0.102711
960.000000 305.151825 95.820129 39.576050 100.481750 0.099664
960.000000 413.466309 174.027161 13.337891 33.592377 0.097953
960.000000 109.149475 183.339508 9.211578 22.377014 0.085688
960.000000 96.738304 174.839859 12.593750 29.115479 0.083430
960.000000 133.073105 181.541672 9.500580 22.118958 0.081153
960.000000 189.657303 152.915665 16.666748 39.578217 0.077318
960.000000 26.197084 177.346695 13.906889 28.486053 0.070147
960.000000 205.149597 153.797363 13.118652 32.400543 0.067939
960.000000 213.601456 161.085632 13.561829 33.070374 0.065334
960.000000 132.817139 173.576111 12.641846 27.326416 0.062453
960.000000 330.072510 197.303741 15.857300 34.667542 0.060165
960.000000 602.618896 114.093971 25.343262 56.377220 0.057982
960.000000 439.090485 7.926266 18.484680 42.658657 0.051558
990.000000 320.974640 192.501648 14.079956 32.857849 0.537817
990.000000 384.794891 172.357697 13.856567 34.444305 0.429039
990.000000 435.571381 169.737869 14.803528 30.968811 0.391157
990.000000 498.066589 159.757828 16.866516 40.516785 0.350536
990.000000 226.049118 182.432983 13.913269 33.468323 0.327936
990.000000 429.259125 167.518051 21.237732 49.743042 0.292485
990.000000 318.295898 191.214630 18.910156 50.394287 0.258989
990.000000 170.591309 137.529144 17.164307 41.571411 0.237073
990.000000 394.520050 179.112503 11.776184 28.328857 0.225925
990.000000 94.848251 186.836960 10.634689 24.476349 0.205084
990.000000 206.185867 163.790283 14.432312 34.300415 0.199482
990.000000 22.692139 191.706100 13.518967 28.400909 0.199412
990.000000 493.950317 158.169098 23.981995 59.939240 0.194348
990.000000 399.855804 179.142136 10.936890 27.632690 0.146276
990.000000 165.617722 136.199799 25.979156 62.801758 0.144356
990.000000 108.827171 178.479706 13.807053 32.023895 0.142170
990.000000 482.724548 175.438980 13.312805 32.062714 0.121637
990.000000 403.536743 175.579697 13.146118 31.586548 0.108191
990.000000 430.747620 168.322205 14.707031 34.182404 0.102934
990.000000 311.213409 200.437790 14.631287 33.923950 0.098373
990.000000 132.747421 179.569061 13.499207 32.986267 0.096652
990.000000 491.467072 167.625504 12.115051 28.430573 0.095597
990.000000 163.226410 152.591309 18.353729 44.887970 0.090479
990.000000 381.936279 180.728729 12.832642 28.984009 0.083781
990.000000 197.537857 162.923065 15.176849 35.647308 0.082773
990.000000 136.699203 177.534058 12.987762 30.681580 0.076143
990.000000 147.355820 180.078873 12.067993 28.630676 0.060580
990.000000 204.236954 172.931427 12.135376 28.895905 0.055901
990.000000 424.146210 174.144287 10.766235 29.606995 0.053901
1020.000000 6.866083 190.016403 12.990635 33.145020 0.609313
1020.000000 440.668243 168.065460 18.892761 45.063751 0.550857
1020.000000 0.000000 189.850433 10.907112 37.553009 0.412732
1020.000000 291.080475 193.755920 14.676331 33.112793 0.373825
1020.000000 420.663666 178.427780 14.366516 34.888641 0.315198
1020.000000 225.859116 186.614731 14.992828 35.078522 0.290331
1020.000000 532.316772 154.993057 14.684937 34.809937 0.210512
1020.000000 389.242462 183.028152 11.655151 29.640015 0.207796
1020.000000 2.748720 192.019867 11.616787 29.637848 0.206621
1020.000000 91.588913 185.164490 12.057022 28.649963 0.180034
1020.000000 80.415787 149.550476 25.414795 61.650665 0.176150
1020.000000 329.799927 160.852097 13.953491 35.098633 0.150048
1020.000000 570.508911 141.452560 30.846436 76.693176 0.148792
1020.000000 603.592102 217.195770 31.163940 70.513702 0.144510
1020.000000 399.172760 185.040314 10.100525 24.282043 0.137216
1020.000000 132.921036 181.481766 14.114746 33.654999 0.128898
1020.000000 434.022766 180.831696 12.110474 30.049622 0.113401
1020.000000 150.151184 147.193542 26.574951 69.793121 0.107746
1020.000000 492.743347 176.626785 13.711792 32.963318 0.100277
1020.000000 409.127411 178.870285 11.958252 30.669434 0.095001
1020.000000 499.126099 178.625595 15.926392 37.029816 0.091426
1020.000000 83.997002 189.154892 10.773834 23.101807 0.087029
1020.000000 528.879028 156.070496 21.745361 58.120117 0.085071
1020.000000 404.876953 185.117264 10.515991 24.821045 0.066944
1020.000000 393.272308 184.309036 9.970276 25.491302 0.060938
1020.000000 288.080383 193.964310 19.979980 50.197449 0.060913
1020.000000 87.767570 188.665146 10.837784 24.912994 0.054307
1020.000000 9.570051 184.262466 15.704811 33.689331 0.053286
1020.000000 269.588898 124.582169 20.362122 48.023041 0.052829
1050.000000 408.444519 177.660568 12.518311 32.184235 0.417119
1050.000000 436.185150 183.543976 14.652466 36.035004 0.268049
1050.000000 23.947262 177.197784 18.935966 46.021423 0.260901
1050.000000 134.432571 149.140442 18.905548 44.290192 0.210620
1050.000000 16.485884 184.654785 14.130379 31.337158 0.199786
1050.000000 393.594116 181.180267 12.338867 31.989197 0.198047
1050.000000 423.620972 177.376221 13.022949 30.949341 0.195619
1050.000000 145.575592 161.149139 15.383820 37.199005 0.181661
1050.000000 357.097778 187.014786 11.931152 27.407928 0.179270
1050.000000 151.201370 151.300079 17.924438 45.625305 0.156740
1050.000000 429.053955 183.427521 13.226624 31.041595 0.154570
1050.000000 127.859047 149.186630 27.757866 70.285034 0.135938
1050.000000 531.575989 176.089111 14.609253 34.864014 0.131728
1050.000000 390.251740 184.641251 11.664490 28.309143 0.121131
1050.000000 423.453888 181.026764 17.035217 41.700928 0.111798
1050.000000 120.256027 158.207397 19.306091 47.784149 0.108172
1050.000000 138.843460 161.013474 19.615295 47.888855 0.094905
1050.000000 250.808807 192.826202 15.657654 35.462219 0.094219
1050.000000 54.267006 183.069855 13.100761 30.749695 0.091293
1050.000000 397.837677 183.909164 10.946411 28.542328 0.090550
1050.000000 201.420883 158.023361 28.420990 67.179138 0.074627
1050.000000 404.045807 181.067215 12.584534 29.393127 0.070257
1050.000000 73.107033 188.185776 13.654984 30.897430 0.067894
1050.000000 125.339539 149.460678 21.633789 54.110626 0.066522
1050.000000 450.246613 170.666092 12.618591 31.384369 0.064724
1050.000000 77.435532 183.906204 13.317612 32.855804 0.064615
1050.000000 217.090775 151.320374 16.771942 39.033997 0.062687
1050.000000 155.654892 144.533463 20.431152 52.707001 0.062225
1050.000000 225.871246 131.298981 25.275635 68.157867 0.057680
1050.000000 508.797272 170.012680 15.294281 35.439636 0.050716
1080.000000 446.286285 176.768555 12.741821 31.741852 0.598764
1080.000000 610.688110 179.565826 25.530029 54.525299 0.590677
1080.000000 389.309998 181.544861 10.321045 25.422424 0.506614
1080.000000 410.935150 172.062057 13.476440 36.853149 0.435519
1080.000000 426.469269 172.699585 9.671326 28.135956 0.386456
1080.000000 437.180969 179.977737 12.123047 29.945709 0.386395
1080.000000 395.468628 180.477615 12.984009 31.545013 0.359638
1080.000000 25.680248 184.987305 13.569946 30.178009 0.304809
1080.000000 483.556030 178.690414 15.581116 37.602692 0.256350
1080.000000 402.973999 176.757675 12.830261 32.064178 0.256303
1080.000000 608.093079 177.049744 30.991821 90.857330 0.246467
1080.000000 572.453857 65.788452 15.494385 35.174072 0.241830
1080.000000 204.169876 188.744125 13.231110 28.291229 0.214799
1080.000000 143.234680 182.876678 13.995148 33.036194 0.206284
1080.000000 347.963013 184.936661 12.392761 30.978058 0.200123
1080.000000 386.054993 180.411606 10.005676 25.421234 0.138382
1080.000000 128.571075 177.392212 14.215057 32.748810 0.130271
1080.000000 7.767316 189.299683 12.417654 31.245392 0.129643
1080.000000 624.064270 179.319046 15.812134 51.331024 0.127826
1080.000000 89.329460 146.296143 16.510300 37.850983 0.122526
1080.000000 176.325623 149.991852 18.979675 44.492737 0.108946
1080.000000 616.494019 180.319214 16.665405 40.100098 0.107916
1080.000000 394.662231 179.708618 9.455750 24.295746 0.099690
1080.000000 155.392471 155.464386 26.666077 64.564423 0.093496
1080.000000 450.021301 177.080017 12.673889 27.715729 0.079900
1080.000000 460.686523 187.860931 15.492615 38.909943 0.075426
1080.000000 455.321716 180.015747 10.313416 23.836060 0.068126
1080.000000 432.697266 178.722412 10.224731 22.907562 0.067836
1080.000000 421.647583 175.926971 10.200989 23.423340 0.066923
1080.000000 48.541756 181.090866 13.880333 33.042084 0.065941
1080.000000 125.242371 170.341599 23.884155 56.419678 0.063830
1080.000000 103.362831 150.590744 17.669388 41.643372 0.058185
1080.000000 53.979031 181.239700 12.964138 32.030396 0.051333
1080.000000 183.323654 155.232513 18.396973 42.099335 0.050618
1110.000000 442.853943 177.915344 13.494934 32.692261 0.834225
1110.000000 454.482422 172.979645 12.530640 28.933746 0.639271
1110.000000 423.515503 171.677429 11.230713 26.557098 0.415583
1110.000000 0.721693 136.118134 22.465094 71.573151 0.351702
1110.000000 75.358437 129.298126 16.219086 38.228455 0.261440
1110.000000 339.993225 174.184891 12.602356 30.732391 0.205282
1110.000000 57.847836 149.292587 20.209919 48.491302 0.195095
1110.000000 146.536346 189.431122 15.235779 38.915009 0.185036
1110.000000 30.588699 143.485626 15.254539 38.617004 0.179022
1110.000000 73.152557 127.964577 22.178757 56.769630 0.175380
1110.000000 68.640091 146.161118 16.420700 41.084290 0.139210
1110.000000 112.018517 161.140808 19.646111 51.697906 0.131499
1110.000000 450.948517 173.682541 16.950317 43.139526 0.129724
1110.000000 316.411163 153.275269 14.242920 34.875549 0.128238
1110.000000 542.966797 172.952179 17.311401 40.402466 0.125254
1110.000000 447.320343 177.952805 11.943542 28.763763 0.121249
1110.000000 101.813469 155.033722 25.442596 59.154633 0.121109
1110.000000 411.824341 181.433105 10.848877 26.048431 0.119674
1110.000000 145.742157 154.587799 16.742035 41.946136 0.115544
1110.000000 503.871307 180.339523 18.501617 44.283356 0.110463
1110.000000 124.908920 163.877914 15.372070 35.546844 0.105442
1110.000000 526.050842 175.227310 18.508179 46.094513 0.103973
1110.000000 389.071075 169.755051 12.145935 29.500580 0.077770
1110.000000 115.510963 158.589401 14.747688 36.007538 0.070315
1110.000000 583.623596 143.373520 27.899902 63.736176 0.061626
1110.000000 14.128611 146.645798 21.854811 50.518585 0.059550
1110.000000 538.723450 170.651260 24.756836 56.623413 0.055941
1110.000000 390.486877 176.439331 12.886047 32.597015 0.051892
1110.000000 427.554810 175.911880 10.134521 22.728455 0.051340
1140.000000 454.477844 172.719193 14.820740 35.326965 0.890305
1140.000000 595.045898 171.848938 16.868164 42.663361 0.609835
1140.000000 424.505127 167.107681 11.859253 26.792999 0.593327
1140.000000 429.114441 167.542526 11.425232 27.336792 0.511897
1140.000000 12.796604 111.373100 30.589714 65.887123 0.507258
1140.000000 391.807434 171.694107 11.128418 26.384308 0.449893
1140.000000 385.413086 173.373795 9.961182 24.024933 0.276526
1140.000000 589.714661 171.167816 24.410034 63.630829 0.274463
1140.000000 80.577240 109.049767 24.382462 54.291435 0.251130
1140.000000 406.135345 169.557343 15.151123 37.191376 0.226916
1140.000000 0.000000 96.575470 31.484922 96.415955 0.201884
1140.000000 83.173622 134.095581 25.459534 62.177032 0.194075
1140.000000 47.591248 131.487411 32.322662 88.594849 0.178163
1140.000000 408.178375 167.972153 10.267944 24.112793 0.164236
1140.000000 139.442108 125.531967 13.687134 32.395233 0.157973
1140.000000 577.171814 192.537918 21.701538 49.546722 0.144671
1140.000000 83.355087 109.743652 15.951508 37.918976 0.136574
1140.000000 67.877029 133.151947 27.154037 63.225067 0.133794
1140.000000 99.457336 188.712967 16.411865 37.520508 0.119898
1140.000000 412.984833 167.995300 10.967651 25.269806 0.104916
1140.000000 95.455399 129.244324 27.719055 68.761810 0.095482
1140.000000 395.982819 172.257187 11.672791 28.376953 0.094058
1140.000000 78.760681 148.316376 22.345688 49.312500 0.092041
1140.000000 609.641785 194.504501 29.064941 73.437943 0.088419
1140.000000 87.543846 132.456787 18.267975 42.258301 0.084134
1140.000000 72.407677 112.334602 33.262863 82.253624 0.083511
1140.000000 412.546417 168.164413 16.102051 38.031586 0.077889
1140.000000 401.675110 171.997742 12.205750 30.340332 0.075328
1140.000000 466.694489 173.924362 10.969971 24.768311 0.070410
1140.000000 333.655945 176.884140 13.505859 33.406342 0.070323
1140.000000 102.651031 134.388428 17.331116 41.597229 0.062271
1140.000000 5.829271 95.592331 20.569309 46.093658 0.059199
1140.000000 49.232422 136.049225 22.514221 50.585846 0.057562
1140.000000 80.181793 130.173828 36.858185 93.924133 0.057341
1140.000000 558.340515 175.012405 15.691284 38.788177 0.056413
1140.000000 577.385376 194.946411 15.263062 34.188995 0.055958
1140.000000 28.921049 117.654892 20.119608 46.749756 0.053913
1140.000000 154.369904 180.967499 15.853363 37.768219 0.051261
1170.000000 474.158691 169.932053 17.787598 43.046326 0.952115
1170.000000 411.931183 164.040817 17.864258 44.017975 0.419367
1170.000000 397.165802 172.366623 10.732910 25.554810 0.383845
1170.000000 389.662659 171.221573 11.453796 27.059753 0.372045
1170.000000 425.200897 168.854340 17.463440 40.451660 0.348147
1170.000000 326.887238 171.978806 13.655945 33.337555 0.327573
1170.000000 45.068306 131.915619 26.595451 63.055847 0.254009
1170.000000 1.121405 142.304062 18.452538 49.745575 0.210183
1170.000000 181.751373 168.722885 11.041595 24.677368 0.200690
1170.000000 77.619507 107.926086 13.775986 33.636597 0.165236
1170.000000 129.424301 115.029861 15.085663 34.653412 0.159032
1170.000000 58.397015 104.871414 14.006237 34.645172 0.149235
1170.000000 439.213287 169.472855 11.751404 24.779053 0.137527
1170.000000 417.773926 166.390991 17.623901 42.840637 0.125041
1170.000000 412.122772 164.580582 13.039062 29.850281 0.117353
1170.000000 151.552048 158.128433 19.826599 48.082703 0.116191
1170.000000 0.000000 112.634865 30.646416 131.693604 0.115056
1170.000000 37.501930 118.970558 17.421333 41.781639 0.086304
1170.000000 73.406052 106.457115 20.396881 52.821312 0.085351
1170.000000 22.039185 130.387482 33.419655 86.987396 0.081700
1170.000000 48.157951 107.578888 32.741013 86.096283 0.078818
1170.000000 78.905746 124.239456 18.622787 47.016418 0.073016
1170.000000 184.441483 168.281265 12.509674 29.722778 0.071990
1170.000000 408.103821 165.571243 13.985657 34.770569 0.070935
1170.000000 422.529877 168.278412 12.092163 29.154541 0.067112
1170.000000 209.263168 158.657089 12.351471 30.520966 0.063548
1170.000000 82.705368 106.953140 16.647552 39.248901 0.063069
1170.000000 188.084351 173.482193 12.006622 27.005219 0.056906
1170.000000 337.962189 173.959290 10.846497 25.890747 0.050864
1170.000000 183.832458 155.053543 13.484924 34.217163 0.050054
1200.000000 518.960510 157.612000 22.430542 57.189819 0.948018
1200.000000 416.999176 163.922836 10.757812 28.508575 0.653679
1200.000000 404.724518 165.916946 9.838989 25.841949 0.505945
1200.000000 433.068207 157.763168 15.268860 37.118652 0.491104
1200.000000 409.895782 163.794205 11.916565 28.251221 0.411711
1200.000000 442.987671 165.858673 17.856445 41.273010 0.390168
1200.000000 335.423401 166.069107 12.386353 31.692291 0.327914
1200.000000 397.307312 155.306671 13.869141 34.962341 0.309707
1200.000000 12.595567 131.038940 20.577904 51.233429 0.266767
1200.000000 428.747528 159.139893 14.340393 36.177673 0.261262
1200.000000 426.378571 159.376450 11.080261 28.037079 0.172123
1200.000000 37.717648 122.008286 30.678127 69.051697 0.164691
1200.000000 28.243734 112.834732 14.846399 35.529236 0.151520
1200.000000 460.782043 167.129303 16.984375 40.704926 0.139186
1200.000000 3.070894 102.363792 20.877123 51.984901 0.117678
1200.000000 44.177391 95.264664 35.186722 89.310150 0.107514
1200.000000 16.982861 124.426865 31.392509 76.646790 0.107489
1200.000000 398.715546 167.930710 9.595032 23.562927 0.101113
1200.000000 4.874767 123.573334 30.773434 82.900482 0.100441
1200.000000 620.458984 184.963928 14.355835 34.560974 0.086231
1200.000000 0.000000 92.097443 24.736679 91.739349 0.078323
1200.000000 51.797241 141.656967 20.786163 49.633057 0.077854
1200.000000 9.623949 104.966873 14.355042 37.010742 0.075025
1200.000000 27.224480 112.679405 20.909462 52.736046 0.065561
1200.000000 226.031311 170.952133 11.151123 27.922241 0.063439
1200.000000 438.661957 158.226822 13.803772 32.808716 0.063373
1200.000000 445.635010 155.755692 12.183899 31.366577 0.057416
1200.000000 421.275360 161.418228 12.166809 30.613647 0.055336
1200.000000 159.796143 171.865158 11.116394 28.065704 0.051650
1200.000000 10.694814 106.128387 20.741932 50.274078 0.051451
1230.000000 582.399170 128.404190 33.129761 80.205688 0.992129
1230.000000 483.396790 124.910355 28.441284 68.221039 0.881702
1230.000000 465.450775 131.085648 15.095764 35.757904 0.866116
1230.000000 428.610260 136.692078 15.529968 35.972595 0.659065
1230.000000 442.128113 134.626862 13.372559 31.629303 0.648202
1230.000000 421.589783 138.449631 14.789368 34.703552 0.645613
1230.000000 447.832367 132.788025 13.776672 34.205383 0.535300
1230.000000 409.008820 142.068024 13.165344 29.452728 0.489541
1230.000000 475.539307 133.628571 13.818054 32.221558 0.399911
1230.000000 461.256104 132.708725 13.237671 32.816284 0.284430
1230.000000 169.922791 150.336395 12.969879 31.664642 0.235923
1230.000000 485.656860 128.818497 17.905457 42.158173 0.227821
1230.000000 416.225128 140.834656 13.963318 32.655365 0.221334
1230.000000 480.310638 134.068100 13.605164 33.110382 0.180040
1230.000000 0.067511 102.665253 13.855637 56.265778 0.176162
1230.000000 491.970032 122.358078 28.831726 73.811829 0.155277
1230.000000 472.370209 133.413269 23.188171 56.610382 0.152724
1230.000000 25.211498 88.640762 30.082855 75.514923 0.118778
1230.000000 12.362289 79.860321 15.829571 38.162430 0.107743
1230.000000 139.402512 133.805969 14.145721 36.625397 0.102065
1230.000000 436.803192 135.257782 15.977600 36.762451 0.092206
1230.000000 33.458618 89.576385 15.435410 34.202332 0.078369
1230.000000 332.236023 140.568237 12.431824 26.942261 0.064305
1230.000000 60.955456 153.701096 18.232700 42.732788 0.056362
1230.000000 77.738205 91.280304 14.364487 33.951355 0.053180
1230.000000 454.253235 136.356522 13.929321 33.107269 0.051930
1230.000000 458.220886 132.877609 10.676636 26.820435 0.051880
1260.000000 475.331055 131.996552 18.669800 45.386261 0.974900
1260.000000 516.072266 138.405731 15.939453 37.429840 0.935110
1260.000000 430.946747 144.398102 14.535217 34.562408 0.918972
1260.000000 451.507355 142.415009 17.682739 41.068024 0.883140
1260.000000 508.199341 135.159821 17.472046 40.897217 0.846719
1260.000000 13.356380 79.508041 34.525372 82.071884 0.779825
1260.000000 485.200287 135.004715 16.930908 41.111450 0.679029
1260.000000 545.146240 133.550583 18.618774 44.850128 0.666432
1260.000000 443.007904 146.422958 15.091248 34.727936 0.587297
1260.000000 467.160675 135.393723 14.642456 35.384003 0.579902
1260.000000 541.325867 135.576767 15.156738 37.859894 0.443791
1260.000000 459.488922 148.479996 14.070984 34.305847 0.387891
1260.000000 541.719727 128.945724 25.102173 68.485748 0.322433
1260.000000 490.757111 138.111725 16.427795 36.402252 0.267756
1260.000000 495.642914 135.458084 18.839508 44.165588 0.229660
1260.000000 532.698792 143.564117 10.146729 28.401794 0.196002
1260.000000 46.967930 73.321060 26.802013 68.874023 0.166578
1260.000000 38.690884 36.670387 16.559128 37.926048 0.141947
1260.000000 52.462166 149.904800 19.587624 44.463257 0.135434
1260.000000 50.081142 87.170135 19.460384 46.603729 0.131489
1260.000000 537.495300 144.499252 15.931885 37.697296 0.128064
1260.000000 153.676270 110.890778 15.245544 36.561615 0.122521
1260.000000 144.098160 113.180023 13.682770 32.083527 0.119433
1260.000000 378.482086 143.477448 12.350403 29.566467 0.117842
1260.000000 533.415283 144.989456 14.468506 34.492493 0.109784
1260.000000 34.345520 35.468559 15.169724 34.764236 0.101311
1260.000000 5.924595 87.790108 26.653725 68.701714 0.100313
1260.000000 436.347473 140.256104 12.055237 29.222198 0.098886
1260.000000 523.352356 141.244095 12.321533 33.269531 0.098857
1260.000000 66.388779 79.451187 18.243515 41.066925 0.094533
1260.000000 53.897011 74.255447 16.390633 38.931168 0.083976
1260.000000 441.389648 140.677185 12.537109 29.899353 0.073075
1260.000000 77.401413 81.280823 15.013992 35.809982 0.066790
1260.000000 590.491516 94.645599 48.366577 135.514313 0.055413
1290.000000 453.920074 148.564499 20.784119 47.958313 0.977783
1290.000000 530.219727 138.003494 23.925049 55.361694 0.962650
1290.000000 489.818604 151.853424 23.315063 55.160797 0.959284
1290.000000 506.156555 139.175674 22.704468 55.625458 0.943548
1290.000000 471.826691 149.030975 21.990601 51.668335 0.888704
1290.000000 550.785034 146.489960 20.164795 47.514526 0.880000
1290.000000 542.524109 142.439926 21.710449 50.831238 0.807340
1290.000000 608.226807 153.662506 17.913940 39.969666 0.504374
1290.000000 522.795471 145.779114 17.287476 42.204620 0.383416
1290.000000 546.071167 144.508911 13.119019 34.819519 0.175034
1290.000000 442.393829 158.611313 13.622559 31.789642 0.165961
1290.000000 472.597443 145.008942 16.932861 39.516846 0.165535
1290.000000 470.385101 157.161896 13.409363 31.259705 0.136138
1290.000000 585.134460 161.432343 12.553711 29.597351 0.109599
1290.000000 59.531647 55.083015 26.677460 56.516937 0.097013
1290.000000 0.199006 72.694427 15.530442 45.548019 0.093293
1290.000000 500.629700 158.056793 19.364624 47.509613 0.089165
1290.000000 515.387085 142.553223 16.000610 38.866516 0.080401
1290.000000 533.321777 138.523651 15.408325 39.519257 0.076043
1290.000000 539.186340 145.653992 14.991577 37.983643 0.072850
1290.000000 489.433502 156.244873 16.095520 40.609192 0.061573
1290.000000 579.254639 159.845871 17.257324 37.138123 0.059829
1290.000000 459.994904 149.314499 14.181763 31.686584 0.059816
1290.000000 454.324677 148.333511 14.969116 33.285706 0.059166
1290.000000 590.760986 162.565002 11.987305 31.498962 0.059006
1290.000000 526.002258 144.428589 12.149414 30.088226 0.056214
1290.000000 521.231628 144.117828 10.172119 27.477692 0.054978
1320.000000 508.672455 150.253540 23.379791 57.138733 0.977826
1320.000000 575.814819 143.572815 35.490845 85.167236 0.977032
1320.000000 559.102905 133.119781 29.125122 72.404297 0.935795
1320.000000 593.767639 130.502670 27.138672 65.488403 0.802069
1320.000000 530.840149 148.426468 27.091431 64.189087 0.654435
1320.000000 492.932068 148.128433 14.631653 34.463654 0.644820
1320.000000 620.073975 140.270065 19.511353 60.309692 0.566700
1320.000000 540.581360 147.863464 29.623291 68.344116 0.457786
1320.000000 502.213165 147.464630 12.253510 29.618896 0.260305
1320.000000 515.238342 144.167404 13.692749 32.667877 0.250667
1320.000000 606.996521 130.909256 24.760132 65.814880 0.245896
1320.000000 589.120300 152.631531 28.384277 72.850189 0.222726
1320.000000 610.211304 135.752609 18.040649 44.104645 0.159174
1320.000000 455.149872 143.022476 14.189392 35.161743 0.109349
1320.000000 573.306213 138.939362 22.530029 55.575623 0.104949
1320.000000 625.014893 135.772110 14.824341 44.494965 0.104189
1320.000000 620.240112 167.646698 15.422241 34.511444 0.102522
1320.000000 487.019958 146.784180 21.048706 49.065948 0.088436
1320.000000 597.573486 131.436523 18.130493 40.292542 0.076551
1320.000000 613.177246 131.828354 12.391113 31.048065 0.074907
1320.000000 459.771240 139.557266 15.255737 36.694977 0.062593
1320.000000 518.139832 156.568909 13.539673 32.674286 0.060751
1320.000000 577.895691 139.185593 14.565063 34.856293 0.059314
1320.000000 498.046509 145.358490 18.303284 44.641479 0.054708
1320.000000 601.917908 185.621170 16.473511 40.528809 0.053004
1320.000000 588.014282 143.108215 12.743774 27.242767 0.052165
1320.000000 613.453735 149.077271 20.331177 54.408203 0.050122
1350.000000 558.884338 151.892075 18.644043 45.656433 0.769459
1350.000000 597.550476 171.079086 28.723145 69.333771 0.619648
1350.000000 548.529663 157.366577 15.605713 36.934723 0.386076
1350.000000 539.343506 160.496246 16.996216 38.225708 0.250718
1350.000000 536.953247 157.479889 14.334839 33.223328 0.186004
1350.000000 517.391357 156.997482 12.234253 28.713226 0.117326
1350.000000 545.968506 158.907181 12.679688 30.323914 0.109430
1350.000000 533.202515 158.440094 27.961426 61.705444 0.104990
1350.000000 455.198456 171.642166 10.968933 27.568542 0.095635
1350.000000 130.718796 169.070496 12.136780 30.793884 0.075877
1350.000000 563.046875 150.080032 11.006226 25.383362 0.075494
1350.000000 474.763550 159.526199 18.040039 46.307526 0.075456
1350.000000 513.996521 155.945892 22.900879 59.178864 0.068375
1350.000000 119.291206 171.349274 17.377144 43.302399 0.067527
1350.000000 448.580139 169.181015 11.639587 29.920013 0.063655
1350.000000 133.664551 170.446671 13.176514 33.733490 0.061649
1350.000000 543.498474 155.938782 24.741577 53.451141 0.061480
1350.000000 465.518433 170.965866 16.520203 38.056458 0.061144
1350.000000 540.200012 0.444590 17.942993 36.523735 0.057250
1350.000000 521.074951 158.263260 14.415039 33.826965 0.050557
1380.000000 589.981812 152.608734 24.239258 59.022034 0.889386
1380.000000 482.413574 175.496902 15.527039 37.121338 0.885525
1380.000000 505.178436 167.305542 21.180328 50.678955 0.699757
1380.000000 512.718567 176.497940 17.105103 42.271210 0.399244
1380.000000 502.854736 171.468216 12.338806 30.391541 0.289457
1380.000000 617.311462 154.729156 22.417969 70.281586 0.258618
1380.000000 501.082123 171.494934 18.089508 42.818695 0.223537
1380.000000 584.952637 151.418884 34.153198 85.883606 0.205281
1380.000000 624.891968 154.284866 15.002319 51.445892 0.194735
1380.000000 605.198975 153.404663 34.543945 91.446899 0.176513
1380.000000 430.027222 156.615173 12.722961 32.330933 0.175198
1380.000000 517.847534 178.056213 12.455811 30.112396 0.167398
1380.000000 557.008972 175.661316 17.448364 40.386444 0.136814
1380.000000 602.681213 164.642700 15.010010 35.306946 0.128710
1380.000000 508.173950 169.312210 15.698975 33.304291 0.106835
1380.000000 81.228516 173.131531 19.746292 46.927185 0.104686
1380.000000 583.231812 183.704895 15.993652 37.689484 0.097396
1380.000000 583.172119 185.005524 21.966919 56.978119 0.084680
1380.000000 593.292969 153.259186 17.747437 36.036499 0.083097
1380.000000 531.399780 180.564438 17.058105 41.010132 0.079658
1380.000000 88.318871 175.251938 15.332123 38.097992 0.079079
1380.000000 408.455200 169.239441 12.872986 29.795349 0.075310
1380.000000 454.246735 176.918076 15.237671 35.995483 0.070972
1380.000000 607.098267 155.573868 18.042725 45.748932 0.065381
1380.000000 77.321251 169.777283 17.641647 44.070435 0.064759
1380.000000 419.446716 167.949768 14.999084 33.952606 0.059751
1380.000000 598.886658 160.526825 22.365723 56.780975 0.059619
1380.000000 622.637329 155.050919 12.352661 29.967499 0.058812
1380.000000 414.099396 154.700836 12.557434 32.237671 0.051891
1380.000000 610.272095 158.120422 24.059448 57.590637 0.051114
1410.000000 533.691650 169.088013 24.424438 58.730591 0.898041
1410.000000 588.508972 191.076721 20.495605 48.817291 0.522304
1410.000000 527.224365 175.424637 17.114258 41.427979 0.500203
1410.000000 565.898132 174.287567 22.360474 57.189575 0.362644
1410.000000 84.790054 175.908524 13.954941 34.407196 0.263705
1410.000000 548.761719 179.415482 18.555298 47.423279 0.244722
1410.000000 526.527771 143.108429 31.881226 80.217743 0.230820
1410.000000 422.435425 166.618347 12.804871 30.059113 0.223729
1410.000000 568.533936 172.800903 15.098267 35.653870 0.216762
1410.000000 27.636997 126.721733 20.654129 51.240669 0.213848
1410.000000 137.834641 182.886566 9.835144 26.906281 0.144735
1410.000000 361.087372 173.723221 18.011353 42.907166 0.126250
1410.000000 549.542542 178.996887 12.791382 29.017731 0.114548
1410.000000 34.391090 119.499474 15.612679 37.744728 0.111256
1410.000000 24.224678 121.884949 29.547508 78.545227 0.109539
1410.000000 92.344719 181.095551 14.887222 36.397156 0.102774
1410.000000 52.134960 150.165558 14.794880 35.860321 0.101999
1410.000000 107.156677 170.836960 11.805374 30.979767 0.092359
1410.000000 144.686340 184.154633 9.097046 22.578583 0.088869
1410.000000 106.765900 179.885757 14.235825 33.380463 0.087205
1410.000000 556.058716 180.387695 18.397339 46.118439 0.076830
1410.000000 81.729034 172.710785 22.115387 52.019836 0.076001
1410.000000 621.069580 181.014969 17.771240 50.269867 0.073468
1410.000000 608.941589 186.209274 18.638306 48.314209 0.066938
1410.000000 466.549835 155.763626 16.747681 41.831909 0.060023
1410.000000 188.342102 174.235123 10.614929 26.702576 0.056896
1410.000000 614.619812 176.525528 24.942017 73.593689 0.055644
1440.000000 616.448792 174.818146 23.362061 76.247620 0.805054
1440.000000 598.506836 177.541885 14.313721 35.859283 0.494761
1440.000000 62.343689 171.619797 18.631165 45.398438 0.310625
1440.000000 580.580505 193.644455 16.528564 40.594086 0.242943
1440.000000 427.659698 161.927124 11.928406 29.032959 0.213663
1440.000000 586.105469 181.963364 12.805298 31.320282 0.178517
1440.000000 606.774353 185.463486 14.480713 37.122101 0.176492
1440.000000 614.184631 180.765289 13.471558 40.593658 0.174281
1440.000000 618.785889 177.216614 16.908691 51.400879 0.149697
1440.000000 65.748833 171.805923 13.685883 30.673767 0.122760
1440.000000 58.542492 171.402344 27.077801 65.063782 0.118324
1440.000000 111.249924 173.614883 15.528198 38.789032 0.104087
1440.000000 450.961121 176.863861 16.318665 40.182007 0.094568
1440.000000 608.641785 179.370789 23.593262 52.756226 0.080912
1440.000000 356.763245 163.926636 14.702393 35.947937 0.080703
1440.000000 433.176453 177.561325 13.829834 32.744781 0.078337
1440.000000 441.939362 185.555664 15.896667 34.615875 0.077628
1440.000000 439.470642 176.951004 11.644958 27.931763 0.071796
1440.000000 419.144165 166.895615 12.649231 31.311951 0.070595
1440.000000 442.891998 170.718857 11.920410 28.114563 0.070063
1440.000000 623.150024 180.059952 16.408569 40.120697 0.067056
1440.000000 578.678711 184.359482 22.586426 61.227203 0.063122
1440.000000 55.537437 173.032455 19.698898 45.632812 0.056153
1440.000000 109.210083 172.428253 12.371719 32.180786 0.053927
1470.000000 563.375061 171.704254 16.829834 37.889221 0.386556
1470.000000 594.879272 147.743927 18.532837 45.116760 0.284450
1470.000000 420.052368 160.947754 12.147583 28.929565 0.279657
1470.000000 385.083557 178.352341 12.137939 29.870483 0.188185
1470.000000 121.931473 177.841827 10.758759 24.619141 0.183372
1470.000000 429.487091 160.417725 14.384949 34.985718 0.175162
1470.000000 557.004639 166.107971 26.347656 61.817932 0.163675
1470.000000 589.422791 147.746429 30.584351 75.779022 0.120009
1470.000000 477.481995 179.870819 13.053711 32.366913 0.114261
1470.000000 185.502289 175.154465 10.873840 24.053345 0.088044
1470.000000 379.913269 176.807770 13.981812 32.143677 0.081121
1470.000000 438.109222 160.272079 17.764038 40.448578 0.058793
1470.000000 68.605049 177.519806 13.961639 33.035065 0.053762
1470.000000 81.856361 184.308624 10.173416 24.692169 0.051558
1470.000000 415.057953 159.727875 15.386780 36.925659 0.050235
1500.000000 561.581604 168.522385 13.949463 34.172333 0.306151
1500.000000 150.894501 174.256790 12.364716 26.570953 0.242241
1500.000000 624.835815 167.097549 15.087158 43.588684 0.208404
1500.000000 131.422729 172.704788 12.587006 29.628571 0.207653
1500.000000 556.229431 167.947159 23.232544 51.316650 0.162057
1500.000000 470.888062 171.527451 11.908081 30.037933 0.154968
1500.000000 67.591209 175.759476 12.254974 27.781189 0.148838
1500.000000 621.600464 162.564789 18.367798 74.745361 0.105610
1500.000000 445.547302 172.537598 12.153564 27.872284 0.077672
1500.000000 600.131775 154.648132 14.866333 33.537415 0.064364
1500.000000 477.851013 179.086838 11.712524 29.911377 0.061969
1500.000000 452.000793 132.750595 15.610413 35.168671 0.052736
1500.000000 465.242981 171.030014 10.226013 29.185974 0.051944
1530.000000 356.715973 177.399399 13.799561 32.602448 0.392484
1530.000000 392.265106 172.897156 10.066406 23.520203 0.281972
1530.000000 116.153137 169.845337 14.997467 34.041870 0.159006
1530.000000 89.150826 170.234634 14.591110 34.246490 0.133972
1530.000000 401.089325 156.798447 15.060425 35.744446 0.100353
1530.000000 452.053192 169.450058 13.703125 33.220551 0.087562
1530.000000 613.443787 191.120117 9.708008 26.526825 0.075704
1530.000000 183.486847 175.730606 10.739746 26.224518 0.072804
1530.000000 621.319092 182.805603 12.389404 32.499969 0.069124
1530.000000 528.194946 182.400513 12.615112 29.961182 0.065743
1530.000000 168.712585 172.818375 10.298859 25.090240 0.063675
1530.000000 175.458221 173.943481 10.563843 26.329651 0.051334
1530.000000 625.555054 177.128525 14.286987 41.116028 0.050330
1560.000000 521.074646 153.790604 23.384888 58.699799 0.468231
1560.000000 146.234741 169.477066 13.828674 34.322479 0.415894
1560.000000 40.960770 169.267776 16.524612 36.920563 0.395245
1560.000000 50.307583 143.641708 16.126225 38.120789 0.324506
1560.000000 20.926533 150.117905 13.621037 34.279541 0.316026
1560.000000 492.291718 160.868576 15.759766 37.483429 0.226307
1560.000000 27.858648 153.711121 15.330484 37.021576 0.223031
1560.000000 352.674896 170.236710 14.572998 33.517761 0.202866
1560.000000 18.563726 147.621140 27.465670 54.665619 0.177541
1560.000000 46.795753 142.223511 22.837410 56.474304 0.148029
1560.000000 497.923401 158.537842 15.844055 37.537537 0.147553
1560.000000 436.723572 164.718430 16.494202 41.145172 0.126757
1560.000000 71.765701 151.319641 23.072021 55.071045 0.123029
1560.000000 141.031494 172.254272 12.528198 32.259399 0.116421
1560.000000 107.926201 166.722076 11.511612 27.916931 0.084379
1560.000000 0.026698 149.095062 11.316669 54.434113 0.081463
1560.000000 148.325882 167.681519 10.288513 24.405762 0.077084
1560.000000 401.205933 148.146011 15.623840 36.605927 0.071565
1560.000000 79.432877 151.807266 18.722412 43.065979 0.068960
1560.000000 602.381104 142.112305 18.921753 42.270782 0.065189
1560.000000 27.234871 147.701447 27.097443 60.066620 0.063445
1560.000000 398.986481 145.689774 22.065308 54.498138 0.058930
1560.000000 592.542847 158.532242 15.310669 36.388733 0.053365
1590.000000 599.080017 143.248428 33.049072 80.951538 0.989168
1590.000000 625.246155 148.540680 14.613281 50.220154 0.279172
1590.000000 431.443451 164.783371 16.705139 38.731750 0.238990
1590.000000 521.818970 158.569901 16.418945 37.341217 0.151542
1590.000000 397.355835 167.987457 10.190918 24.464172 0.130275
1590.000000 422.441345 168.433807 11.946045 28.554108 0.127775
1590.000000 434.445038 163.662628 12.035645 28.376770 0.102606
1590.000000 457.506683 161.985138 17.498535 44.813446 0.096192
1590.000000 0.000000 167.985687 19.283548 58.956482 0.095997
1590.000000 1.568623 167.417603 14.222507 35.850769 0.089990
1590.000000 446.712769 162.456528 13.847778 34.398773 0.078099
1590.000000 87.180550 175.609833 10.852020 25.077789 0.070941
1590.000000 387.646698 170.596619 8.666260 21.961823 0.059947
1590.000000 535.486450 154.196350 15.116455 36.219788 0.056448
1590.000000 616.759766 144.209579 22.519165 75.377625 0.050272
1620.000000 524.880493 159.579315 13.521484 33.334045 0.312654
1620.000000 449.945465 169.075760 12.814026 31.750641 0.295691
1620.000000 440.575348 175.278229 12.325317 30.013062 0.281068
1620.000000 408.785187 171.929504 11.583801 27.052948 0.255349
1620.000000 2.817410 167.980194 14.326626 37.190704 0.243333
1620.000000 398.358185 176.136398 9.071167 23.448334 0.217966
1620.000000 0.019870 168.795868 9.730515 36.537323 0.214146
1620.000000 508.010223 163.286530 15.303864 35.958984 0.206538
1620.000000 38.396492 161.367142 19.229889 43.466248 0.150357
1620.000000 517.831543 158.302673 24.384155 57.722992 0.149743
1620.000000 14.046282 171.592834 14.034641 31.048737 0.117622
1620.000000 456.067810 168.394989 17.464478 45.472443 0.116520
1620.000000 570.275879 159.261627 15.038696 35.401001 0.095056
1620.000000 504.945892 161.639908 22.449982 51.579865 0.090773
1620.000000 445.996460 175.883759 11.173584 28.938629 0.085123
1620.000000 402.570862 176.656281 9.568726 22.855743 0.082799
1620.000000 467.893372 164.966980 14.343872 33.330048 0.080589
1620.000000 123.085228 157.886444 18.327522 44.512146 0.076789
1620.000000 538.050781 156.126358 25.887085 59.643860 0.071932
1620.000000 459.028961 167.007446 12.890686 31.281799 0.068936
1620.000000 543.094788 160.309631 17.506470 40.137390 0.058034
1620.000000 28.773941 169.332230 13.812408 33.462311 0.056379
1620.000000 525.466309 159.775894 18.964844 44.467773 0.056003
1620.000000 103.997253 173.179489 11.806030 30.661499 0.054113
1620.000000 52.425392 163.659760 15.337753 35.991730 0.051810
1650.000000 560.731628 161.712448 20.445923 51.937195 0.715175
1650.000000 488.887634 176.527695 18.223145 42.971313 0.487188
1650.000000 503.306458 173.582870 20.296875 48.634064 0.393103
1650.000000 599.805481 152.565155 28.370239 75.270355 0.374657
1650.000000 472.015900 174.975891 13.891174 36.630615 0.351417
1650.000000 526.417908 170.877136 15.335815 40.782379 0.309271
1650.000000 356.906586 175.956039 15.066528 34.651184 0.283805
1650.000000 407.914215 177.025024 9.395508 23.164093 0.262572
1650.000000 515.369080 179.695831 17.997070 42.098022 0.259624
1650.000000 375.289459 171.705460 11.869812 28.327972 0.254118
1650.000000 601.836365 43.167912 22.742310 55.785488 0.248389
1650.000000 539.049683 175.375702 15.562012 36.936218 0.234402
1650.000000 585.217651 171.235153 16.824585 41.925720 0.233582
1650.000000 563.085022 161.909470 15.060059 33.967804 0.232298
1650.000000 157.298080 176.631287 12.836517 31.375275 0.199156
1650.000000 480.809021 166.033478 13.777710 33.127991 0.185597
1650.000000 518.793701 178.916367 12.493774 31.410278 0.149015
1650.000000 371.907349 174.492432 10.080627 24.649109 0.148120
1650.000000 53.412437 179.194870 11.579964 27.660400 0.144091
1650.000000 531.880554 175.950394 16.430176 38.986053 0.124438
1650.000000 573.644287 159.074799 15.255005 37.144135 0.113339
1650.000000 560.954346 157.895996 14.074341 29.324890 0.101191
1650.000000 581.326477 170.680954 23.901123 60.990906 0.100901
1650.000000 168.092651 176.214554 12.489105 30.719482 0.097601
1650.000000 544.434875 114.662231 15.554565 33.437103 0.094768
1650.000000 550.660400 176.985779 21.835693 50.821320 0.082175
1650.000000 602.649292 158.791550 20.972290 47.895874 0.076913
1650.000000 416.609772 172.074097 12.322754 28.977966 0.074853
1650.000000 588.635071 152.517014 46.467041 97.419617 0.070130
1650.000000 361.537659 174.243546 12.305786 28.375580 0.062951
1650.000000 478.193115 174.196701 11.967957 29.019592 0.060411
1650.000000 498.275940 179.209152 12.009460 27.657806 0.056901
1650.000000 320.498413 154.749390 14.357788 36.535980 0.056427
1650.000000 592.398376 165.194199 28.912964 65.981354 0.052841
1650.000000 354.345032 173.036194 12.062195 29.081512 0.052823
1650.000000 485.403473 167.157700 13.030579 29.159912 0.051817
1650.000000 588.169983 169.161484 12.114136 29.844818 0.051611
1650.000000 552.456116 179.893524 15.778809 34.073212 0.050135
1680.000000 571.414429 165.679413 29.813110 72.727081 0.946234
1680.000000 510.325775 173.481812 18.983063 46.158173 0.472637
1680.000000 545.784119 168.947968 24.604858 63.252350 0.401044
1680.000000 592.319824 195.730545 17.361938 45.282257 0.364391
1680.000000 357.130707 176.879745 15.661499 39.419342 0.327172
1680.000000 23.572807 180.421707 12.799763 31.934296 0.308378
1680.000000 534.344360 185.836121 15.329102 38.922394 0.267600
1680.000000 565.558105 169.141968 22.144287 55.571625 0.225411
1680.000000 426.053528 165.595917 17.552307 39.359497 0.188566
1680.000000 411.521881 177.201828 11.424561 28.716034 0.166892
1680.000000 601.965637 176.428619 13.601807 33.004822 0.153465
1680.000000 20.553799 162.035217 22.372852 51.896881 0.142520
1680.000000 75.079666 170.225418 13.072388 32.343781 0.136367
1680.000000 516.507507 175.833084 13.733032 30.084595 0.135415
1680.000000 116.550217 176.207886 12.454025 30.038971 0.126577
1680.000000 136.647812 178.761337 13.603363 33.706329 0.120752
1680.000000 130.246429 176.935959 12.873535 31.452118 0.119960
1680.000000 124.302734 179.198914 12.963867 33.297852 0.116554
1680.000000 69.761810 171.875900 12.825546 30.558655 0.112338
1680.000000 378.549225 175.837921 10.203674 24.526855 0.110915
1680.000000 39.837242 189.079910 11.805031 28.350800 0.102001
1680.000000 62.161427 174.376770 13.725964 34.512543 0.099043
1680.000000 321.349701 151.825180 16.750000 40.545410 0.090796
1680.000000 313.814575 153.656097 15.562561 38.184357 0.085324
1680.000000 27.758131 184.115158 11.781042 29.488617 0.084539
1680.000000 582.313110 173.785172 25.019043 65.092285 0.083192
1680.000000 420.808441 175.412231 10.441223 28.314941 0.075336
1680.000000 504.290863 178.011551 15.576874 37.692657 0.071303
1680.000000 101.926254 177.265366 12.925079 33.750763 0.069363
1680.000000 540.162781 175.027893 22.290039 53.101746 0.064324
1680.000000 69.034248 182.896606 15.396118 35.355743 0.062143
1680.000000 70.402191 178.331741 21.356598 50.628479 0.062097
1680.000000 516.509583 183.921326 16.994995 37.904724 0.061226
1680.000000 579.030151 164.398743 17.415527 41.763794 0.058824
1680.000000 606.301758 182.505356 12.715210 28.268494 0.056644
1680.000000 108.583580 177.399414 12.562744 31.633667 0.055670
1680.000000 525.983337 185.343719 14.754272 38.671783 0.054671
1710.000000 546.805542 163.399750 25.770264 61.342438 0.900862
1710.000000 583.886169 170.686569 20.655518 51.954987 0.641770
1710.000000 606.878723 181.960754 14.182983 33.416809 0.387630
1710.000000 354.270844 181.108307 15.400269 38.971283 0.358467
1710.000000 417.556366 176.211258 10.463684 27.672638 0.277519
1710.000000 445.031128 173.157196 15.700256 34.627167 0.261791
1710.000000 312.395355 152.158875 16.933655 40.669617 0.261662
1710.000000 543.533752 165.434601 19.414185 46.950928 0.259372
1710.000000 379.284943 173.777649 11.705139 29.997620 0.240807
1710.000000 597.419922 170.185150 22.479370 55.476044 0.238512
1710.000000 600.136841 168.604431 13.333618 32.648041 0.200922
1710.000000 565.530151 175.999481 12.341431 28.667053 0.173631
1710.000000 383.595093 177.393173 11.750427 28.132812 0.168901
1710.000000 32.720097 172.590851 19.025948 44.361115 0.167179
1710.000000 425.122986 176.737213 10.886658 25.817596 0.166370
1710.000000 388.254700 165.601715 13.112549 32.586578 0.164584
1710.000000 548.396301 160.899872 15.100464 33.963013 0.146007
1710.000000 372.350342 178.196075 9.813599 26.270569 0.142017
1710.000000 122.540649 170.707993 15.997101 38.319336 0.135239
1710.000000 25.001833 177.014130 15.693880 37.780060 0.124700
1710.000000 581.792603 175.642044 14.052734 33.458282 0.123589
1710.000000 23.740894 173.672318 31.396889 60.961334 0.100967
1710.000000 541.296509 177.504120 15.504272 31.093567 0.089266
1710.000000 580.795776 186.353989 15.196533 39.237976 0.083868
1710.000000 429.613281 181.838745 11.211365 24.013885 0.083481
1710.000000 621.817200 179.136719 17.843872 59.201416 0.076063
1710.000000 552.192993 165.516846 17.735962 42.374512 0.075858
1710.000000 21.442535 176.348862 14.196442 32.264526 0.075589
1710.000000 106.755867 176.476669 11.896667 29.444122 0.071537
1710.000000 427.516083 170.782684 12.915710 30.416046 0.067487
1710.000000 625.988098 182.723785 13.923828 33.808258 0.065717
1710.000000 596.853699 188.213242 22.473755 57.778107 0.061926
1710.000000 40.986256 181.262451 16.750832 39.940857 0.060963
1710.000000 451.029816 172.798325 12.611206 30.072937 0.059564
1710.000000 312.006531 150.431213 24.012329 60.080627 0.059339
1710.000000 225.994888 174.114090 11.209412 28.468079 0.056210
1740.000000 610.429138 153.208755 29.186157 75.563843 0.734585
1740.000000 425.762726 171.001465 13.158447 32.112640 0.593617
1740.000000 383.843414 173.737167 11.021057 28.289612 0.465339
1740.000000 623.528503 157.080643 16.471497 44.345215 0.452057
1740.000000 436.146393 168.204788 14.155884 34.704620 0.400776
1740.000000 387.569397 174.700912 10.895996 27.481873 0.369112
1740.000000 352.416290 175.203354 13.347778 31.634857 0.355792
1740.000000 356.420624 179.158539 14.461304 33.093231 0.243683
1740.000000 374.613068 173.921814 10.762451 26.121552 0.239514
1740.000000 616.169678 158.554260 18.306396 44.299927 0.235518
1740.000000 618.457581 160.797485 13.423218 29.738586 0.207001
1740.000000 401.694000 172.520111 10.372620 25.807953 0.150239
1740.000000 309.723267 147.920151 14.540710 34.235229 0.141177
1740.000000 470.179657 168.241928 18.882446 44.080780 0.139968
1740.000000 349.625763 175.057709 19.224548 45.035553 0.124528
1740.000000 406.754364 174.156586 10.383179 26.523224 0.123728
1740.000000 607.356506 161.847183 22.830933 56.785858 0.120878
1740.000000 421.590057 174.206894 13.611084 30.508179 0.098677
1740.000000 72.377937 156.937500 15.545151 37.580170 0.097289
1740.000000 513.482483 170.572418 13.081299 32.001892 0.095585
1740.000000 270.325562 175.032150 15.635986 35.581879 0.081680
1740.000000 560.439880 153.728836 13.300659 32.440735 0.068470
1740.000000 63.690243 160.294586 14.828594 34.676605 0.068160
1740.000000 289.790527 141.053772 14.438965 35.409760 0.066384
1740.000000 429.652893 176.617950 11.985779 29.359131 0.060086
1740.000000 610.663269 163.899200 14.164673 34.242798 0.059539
1740.000000 623.013000 180.117920 16.843872 48.339325 0.056668
1740.000000 0.169883 175.272034 10.336957 45.019592 0.056132
1740.000000 603.658936 178.195587 13.671875 26.920258 0.052697
1740.000000 298.413025 152.263062 17.987732 45.182678 0.050654
1770.000000 468.600311 169.032593 12.853638 31.939911 0.689183
1770.000000 365.832520 174.387482 12.953918 30.309387 0.426436
1770.000000 398.327087 170.384567 14.498291 34.606537 0.424222
1770.000000 317.215088 145.051773 16.044434 38.084290 0.420691
1770.000000 452.474640 168.714142 14.445740 36.370911 0.364189
1770.000000 404.435425 173.027557 12.014465 30.773865 0.329703
1770.000000 526.767578 175.841217 20.340210 49.124542 0.255260
1770.000000 362.262329 176.896805 13.052856 31.483582 0.250453
1770.000000 413.493011 169.762589 12.093628 30.706696 0.229298
1770.000000 358.379639 169.399933 19.280884 46.038940 0.100068
1770.000000 356.904266 177.966873 12.617310 28.550568 0.096684
1770.000000 394.607086 177.717926 10.834595 27.710052 0.078661
1770.000000 370.232544 175.209579 11.437378 27.015961 0.077990
1770.000000 563.269043 181.615692 11.092529 26.204895 0.072481
1770.000000 432.349304 172.250092 12.173889 31.302856 0.068667
1770.000000 278.013153 177.132874 16.219299 38.222504 0.057354
1770.000000 612.003601 176.772797 13.570679 28.771484 0.052710
1770.000000 457.290985 167.444382 11.570740 26.963867 0.051144
1770.000000 314.569702 142.486740 22.551514 56.715576 0.050715
1800.000000 407.406891 173.290680 13.898560 33.435547 0.726333
1800.000000 510.326935 166.928986 15.867218 40.030304 0.715140
1800.000000 423.683655 168.574799 15.592896 38.660461 0.708340
1800.000000 441.639038 169.013107 13.574890 34.900146 0.542411
1800.000000 368.391449 172.995270 15.955994 37.843872 0.525867
1800.000000 429.498016 171.519775 14.180481 34.950409 0.365307
1800.000000 498.123688 171.686890 16.991058 44.373901 0.287239
1800.000000 415.556152 177.290588 11.445068 28.019135 0.163820
1800.000000 468.435669 180.506104 10.729370 26.875427 0.153205
1800.000000 484.572479 181.593491 13.040833 31.064636 0.128161
1800.000000 418.140259 167.762726 14.496582 35.199402 0.116735
1800.000000 492.161713 181.134415 14.535522 33.601318 0.116481
1800.000000 501.940948 173.830566 11.735260 30.454559 0.101913
1800.000000 374.005768 173.060303 11.940796 30.181244 0.097165
1800.000000 284.484283 173.194901 16.841980 38.767578 0.086579
1800.000000 550.176636 198.184708 15.721191 35.478668 0.070482
1800.000000 385.592834 165.242477 12.830139 30.907196 0.064681
1800.000000 0.869859 159.489822 17.093853 41.679993 0.057420
1800.000000 432.200378 171.653366 10.064026 24.039948 0.053933
1800.000000 118.884224 176.591537 10.217873 24.919434 0.051107
1830.000000 450.764557 163.348633 17.873901 44.920685 0.838610
1830.000000 427.682220 170.158035 16.879944 39.472290 0.830703
1830.000000 470.373413 166.981201 12.293213 30.539612 0.752108
1830.000000 436.624420 167.451828 14.580261 36.995392 0.522798
1830.000000 328.063812 145.261749 15.926270 38.435120 0.347866
1830.000000 373.289307 171.111176 16.294373 38.573639 0.274968
1830.000000 448.082855 166.661469 12.339844 32.089905 0.242940
1830.000000 456.132355 163.842102 11.418152 32.067993 0.236772
1830.000000 323.770294 142.899811 23.658203 61.584137 0.235796
1830.000000 575.055176 162.227982 18.101440 43.332184 0.223274
1830.000000 563.093201 160.366730 20.114868 48.737793 0.191993
1830.000000 510.705353 165.966019 14.053925 34.012421 0.188076
1830.000000 459.768463 168.398834 11.143921 30.718018 0.147467
1830.000000 34.761143 166.746979 15.157669 32.795502 0.110484
1830.000000 0.000000 169.418655 8.907288 38.438538 0.107090
1830.000000 574.225708 176.455643 19.874146 57.085938 0.091767
1830.000000 194.913116 170.007874 10.121460 26.013397 0.081240
1830.000000 432.521820 165.332123 14.194641 36.054718 0.079108
1830.000000 506.047485 171.570526 15.702271 38.437836 0.076407
1830.000000 573.324341 165.984665 13.458008 33.493347 0.074483
1830.000000 338.631317 142.891098 17.255310 41.600861 0.073808
1830.000000 101.943993 162.273895 11.596085 29.029572 0.061386
1830.000000 525.915100 181.968002 12.536133 31.382416 0.058415
1830.000000 378.497620 170.184357 13.330139 32.680298 0.056169
