30.000000 531.220032 174.927261 22.777832 58.032776 0.076130
30.000000 418.174103 179.800858 14.786804 36.774200 0.068326
60.000000 66.740173 181.036743 13.218475 30.824188 0.308547
60.000000 495.995331 147.283234 14.847351 37.806519 0.193483
60.000000 100.424561 169.164825 13.972855 33.741272 0.185633
60.000000 397.123962 178.631882 13.978210 33.377136 0.160754
60.000000 121.116501 175.486084 12.366257 30.799774 0.092318
60.000000 460.716858 175.876083 13.851868 35.603180 0.087339
60.000000 368.770569 165.374466 14.987976 37.026459 0.075384
60.000000 493.967590 145.332474 23.191956 56.692261 0.063833
60.000000 202.475327 181.424927 13.286255 31.556885 0.062511
60.000000 35.673813 183.168106 11.736320 29.822754 0.050787
60.000000 412.376190 167.956329 15.433533 38.555176 0.050773
90.000000 592.067993 158.051620 23.230835 52.627838 0.580221
90.000000 596.737305 157.850510 15.199219 39.209625 0.217129
90.000000 418.953766 176.693649 11.919128 30.459808 0.076789
90.000000 108.777618 172.750061 12.498489 30.938721 0.065819
120.000000 224.559937 121.834320 12.437439 28.121918 0.320524
120.000000 430.267059 171.027206 10.231140 24.796478 0.228534
120.000000 469.640808 132.044296 24.274841 61.762695 0.158016
120.000000 473.535736 135.236221 16.930908 42.279633 0.150431
120.000000 4.329194 169.899933 13.812166 35.296661 0.142286
120.000000 465.876068 31.332851 18.052368 45.307926 0.135373
120.000000 482.252930 145.612717 14.517456 32.582916 0.097542
120.000000 478.274170 145.322662 19.807800 47.847015 0.084690
120.000000 154.547684 117.169174 12.206635 28.350830 0.082691
120.000000 35.590618 166.252625 12.885628 32.217926 0.081494
120.000000 230.586441 119.782852 13.446777 30.867279 0.061611
120.000000 318.351685 168.008560 14.642090 34.999664 0.060645
120.000000 445.081299 31.374409 15.681335 40.848644 0.060131
120.000000 540.544617 149.761932 25.434692 57.691772 0.051644
120.000000 76.237083 170.219467 12.920166 31.559723 0.050154
150.000000 26.844019 177.528244 15.996840 35.973785 0.281701
150.000000 506.786835 174.931381 14.647125 34.122437 0.237653
150.000000 445.598816 160.434479 15.792908 42.230255 0.212470
150.000000 85.345184 175.116226 11.629852 29.525116 0.117531
150.000000 451.267151 159.599457 13.152222 30.183472 0.103644
150.000000 109.661461 175.191193 11.944839 28.569519 0.101829
150.000000 500.542175 171.734543 17.863770 41.278656 0.073118
150.000000 447.736816 164.119141 11.360107 29.347809 0.060087
150.000000 408.965332 167.851074 10.498352 24.833038 0.057714
150.000000 504.062805 173.380096 20.595215 51.214722 0.054636
150.000000 503.350098 169.522690 11.520508 28.500732 0.052490
150.000000 0.024639 169.232178 8.382259 31.882629 0.051238
180.000000 491.497528 158.800598 14.978210 36.265930 0.807288
180.000000 56.018524 171.733139 11.133385 27.870392 0.255329
180.000000 533.705811 167.388199 12.948486 33.490997 0.251595
180.000000 477.853668 152.338394 15.798767 37.432312 0.246584
180.000000 456.408630 158.514603 12.047119 31.666809 0.233980
180.000000 469.290405 164.623276 12.223816 30.920074 0.225605
210.000000 507.689697 163.450989 17.892578 42.035889 0.960103
210.000000 581.951477 163.612732 15.857056 40.649109 0.864921
210.000000 548.537231 155.278839 20.389526 45.604950 0.837570
210.000000 454.997894 170.676056 11.426270 27.821442 0.309779
210.000000 484.522217 165.446899 10.728455 26.636902 0.240733
210.000000 36.409248 137.992050 25.383278 61.181366 0.188275
210.000000 545.711609 134.307556 29.167358 67.586792 0.112380
210.000000 589.837952 165.717987 10.756104 27.044922 0.108180
210.000000 45.209675 160.197327 16.334030 37.706573 0.107232
210.000000 14.963966 151.942139 17.067017 37.846039 0.099742
210.000000 625.987061 163.348907 11.658203 30.022766 0.095512
210.000000 606.563782 166.129608 15.040649 39.025848 0.076237
210.000000 83.063278 178.974823 10.107300 24.257599 0.075744
210.000000 627.826111 165.016449 12.080200 45.521210 0.063254
210.000000 448.369812 180.334808 10.947266 26.661621 0.054175
210.000000 368.906158 164.497574 14.205505 33.943695 0.053503
210.000000 627.166443 144.945969 12.774048 47.978180 0.053186
210.000000 530.602295 156.500366 13.941895 33.325531 0.052445
240.000000 566.944580 160.130844 22.470703 53.677399 0.986576
240.000000 513.953064 161.668625 11.958008 32.402405 0.597560
240.000000 491.651276 159.417450 10.323120 26.550842 0.159699
240.000000 562.625732 155.488159 14.507446 31.215179 0.131416
240.000000 484.582733 169.591309 12.594299 30.837219 0.130548
240.000000 78.719452 163.265884 18.545486 45.151520 0.069707
240.000000 62.813606 102.880318 19.557114 47.234200 0.056659
240.000000 409.631531 164.601013 11.179932 29.442535 0.053967
270.000000 42.898582 88.991959 14.098297 35.869186 0.482201
270.000000 551.339722 154.745026 15.564087 38.066986 0.361064
270.000000 533.588989 176.877670 14.376465 35.153229 0.290984
270.000000 541.004761 152.107544 22.075806 59.160706 0.208593
270.000000 609.411743 142.151505 18.569092 47.825226 0.188764
270.000000 18.760273 88.334541 16.036575 39.326370 0.150678
270.000000 71.760239 92.901047 14.080399 34.709747 0.123096
270.000000 29.853935 118.186493 19.280533 47.604950 0.103869
270.000000 99.383972 95.453583 14.237305 35.569748 0.077565
270.000000 605.961121 121.355728 26.442139 67.449799 0.075645
270.000000 116.713974 98.450943 30.481049 77.579681 0.069144
270.000000 414.690918 160.877167 11.610291 30.283264 0.068059
270.000000 623.607971 131.334885 16.296387 53.152252 0.064413
270.000000 487.979645 163.192719 11.021423 28.225037 0.062342
270.000000 74.354721 83.294052 15.729324 40.057510 0.059067
270.000000 60.123192 116.490517 15.343842 36.516975 0.053373
270.000000 126.090584 98.180725 14.802223 35.118668 0.050094
300.000000 609.360535 151.792450 23.853394 57.853973 0.906055
300.000000 121.978760 164.943253 24.700195 59.584320 0.303529
300.000000 624.820679 149.089172 15.175781 60.247772 0.301554
300.000000 591.949463 160.704254 18.545898 44.860840 0.264360
300.000000 547.963379 175.544556 13.277222 35.291595 0.226251
300.000000 610.122559 145.702515 15.006592 35.482178 0.177289
300.000000 469.023499 179.135544 13.595947 33.089844 0.160348
300.000000 493.181305 160.693634 14.741394 35.551697 0.139572
300.000000 515.338196 178.087128 14.684814 33.834869 0.126995
300.000000 532.903748 172.949936 13.838501 36.829224 0.117532
300.000000 3.952708 168.829498 17.727936 43.312866 0.090824
300.000000 452.740967 175.531052 11.211426 26.290009 0.083368
300.000000 502.323212 174.918030 11.336700 25.716644 0.081018
300.000000 594.627502 164.454651 13.081787 29.911041 0.072913
300.000000 586.854431 162.171997 17.464111 40.356262 0.056367
300.000000 450.297943 162.241974 15.113770 34.864441 0.053952
300.000000 169.760422 173.152771 21.538391 53.331604 0.053822
330.000000 61.095070 167.276413 17.662064 42.880676 0.379187
330.000000 44.240944 167.860229 12.861267 35.516968 0.355247
330.000000 23.576614 169.507446 12.540829 30.018707 0.248608
330.000000 524.035400 170.638184 14.613281 39.228455 0.112029
330.000000 66.438988 166.841766 13.861130 31.749054 0.085379
330.000000 454.446991 159.104507 18.302490 43.912842 0.077511
330.000000 99.833969 178.043671 15.260620 37.020447 0.070940
330.000000 111.350052 174.588760 15.452301 37.943146 0.059142
330.000000 442.057983 157.066818 14.888184 36.876068 0.056642
330.000000 203.406998 165.324448 12.706970 31.784760 0.056119
330.000000 12.039591 177.216125 11.928082 29.064240 0.055054
330.000000 58.125813 171.407913 14.990566 35.098816 0.050144
360.000000 158.815491 135.689987 19.389008 45.856293 0.364386
360.000000 1.326060 172.380371 14.017670 36.567688 0.321485
360.000000 8.766150 175.952484 13.336179 29.205750 0.249029
360.000000 103.462074 170.517197 14.819565 36.149567 0.212049
360.000000 153.740662 136.068344 27.987183 64.260956 0.175101
360.000000 536.640442 139.565536 26.198730 63.151428 0.085585
360.000000 189.698944 167.118271 17.864044 44.635040 0.076068
360.000000 427.659607 147.936172 15.421570 38.928528 0.063345
360.000000 13.125099 173.464493 11.803158 30.056335 0.059898
390.000000 84.889328 177.905487 10.792542 27.361877 0.180114
390.000000 484.283081 158.277725 20.015686 50.730621 0.157266
390.000000 176.030930 141.504791 23.753845 53.129547 0.091557
390.000000 336.724213 159.925919 15.020630 37.289215 0.056371
390.000000 169.658798 140.808868 36.362915 70.987091 0.052775
420.000000 155.039902 175.725311 15.172852 35.174438 0.221306
420.000000 449.899780 139.911728 18.004883 43.389496 0.150569
420.000000 462.795685 145.454956 14.757263 34.990143 0.124903
420.000000 458.078583 146.508423 27.263489 61.987244 0.119764
420.000000 148.676666 177.181244 12.393860 31.234039 0.104282
420.000000 588.507874 158.633575 12.483887 29.809021 0.099624
420.000000 599.897949 158.268570 15.114014 34.966187 0.093326
420.000000 46.672169 183.199738 11.575745 26.830750 0.085013
420.000000 111.365845 180.268143 9.817642 25.001068 0.081745
420.000000 443.929382 135.975983 26.457947 64.556915 0.080167
420.000000 611.111328 157.640884 14.059570 33.115845 0.054291
450.000000 62.339439 182.044220 9.729858 24.884918 0.333092
450.000000 71.545952 186.571899 9.183151 20.831238 0.124517
450.000000 451.752502 82.576714 12.010376 27.094604 0.063312
450.000000 226.354202 173.853958 15.105591 36.029449 0.058444
450.000000 532.901367 140.276108 21.439941 51.705292 0.056225
450.000000 144.551483 165.860367 13.879333 34.003448 0.054750
480.000000 128.108139 177.527771 11.467346 26.237244 0.196127
480.000000 508.762268 171.680069 21.751709 51.273651 0.154926
480.000000 166.106796 180.441650 10.335815 29.263123 0.088510
480.000000 149.163025 176.561066 12.399689 27.285919 0.077748
480.000000 235.155914 174.294159 17.884338 44.350220 0.075523
480.000000 521.552612 170.869476 18.599731 45.882568 0.067950
480.000000 494.636505 176.542419 17.004272 40.391083 0.065969
480.000000 613.117310 183.652771 18.014526 40.808289 0.061120
480.000000 230.981094 173.400467 15.730347 37.699585 0.056835
510.000000 33.776024 183.508774 14.788773 35.408112 0.522769
510.000000 68.233170 181.498627 13.224167 31.868164 0.330353
510.000000 234.136734 177.816986 17.421692 42.093933 0.203765
510.000000 144.962158 179.077118 10.204407 25.042816 0.148000
510.000000 245.377167 174.630310 18.858276 44.370544 0.144253
510.000000 22.259968 178.516510 15.645512 36.571472 0.133560
510.000000 12.086793 188.508514 17.300640 33.161346 0.130185
510.000000 77.451927 180.257736 12.520660 28.396362 0.087287
510.000000 576.293030 179.824615 16.423706 39.654114 0.056054
510.000000 73.241760 180.698242 13.436249 31.992523 0.052101
540.000000 317.304260 161.744629 13.286621 31.213684 0.223616
540.000000 184.770035 162.559265 13.926819 33.784943 0.206688
540.000000 74.133484 173.530319 12.328995 31.203247 0.118646
540.000000 431.710052 176.458862 13.396851 31.209106 0.087478
540.000000 252.407593 172.246399 18.310913 42.741455 0.082744
540.000000 242.459442 176.040146 17.606110 40.068359 0.058170
570.000000 319.802002 161.563812 13.168762 31.406738 0.212813
570.000000 58.337070 187.506668 10.211620 22.827972 0.148488
570.000000 423.558960 165.277527 12.311462 28.759247 0.119080
570.000000 63.860764 181.759460 11.870224 26.652588 0.090229
570.000000 31.918911 180.898132 12.265480 29.851624 0.086684
570.000000 103.640862 179.231339 10.952560 23.867889 0.083557
570.000000 68.245033 168.872345 14.179733 37.397400 0.082955
570.000000 89.637337 177.933868 9.963272 24.063232 0.067489
570.000000 28.628223 180.088684 11.637543 27.541992 0.061283
570.000000 163.712891 169.620438 12.201324 29.620728 0.055312
600.000000 4.664738 189.869537 13.972715 28.302246 0.621593
600.000000 430.489838 163.693863 14.880127 34.478546 0.337421
600.000000 323.482941 161.536423 14.142456 34.030731 0.254050
600.000000 133.310501 181.574844 11.497162 28.601074 0.242083
600.000000 271.031525 173.744461 15.801819 39.419983 0.232375
600.000000 448.727692 166.754822 12.952026 31.525482 0.180588
600.000000 205.740753 159.494873 12.361328 30.733429 0.175018
600.000000 260.268341 171.700333 17.587219 42.372467 0.172571
600.000000 243.733078 158.516800 15.946304 38.431915 0.170880
600.000000 62.159199 187.876877 12.408916 29.789551 0.149329
600.000000 0.265007 189.058777 10.996750 33.297272 0.108993
600.000000 10.438676 191.648788 11.274631 28.565979 0.101028
600.000000 575.275330 155.097870 15.011108 40.498871 0.086891
600.000000 188.179947 161.723297 11.578461 27.695679 0.083056
600.000000 300.973297 175.394302 11.293091 28.106201 0.082854
600.000000 565.425415 150.907501 17.052856 42.905670 0.078767
600.000000 59.309792 184.772827 10.815720 24.403534 0.071916
600.000000 241.371704 155.627777 25.541779 54.624969 0.071170
600.000000 403.713074 165.588089 12.457764 30.806244 0.067421
600.000000 3.426912 190.093872 17.989111 45.053619 0.056182
630.000000 202.974884 157.928925 16.741272 40.482147 0.439953
630.000000 194.350113 156.403320 12.387573 25.038757 0.276233
630.000000 204.803207 155.321014 11.561554 26.763214 0.197081
630.000000 458.250671 163.595245 15.566895 37.747253 0.169239
630.000000 154.424728 169.247345 13.248199 31.570557 0.167798
630.000000 365.487976 162.703079 14.598633 35.740662 0.146894
630.000000 184.089569 157.468628 12.978973 30.836517 0.109022
630.000000 194.514679 164.116821 12.363312 30.826202 0.103330
630.000000 388.338226 168.823868 13.210449 31.353088 0.101306
630.000000 209.591721 159.016617 16.563934 39.035553 0.097091
630.000000 487.341583 174.297974 12.513062 29.275146 0.097014
630.000000 1.279772 182.024033 12.364265 33.693878 0.089085
630.000000 11.843765 182.206558 12.370140 31.762177 0.058861
630.000000 81.950325 172.696304 15.221085 35.551514 0.058606
630.000000 190.710587 157.621597 18.693695 44.541748 0.056470
630.000000 0.000000 168.620148 10.111856 47.122009 0.050354
660.000000 487.027344 170.314896 12.992676 32.694519 0.673617
660.000000 499.477386 171.491714 14.831940 37.751740 0.387788
660.000000 465.902954 166.705856 10.786377 27.262817 0.356011
660.000000 479.231750 172.938721 10.775940 30.310272 0.267392
660.000000 454.481415 166.066132 11.281006 28.653870 0.205526
660.000000 196.837051 153.776688 17.230865 39.361755 0.199638
660.000000 101.323975 179.481354 11.605560 29.778290 0.188620
660.000000 595.521729 156.762405 13.942139 34.408905 0.166501
660.000000 451.218933 168.995819 11.985657 29.597351 0.156672
660.000000 486.302917 157.540588 15.010193 36.808746 0.144750
660.000000 475.050903 173.479828 11.093323 29.772247 0.124112
660.000000 508.850006 175.180511 14.166473 34.032074 0.117054
660.000000 126.458595 173.902893 10.649559 27.128967 0.090888
660.000000 458.112885 166.128189 11.193237 27.297424 0.081001
660.000000 511.851685 168.482162 12.391846 32.044220 0.080942
660.000000 499.310333 169.833115 11.170166 27.783417 0.079433
660.000000 173.098343 156.134018 13.229156 32.720795 0.072407
660.000000 23.682043 193.770111 12.265478 29.001587 0.065497
660.000000 492.547546 169.752167 13.438904 30.389282 0.064965
660.000000 534.834290 184.096375 17.791382 40.073639 0.057057
660.000000 81.168274 186.172562 14.137070 32.169098 0.056696
660.000000 445.469421 170.669510 11.100708 28.118256 0.055874
660.000000 402.132965 167.601776 12.255737 30.791412 0.053518
690.000000 475.625244 168.854462 17.284058 41.453033 0.681726
690.000000 316.116974 158.814560 16.296570 39.620026 0.578005
690.000000 510.675507 171.408890 16.953583 41.849548 0.478610
690.000000 486.326843 177.955307 12.090698 27.559998 0.336701
690.000000 517.068787 171.834717 18.940186 45.930664 0.327815
690.000000 516.354736 171.129929 13.937866 34.531677 0.308210
690.000000 594.730286 179.590790 15.738647 36.822388 0.284559
690.000000 462.824738 163.618546 18.949707 50.174744 0.233694
690.000000 263.136353 153.251053 22.896240 59.462311 0.230176
690.000000 523.315552 177.911133 17.375366 43.490265 0.209831
690.000000 502.807129 180.943710 11.111023 25.200439 0.146633
690.000000 244.205582 154.820435 14.945328 36.887543 0.144544
690.000000 521.033936 173.753036 11.687256 28.440979 0.134584
690.000000 499.049408 177.382278 10.521912 27.424561 0.125519
690.000000 589.723389 182.375839 13.507446 28.702332 0.116221
690.000000 523.306091 164.386871 14.275024 34.433868 0.112901
690.000000 577.313171 183.555679 12.257690 27.983307 0.098934
690.000000 331.735901 159.344772 13.442749 32.625458 0.092821
690.000000 141.099075 169.852585 12.099548 30.734131 0.088946
690.000000 590.003845 176.738892 23.282959 52.042999 0.086122
690.000000 530.041931 178.042831 11.977051 26.957947 0.084158
690.000000 542.000427 190.867432 15.359619 36.823669 0.077563
690.000000 217.948135 147.357300 13.687195 32.995209 0.072698
690.000000 476.140320 165.865723 12.508240 30.659943 0.070405
690.000000 427.617432 177.211243 12.843689 30.972534 0.064544
720.000000 587.496094 154.147369 27.022949 63.672577 0.965766
720.000000 542.892456 175.896179 19.140747 46.696594 0.666978
720.000000 537.898254 176.688080 16.841187 44.906158 0.612934
720.000000 441.603882 169.918121 17.460388 42.205353 0.596174
720.000000 548.760620 178.708252 13.457275 29.968597 0.516274
720.000000 527.229858 174.445496 19.694214 46.953827 0.513833
720.000000 30.394218 172.604568 13.344543 32.850128 0.408109
720.000000 208.800293 171.784851 17.714874 43.117004 0.306154
720.000000 483.912354 169.457306 13.249390 31.970459 0.287292
720.000000 113.170868 178.470428 11.398834 27.785065 0.200767
720.000000 460.523865 177.181198 11.478882 31.022675 0.160169
720.000000 451.740417 173.461227 21.241150 52.575348 0.146126
720.000000 109.401939 178.940247 11.108124 27.423615 0.136528
720.000000 135.466019 142.803696 12.335602 30.176331 0.114689
720.000000 617.292053 162.677826 22.005005 73.318695 0.114269
720.000000 625.239136 177.303345 14.760864 58.754425 0.110492
720.000000 562.594971 169.905029 14.984131 36.078003 0.099551
720.000000 542.842957 178.117111 10.147705 28.755646 0.099320
720.000000 607.092041 165.176636 18.079956 44.203735 0.096876
720.000000 524.262085 174.495438 16.599609 37.863800 0.091648
720.000000 388.622925 165.631363 13.500061 33.278748 0.090163
720.000000 59.486927 158.735489 16.601551 41.257507 0.089034
720.000000 530.139404 173.800278 13.083984 29.030334 0.083704
720.000000 453.290680 179.317352 14.299255 34.592560 0.079133
720.000000 519.520386 188.433029 14.769531 37.889008 0.078707
720.000000 235.985458 157.959198 15.984192 37.156464 0.072008
720.000000 121.236092 175.310074 12.343788 29.692047 0.071438
720.000000 138.993622 143.891083 13.267365 27.052917 0.070661
720.000000 516.894897 196.410187 12.427734 30.302551 0.063630
720.000000 456.425201 171.351227 11.743835 29.535095 0.058459
720.000000 363.937927 161.900696 14.392883 34.287933 0.058277
720.000000 558.150940 183.349258 16.012573 38.400848 0.055058
720.000000 262.497253 173.461212 16.045471 40.944702 0.054051
720.000000 511.936768 166.739960 12.833252 32.316559 0.052586
720.000000 497.074219 175.856873 12.822815 31.623718 0.051067
750.000000 581.323669 159.102386 23.903076 60.385193 0.406799
750.000000 584.701782 159.843628 17.172485 41.906555 0.318342
750.000000 623.799255 168.696854 15.550171 39.038971 0.268255
750.000000 619.627808 166.892029 19.951294 65.255310 0.188921
750.000000 550.107544 180.661102 20.583740 49.515686 0.167554
750.000000 488.760834 177.102737 13.422791 32.557159 0.163900
750.000000 532.445862 190.723099 13.614624 33.924866 0.132990
750.000000 235.708221 151.972672 13.564392 34.413574 0.132368
750.000000 36.037136 142.961960 11.892151 28.481720 0.088444
750.000000 66.258911 178.186722 11.966629 29.927216 0.080383
750.000000 57.879311 176.779816 11.791862 28.729950 0.080107
750.000000 572.797302 160.349152 15.207886 34.429291 0.069636
750.000000 582.560730 165.992554 14.194702 32.574005 0.068982
750.000000 100.298470 160.699524 13.841019 30.753540 0.067856
750.000000 231.563278 153.725388 18.687317 46.362213 0.064301
750.000000 495.873566 177.203842 11.060913 28.567902 0.064094
750.000000 364.558899 168.746765 13.562683 31.360901 0.063206
750.000000 490.362061 176.964584 17.272217 43.889526 0.059873
750.000000 62.631351 177.765686 11.664555 29.298920 0.059477
750.000000 552.676331 182.375122 14.920288 33.105255 0.056742
750.000000 589.547852 158.922302 24.502075 61.298553 0.053745
750.000000 606.263428 169.775162 12.261475 30.241913 0.053101
750.000000 396.326355 167.751892 14.194397 33.053711 0.050014
780.000000 254.109192 175.897980 18.362610 45.577820 0.327204
780.000000 456.226685 144.458221 20.763611 50.925140 0.285290
780.000000 410.958496 159.605743 15.348633 37.098053 0.164519
780.000000 457.632935 145.557877 14.683777 33.527771 0.126159
780.000000 225.090714 156.369202 20.569153 49.062836 0.099135
780.000000 450.491089 145.058990 30.652405 76.269287 0.097517
780.000000 411.549927 153.298019 23.812988 55.945007 0.087544
780.000000 260.536591 174.073837 14.111816 34.798096 0.087520
780.000000 246.097321 166.880386 20.575500 53.437164 0.086303
780.000000 414.544220 151.775070 12.231567 31.104767 0.082739
780.000000 523.600891 171.199829 15.349121 36.585388 0.077685
780.000000 444.793793 144.064651 15.483093 36.030304 0.068353
780.000000 357.317169 161.487808 12.915527 32.213593 0.063077
780.000000 0.282115 174.326172 14.217030 41.165405 0.057099
780.000000 335.742004 121.401985 19.256897 42.751823 0.056539
810.000000 46.255444 176.929016 12.583611 31.937195 0.178333
810.000000 459.619049 139.004837 24.426331 61.696899 0.173587
810.000000 605.440186 192.047302 15.928589 35.647980 0.149911
810.000000 395.997589 161.261124 14.064636 33.653107 0.092822
810.000000 192.701462 134.850403 10.405365 26.589691 0.090923
810.000000 522.903381 114.815239 42.088135 102.516243 0.082907
810.000000 436.798431 149.124725 18.558228 46.255341 0.074479
810.000000 177.451889 150.382874 18.729309 48.980316 0.064886
810.000000 503.277588 116.840897 37.239746 95.314667 0.058459
810.000000 207.808044 134.587616 11.851685 27.789886 0.056281
810.000000 597.450989 189.235138 17.151855 37.634827 0.055889
840.000000 494.370483 155.899536 16.788086 42.335449 0.516155
840.000000 504.069763 128.498413 16.424927 39.571167 0.306658
840.000000 163.392441 150.207718 15.506683 41.097565 0.134818
840.000000 126.666466 175.053406 9.465767 24.550751 0.128239
840.000000 514.310425 121.917892 26.379883 68.681641 0.127107
840.000000 517.037781 128.693558 18.720703 44.865021 0.104448
840.000000 587.914673 119.814743 13.813477 30.512421 0.102706
840.000000 506.839935 1.246772 13.121429 28.036324 0.097707
840.000000 496.778259 120.251900 23.195923 58.730888 0.075323
840.000000 505.056305 142.276230 12.776886 30.014343 0.074343
840.000000 239.231735 173.051163 14.736847 33.932098 0.069444
840.000000 515.255737 7.746569 16.239868 40.039307 0.066982
840.000000 503.605682 137.482773 20.316010 50.355652 0.065704
840.000000 228.056000 168.244263 15.874512 36.952057 0.063991
840.000000 211.393188 145.062759 14.091827 34.177734 0.063725
840.000000 111.190147 168.229156 12.700363 31.278320 0.061772
840.000000 189.516434 149.373367 12.953003 34.704590 0.051124
840.000000 91.912338 172.183365 13.094849 30.248627 0.050589
870.000000 220.460663 169.744354 24.131012 57.969025 0.475851
870.000000 204.054504 173.370850 15.295990 37.380890 0.235414
870.000000 28.310009 176.501114 12.000664 28.723785 0.194847
870.000000 600.323853 131.354980 14.965454 35.250031 0.114826
870.000000 127.913361 174.010086 12.107513 30.399841 0.109055
870.000000 201.992783 171.703506 22.257202 59.224426 0.102607
870.000000 333.632874 161.439453 13.619568 32.340271 0.077936
870.000000 339.579163 156.690369 13.540710 33.161926 0.069678
870.000000 451.096405 168.000610 12.659058 31.209503 0.065643
870.000000 405.697327 165.498047 10.898865 25.910034 0.062857
900.000000 610.209717 171.017166 14.599731 37.129974 0.611370
900.000000 592.430969 169.189392 15.439209 36.184875 0.607035
900.000000 475.292297 168.670227 10.366089 25.436920 0.539500
900.000000 447.294556 168.852066 13.249329 32.879883 0.389531
900.000000 604.008362 171.206635 15.255981 34.733948 0.288046
900.000000 606.402771 169.172058 20.638916 52.574615 0.247734
900.000000 598.113037 171.126099 13.652344 34.020142 0.232785
900.000000 424.262360 169.545197 10.625732 27.053284 0.208846
900.000000 403.317688 166.804260 10.258179 24.905762 0.195689
900.000000 332.570557 162.611969 14.317993 35.786438 0.191920
900.000000 356.392334 157.230255 12.415771 29.402008 0.136151
900.000000 178.594955 139.237991 13.294769 33.546478 0.125158
900.000000 190.136932 173.416565 18.760101 45.121399 0.088768
900.000000 347.468353 159.172089 12.018494 29.968781 0.060618
900.000000 389.751038 169.090836 9.674072 24.980804 0.057769
900.000000 155.636185 151.419937 14.714539 35.994202 0.056787
930.000000 524.358215 164.376801 14.945679 39.198273 0.730764
930.000000 523.568237 165.962296 11.265381 28.141327 0.424194
930.000000 536.729919 163.389679 11.676025 27.591858 0.201938
930.000000 459.615540 157.777313 13.533325 34.800751 0.153642
930.000000 88.331757 177.842789 15.691086 35.577911 0.147283
930.000000 362.988220 158.929520 14.479065 34.721649 0.085552
930.000000 213.889679 170.303650 18.254669 42.383423 0.069805
930.000000 340.184479 163.860794 13.897705 33.732483 0.064656
930.000000 331.762604 161.075577 14.436768 33.525269 0.053722
930.000000 2.024623 179.324036 12.850519 31.512238 0.051595
960.000000 504.566681 146.617325 20.157135 49.692200 0.937913
960.000000 615.756653 151.196930 20.849609 55.433350 0.842551
960.000000 469.421387 155.182602 14.166809 32.163361 0.700634
960.000000 609.244080 153.681702 16.431763 40.191406 0.441550
960.000000 561.747925 151.466324 12.568115 30.448059 0.241994
960.000000 622.295471 156.103180 17.670410 42.826599 0.224869
960.000000 427.929413 160.636368 11.376465 26.702362 0.207692
960.000000 603.021362 158.893051 11.411865 28.523590 0.179115
960.000000 531.646973 184.666000 14.828491 36.391357 0.150644
960.000000 607.564941 158.186462 11.873535 29.965118 0.114357
960.000000 614.879028 153.615204 13.725952 35.337433 0.113832
960.000000 339.823761 153.863968 15.126587 36.037445 0.072569
960.000000 491.919037 188.130798 12.948486 31.723663 0.067298
960.000000 491.924316 175.177155 12.207275 29.589935 0.065923
960.000000 53.148293 172.191849 14.792511 35.842957 0.054395
960.000000 324.115112 145.337921 13.457947 32.459564 0.052802
960.000000 596.840820 157.184265 14.051270 32.214691 0.052232
960.000000 364.336792 147.235367 15.841736 40.639954 0.050240
990.000000 585.468079 141.151566 30.504028 73.220154 0.996471
990.000000 119.258255 161.899796 23.520752 58.806763 0.509368
990.000000 558.023193 147.300232 29.079468 72.464050 0.496554
990.000000 467.747864 172.723740 11.984924 27.550659 0.203170
990.000000 363.251007 143.530701 16.950928 41.210083 0.141262
990.000000 485.416565 177.110992 9.627502 24.941101 0.125938
990.000000 494.049622 154.734711 18.849365 46.108948 0.107230
990.000000 495.081970 155.852325 13.492676 30.964905 0.081119
990.000000 480.657562 150.020325 15.890686 38.524811 0.068807
990.000000 436.048584 168.597412 14.050964 33.358002 0.064615
990.000000 445.802734 160.946411 14.402832 32.747406 0.061005
1020.000000 543.493774 176.787521 18.357178 42.374512 0.679969
1020.000000 511.045959 159.865189 21.793091 52.120880 0.552330
1020.000000 530.976562 146.267548 21.799194 51.150330 0.449436
1020.000000 256.739868 161.839340 12.701965 31.772278 0.186509
1020.000000 470.620697 160.407135 16.906616 39.207886 0.137228
1020.000000 367.856781 153.223373 16.744568 39.097198 0.126724
1020.000000 344.008850 152.372360 16.132263 38.751923 0.117462
1020.000000 536.655212 149.744736 14.438599 31.585052 0.089735
1020.000000 477.022400 156.624146 20.669739 45.639221 0.085039
1020.000000 504.058990 158.847992 15.313385 35.579742 0.067771
1020.000000 532.640198 149.511307 12.823853 30.698914 0.065106
1020.000000 483.127747 155.846207 14.181152 33.652435 0.061419
1020.000000 415.086395 151.371277 13.342896 32.886780 0.059214
1050.000000 567.555298 149.376755 20.011475 47.886047 0.873062
1050.000000 613.068176 137.190796 20.398438 48.747467 0.727604
1050.000000 570.401428 150.209488 13.578003 35.013947 0.298880
1050.000000 589.603760 158.393188 25.209106 67.159851 0.260537
1050.000000 417.305176 134.022369 16.910095 40.722412 0.196211
1050.000000 500.006775 154.324875 18.292664 43.897003 0.163266
1050.000000 488.987671 151.922089 17.722229 42.273804 0.154988
1050.000000 575.945984 152.229187 17.457397 44.723755 0.141127
1050.000000 579.158081 154.149368 12.372925 29.911072 0.130852
1050.000000 614.175781 138.837677 14.609619 33.657013 0.127410
1050.000000 618.487183 136.424866 21.186768 65.380035 0.123579
1050.000000 54.105854 116.924469 27.875988 68.789978 0.119211
1050.000000 58.106434 117.096008 18.808048 44.785339 0.117419
1050.000000 586.315369 148.293243 14.460205 35.164276 0.110415
1050.000000 461.993958 136.379211 17.320068 39.258759 0.104035
1050.000000 457.219238 135.265137 25.100403 59.581299 0.100994
1050.000000 394.730225 157.738861 13.697571 35.564056 0.097708
1050.000000 412.443665 134.906097 26.377686 63.600525 0.091659
1050.000000 625.904602 141.057129 14.046265 36.402008 0.091654
1050.000000 526.034607 148.751816 14.141846 34.741882 0.081014
1050.000000 518.622131 153.533066 17.689941 42.842743 0.080406
1050.000000 328.524170 147.403076 14.179077 32.280365 0.066683
1050.000000 582.749084 152.474594 13.525269 30.835236 0.064617
1050.000000 40.255539 119.212997 30.472122 72.549133 0.060618
1050.000000 445.347595 143.885773 14.139526 33.561279 0.054206
1050.000000 583.092468 150.453186 19.145630 49.638672 0.052813
1050.000000 494.973877 151.731216 17.345886 40.561493 0.052521
1050.000000 493.749176 149.677185 26.208405 65.746429 0.052110
1080.000000 491.460541 21.975132 14.741028 33.601982 0.205231
1080.000000 395.965149 160.709229 16.251892 38.079437 0.198050
1080.000000 566.703552 137.228806 17.919922 42.082123 0.192055
1080.000000 79.163704 119.840599 18.471481 46.734444 0.108762
1080.000000 493.868927 135.015594 17.586609 38.001953 0.069425
1080.000000 57.874397 124.359543 19.078491 47.440308 0.053897
1110.000000 141.599472 166.010422 22.483521 55.615448 0.721622
1110.000000 582.344116 147.946518 25.970215 61.691101 0.478848
1110.000000 597.127014 138.766403 26.373535 64.610565 0.255581
1110.000000 621.246094 122.610481 18.718872 77.894615 0.239000
1110.000000 109.491714 127.536873 14.328781 34.813148 0.236822
1110.000000 605.036682 140.740677 13.233887 31.466492 0.211502
1110.000000 104.112289 124.530060 23.554810 61.624908 0.176385
1110.000000 576.770081 149.987961 22.393921 52.513519 0.147765
1110.000000 598.901001 143.767761 17.125610 37.098907 0.120018
1110.000000 324.692322 149.423477 14.571228 33.501404 0.110003
1110.000000 624.833801 126.803986 15.087158 47.098480 0.102422
1110.000000 396.633057 159.892334 16.392639 38.558044 0.101029
1110.000000 304.483887 153.277252 15.009949 35.112701 0.093538
1110.000000 574.858459 140.599854 35.221313 99.886047 0.084498
1110.000000 615.861938 137.471359 19.455078 60.314178 0.071290
1110.000000 579.032593 135.050873 15.162842 35.847382 0.068298
1110.000000 589.862854 149.045898 18.686890 42.951416 0.063579
1110.000000 586.164917 141.407837 36.827759 85.058746 0.063577
1110.000000 120.326096 127.747063 13.522476 33.872200 0.059175
1110.000000 363.972565 148.185211 15.149902 35.496582 0.056034
1110.000000 455.811340 159.655487 15.549866 35.903625 0.054716
1110.000000 561.793701 110.082893 16.661133 41.788582 0.051681
1140.000000 530.688904 31.056215 16.918945 38.220154 0.385080
1140.000000 515.908264 140.700256 16.295288 42.691528 0.370055
1140.000000 510.886108 136.384079 24.018799 64.892426 0.268070
1140.000000 87.759697 167.573029 18.270309 45.432617 0.220240
1140.000000 196.768341 137.941238 15.645111 39.348602 0.095519
1140.000000 529.582214 29.812752 24.259399 54.423378 0.090329
1140.000000 17.503727 174.920654 11.149738 25.994171 0.085745
1140.000000 552.905334 142.533951 16.739014 38.395660 0.084305
1140.000000 476.146759 154.828156 13.207581 32.414368 0.083753
1140.000000 504.078339 18.587336 15.600494 36.664688 0.078641
1140.000000 541.070190 43.588364 15.816528 37.316895 0.076181
1140.000000 546.043701 47.362785 15.029053 34.689758 0.051480
1170.000000 615.746643 158.620285 16.379272 41.920990 0.841812
1170.000000 77.297112 158.014771 16.110077 38.032318 0.493517
1170.000000 213.972931 170.645233 18.271973 43.455139 0.311649
1170.000000 584.055481 163.283188 15.322144 37.741150 0.288420
1170.000000 230.390167 180.768860 18.110229 43.961761 0.269162
1170.000000 83.491074 160.486099 13.864258 31.537292 0.225145
1170.000000 157.316269 156.742035 14.069550 36.075653 0.187781
1170.000000 627.556580 156.884155 12.443420 43.527039 0.175656
1170.000000 380.591309 145.735687 16.088806 37.738312 0.169888
1170.000000 236.739548 177.809784 13.189789 30.465363 0.164820
1170.000000 583.885315 161.293503 11.220581 28.513306 0.149949
1170.000000 88.757317 161.021378 13.763016 33.358643 0.146821
1170.000000 582.596130 162.618088 22.084229 56.246368 0.109967
1170.000000 375.806732 142.850281 22.234802 57.746094 0.105131
1170.000000 241.614807 173.188095 14.634277 36.293640 0.091668
1170.000000 80.461617 158.946121 19.385025 45.691589 0.086486
1170.000000 405.496674 168.218018 14.029236 33.377594 0.079079
1170.000000 354.003784 144.894623 13.343567 30.954437 0.069688
1170.000000 589.750916 166.110123 12.675171 29.878143 0.058867
1200.000000 235.957825 173.494522 17.190247 42.753906 0.417738
1200.000000 469.373932 168.411209 13.540039 32.160645 0.335867
1200.000000 498.090820 170.612427 17.150269 44.015045 0.289739
1200.000000 467.109253 170.225433 18.533142 43.674194 0.269603
1200.000000 404.850616 171.993301 14.521118 34.526581 0.269330
1200.000000 246.876038 182.193130 14.717712 36.832794 0.261387
1200.000000 488.073395 176.598206 10.890503 29.131042 0.259303
1200.000000 28.080774 176.247314 10.620649 26.937958 0.214111
1200.000000 102.714546 168.445923 12.250183 30.306183 0.203237
1200.000000 606.235901 132.982269 13.534180 34.461365 0.173987
1200.000000 177.718185 174.287369 13.813538 34.061188 0.129165
1200.000000 483.150635 175.683746 16.187439 39.917023 0.122973
1200.000000 211.221848 151.449448 17.089874 40.856140 0.100984
1200.000000 33.859268 175.160721 11.004318 30.201172 0.097454
1200.000000 392.006653 168.861221 15.140320 37.228912 0.092723
1200.000000 574.212891 165.210587 13.022583 29.702332 0.092529
1200.000000 572.247253 164.510361 18.483032 43.827148 0.086541
1200.000000 507.502350 166.987610 15.517487 38.693268 0.064888
1200.000000 252.608124 173.440918 14.817932 33.423096 0.053439
1200.000000 69.442886 170.118866 11.703598 28.993591 0.050384
1230.000000 532.670898 166.679794 14.623901 35.935181 0.370240
1230.000000 549.496033 169.553986 15.821655 34.369232 0.354747
1230.000000 395.091766 167.940399 18.430664 43.994629 0.273231
1230.000000 53.400208 170.330627 13.275482 31.822784 0.229205
1230.000000 488.738037 168.034943 14.532410 33.742645 0.171455
1230.000000 525.873352 166.114395 13.183594 32.877563 0.170492
1230.000000 537.708252 169.135956 12.243408 29.814789 0.146285
1230.000000 530.382751 166.997604 10.589233 27.537964 0.141175
1230.000000 442.541595 164.598511 23.494934 55.293732 0.137802
1230.000000 517.846741 163.277542 26.592041 51.594604 0.106650
1230.000000 508.059021 169.572525 12.906372 29.917206 0.102526
1230.000000 513.923035 173.422134 15.329468 36.660797 0.095950
1230.000000 442.675568 168.571457 15.866516 38.739380 0.094806
1230.000000 117.205803 167.258896 10.884285 25.701996 0.089520
1230.000000 397.224426 167.342529 12.797058 31.971741 0.087885
1230.000000 520.235352 166.286713 15.900757 37.379089 0.084844
1230.000000 266.704163 172.885284 15.573181 36.371216 0.072548
1230.000000 540.751099 174.622894 12.742554 30.148041 0.070565
1230.000000 256.209625 174.276260 13.976868 33.237488 0.068866
1230.000000 410.915741 172.044281 17.335571 41.681946 0.064671
1230.000000 485.135071 167.410965 22.146912 55.729919 0.061902
1230.000000 422.026917 175.409058 15.388123 37.639587 0.061313
1230.000000 512.801147 168.981888 12.554199 28.093201 0.057304
1230.000000 30.876949 153.359238 16.464920 39.900208 0.052830
1230.000000 563.263794 172.571487 17.544312 42.530701 0.052398
1230.000000 510.517548 169.392822 21.860992 53.169983 0.051647
1260.000000 257.508118 167.550827 16.499207 40.334106 0.407929
1260.000000 397.261444 165.358994 18.550598 43.692657 0.266612
1260.000000 460.047028 168.017700 15.336670 36.769012 0.257852
1260.000000 544.661194 163.038223 14.867554 34.772125 0.206628
1260.000000 503.992676 162.179871 15.605408 37.682373 0.191523
1260.000000 478.523102 158.517288 16.666321 35.770935 0.170410
1260.000000 116.426598 159.968124 14.890587 38.380493 0.156969
1260.000000 91.324806 139.771790 15.851501 40.219818 0.146735
1260.000000 547.977844 169.833954 15.517700 34.517609 0.139576
1260.000000 499.320831 162.039627 25.227936 58.405945 0.118227
1260.000000 540.689697 160.955368 22.451172 54.406677 0.111044
1260.000000 475.540222 157.242981 23.484070 55.541718 0.087316
1260.000000 88.533539 138.610962 22.517548 57.716217 0.078233
1260.000000 528.412048 168.203339 17.356201 42.637665 0.072358
1260.000000 531.290833 167.282394 11.932617 29.828369 0.067318
1260.000000 456.761383 166.400131 13.829224 32.969299 0.064993
1260.000000 111.126785 157.793579 23.516541 59.109772 0.060832
1260.000000 399.049225 164.746414 12.423828 30.619080 0.056574
1290.000000 489.191437 154.647369 25.647369 58.915863 0.307648
1290.000000 398.029205 163.000061 19.606140 45.950928 0.236714
1290.000000 421.360413 159.646057 14.714600 34.428070 0.181127
1290.000000 36.859077 163.131287 13.097343 32.266632 0.153062
1290.000000 427.912140 163.294754 12.042847 30.680939 0.139684
1290.000000 495.433838 154.932892 16.133911 37.927124 0.127577
1290.000000 418.026154 158.600311 21.849060 52.613312 0.111874
1290.000000 515.595276 62.823334 19.251343 44.931915 0.090889
1290.000000 399.242371 161.568985 13.092468 30.240417 0.085632
1290.000000 574.451233 65.412888 19.116577 40.927658 0.082864
1290.000000 25.427765 171.412262 16.530739 43.022491 0.066803
1290.000000 618.196228 183.970535 16.877563 42.937958 0.065882
1290.000000 466.585571 64.285950 18.111084 41.692047 0.061414
1290.000000 437.079102 161.447113 15.253540 37.393311 0.050473
1320.000000 400.879700 165.629578 21.290283 49.690277 0.660092
1320.000000 418.086792 178.823135 15.848328 38.122986 0.280422
1320.000000 435.973145 164.712814 12.783447 31.308716 0.264817
1320.000000 495.788727 156.792557 14.351807 35.826447 0.256370
1320.000000 18.512247 162.967712 16.080427 37.534790 0.242670
1320.000000 570.127502 158.136963 14.023682 32.830353 0.194747
1320.000000 124.903473 147.572006 13.832642 34.497894 0.183592
1320.000000 438.758087 165.495636 20.055908 49.906433 0.180791
1320.000000 493.315033 160.304596 19.837738 45.268890 0.167126
1320.000000 134.084656 148.661942 12.605438 32.342163 0.147826
1320.000000 430.834198 164.965332 18.405945 47.101440 0.132747
1320.000000 444.920105 169.171249 13.132874 31.370209 0.120132
1320.000000 440.247955 164.915451 13.836487 33.647125 0.100686
1320.000000 389.932190 162.372711 29.029907 67.798492 0.086107
1320.000000 401.125366 164.470612 15.106079 34.890167 0.080924
1320.000000 218.952438 166.706436 16.771057 39.626678 0.080333
1320.000000 566.392334 157.463623 19.467407 47.450989 0.074606
1320.000000 502.846405 165.620300 12.667511 30.697693 0.070777
1320.000000 407.217438 167.941849 15.030396 32.702576 0.066884
1320.000000 39.143375 157.054657 13.886993 34.753967 0.066340
1320.000000 516.605774 159.785217 17.967163 47.241455 0.063189
1320.000000 518.877380 158.533188 12.668579 34.924622 0.060826
1320.000000 90.570839 162.284348 11.690887 28.655365 0.060077
1320.000000 117.863564 145.801483 25.874657 63.273041 0.059662
1320.000000 481.104401 155.218948 16.159241 38.960876 0.057087
1320.000000 248.990112 154.378235 18.544495 44.552277 0.055244
1320.000000 486.685608 158.153198 23.474182 61.257263 0.051779
1350.000000 440.247406 163.935303 16.210876 39.243896 0.541421
1350.000000 11.469461 159.292480 14.490170 35.122284 0.487266
1350.000000 46.370735 163.021149 12.547493 31.070984 0.399338
1350.000000 82.812752 157.619186 15.037842 34.125427 0.255735
1350.000000 403.214142 164.934097 13.970886 32.610657 0.247779
1350.000000 123.675697 151.757889 13.796516 37.031921 0.214110
1350.000000 511.739471 157.651886 14.752167 35.489349 0.204230
1350.000000 435.849091 164.407532 23.906799 58.240784 0.187414
1350.000000 399.444427 165.344925 19.612854 45.724457 0.168834
1350.000000 563.046509 159.230072 19.525757 43.263733 0.109738
1350.000000 4.518874 168.976227 14.999338 34.037781 0.108057
1350.000000 436.084320 169.114349 11.668274 30.480835 0.090935
1350.000000 7.872454 158.643890 20.564125 53.883423 0.075210
1350.000000 507.033875 156.767944 24.543457 56.516846 0.065555
1350.000000 65.817162 161.071045 11.461090 28.795380 0.056651
1380.000000 587.332947 159.794296 23.833862 52.572876 0.578028
1380.000000 74.291206 156.176605 18.001038 42.792145 0.526100
1380.000000 448.292084 168.048401 14.754089 36.600555 0.315292
1380.000000 590.517334 159.982834 16.601074 36.309143 0.299800
1380.000000 531.905273 159.418015 15.068726 35.491516 0.242899
1380.000000 69.817673 155.822784 25.565735 63.371826 0.234888
1380.000000 495.245880 173.537872 14.308105 35.297180 0.231017
1380.000000 445.182404 168.331238 13.508362 29.315796 0.203049
1380.000000 380.729889 154.034592 23.830139 61.506104 0.171145
1380.000000 384.295410 152.687805 14.752380 33.938568 0.166723
1380.000000 393.721497 160.559494 12.716919 32.337860 0.136302
1380.000000 446.783691 166.301697 20.503906 53.341492 0.126305
1380.000000 413.931915 163.305038 10.150452 24.096741 0.123976
1380.000000 581.654907 160.439117 32.173828 77.476105 0.119034
1380.000000 388.082581 159.005096 17.883728 44.781647 0.104160
1380.000000 231.259979 152.549103 16.296295 38.295380 0.095286
1380.000000 595.272644 164.693726 17.110229 40.544159 0.081685
1380.000000 624.291077 166.020416 15.700684 41.863129 0.078987
1380.000000 432.269196 170.442398 13.512268 31.260010 0.077308
1380.000000 175.326660 152.632812 16.627594 41.538910 0.076022
1380.000000 83.528824 167.994598 16.185883 38.224091 0.073126
1380.000000 225.632004 141.391052 21.072876 55.553680 0.072226
1380.000000 527.951111 158.124496 22.194092 53.310699 0.070474
1380.000000 492.160980 171.376831 21.067841 54.058136 0.070425
1380.000000 476.280121 182.475235 15.159302 36.684937 0.066116
1380.000000 603.909912 167.841156 15.221558 36.261139 0.063240
1380.000000 229.915070 143.786789 13.780731 33.735321 0.061348
1380.000000 537.262512 161.458221 12.805664 30.694672 0.054979
1410.000000 464.205139 170.692657 13.393982 31.999878 0.663403
1410.000000 555.422241 155.768234 20.328003 52.939178 0.660102
1410.000000 558.348816 157.575287 15.077637 35.085419 0.351919
1410.000000 470.958832 171.760239 11.719482 28.062103 0.309671
1410.000000 385.786865 159.510498 21.635986 55.159760 0.293195
1410.000000 442.945831 166.273071 12.660278 28.728180 0.251255
1410.000000 461.004730 168.187057 18.923889 46.904602 0.207057
1410.000000 211.776108 154.342987 14.349060 34.930298 0.176684
1410.000000 534.468140 173.833237 16.069580 36.618835 0.171398
1410.000000 619.192322 164.533340 15.453979 40.292908 0.170162
1410.000000 14.730052 167.547638 18.355663 46.568604 0.141550
1410.000000 617.290710 159.268967 21.492676 68.068817 0.130262
1410.000000 476.562134 170.132935 13.271973 30.881195 0.114201
1410.000000 422.786072 165.327759 10.882141 24.378082 0.101169
1410.000000 391.836365 161.861755 13.279358 32.750854 0.090159
1410.000000 85.925720 150.962280 15.891663 39.114563 0.086941
1410.000000 79.221848 152.780792 27.051620 60.687836 0.082904
1410.000000 109.756622 144.221191 20.739960 48.689606 0.082599
1410.000000 9.715535 167.495773 27.169582 70.368652 0.074268
1410.000000 513.050720 166.214020 19.487427 51.398895 0.072369
1410.000000 471.393768 170.947067 15.785583 41.142914 0.071095
1410.000000 506.995422 173.015457 13.144409 30.423187 0.070877
1410.000000 487.575409 178.486069 11.138794 29.620575 0.069731
1410.000000 397.378296 165.534286 11.423706 27.175629 0.068543
1410.000000 480.279388 172.252121 12.923584 32.953125 0.067527
1410.000000 179.643143 154.661285 17.755676 44.127319 0.067082
1410.000000 529.946228 172.594879 21.783936 55.063873 0.065788
1410.000000 622.712708 159.637894 13.295166 33.367157 0.057190
1410.000000 104.928322 141.287598 28.886253 72.899078 0.055335
1440.000000 480.593658 170.962982 14.651306 36.498871 0.727950
1440.000000 589.327209 157.145615 19.801758 49.872559 0.618392
1440.000000 30.221615 168.614304 12.609085 31.083801 0.468116
1440.000000 581.417358 166.789062 15.704590 37.735138 0.415788
1440.000000 500.095978 184.372375 14.074738 33.795593 0.319852
1440.000000 485.860443 171.013748 14.104614 34.749847 0.269155
1440.000000 228.337204 154.143906 14.673065 30.163055 0.241078
1440.000000 566.620239 174.878555 18.954224 44.254700 0.207220
1440.000000 455.999695 168.151001 11.755859 28.750793 0.187764
1440.000000 404.436432 168.356400 13.786804 33.571442 0.185438
1440.000000 183.181137 152.430084 16.875610 42.247498 0.184772
1440.000000 432.034058 167.444214 10.496216 25.583893 0.175088
1440.000000 570.035095 176.583740 13.467773 30.981720 0.172318
1440.000000 493.078705 185.116943 19.924164 47.494385 0.170487
1440.000000 27.713093 169.351334 20.694183 49.227722 0.165942
1440.000000 493.881134 191.111938 13.720886 32.311707 0.162303
1440.000000 219.450226 149.570374 15.021881 34.789948 0.157390
1440.000000 239.827911 143.071472 15.861298 40.540039 0.129309
1440.000000 68.171600 169.803467 15.586700 39.119812 0.126781
1440.000000 586.309082 151.221542 28.611206 77.923920 0.122029
1440.000000 599.509644 150.364182 16.571899 40.534485 0.114190
1440.000000 499.255188 182.121902 11.839844 23.625244 0.106033
1440.000000 178.756866 150.032944 25.333221 63.226746 0.100827
1440.000000 227.506607 152.776657 19.541443 46.097778 0.088115
1440.000000 53.561119 173.765167 17.209892 42.886139 0.077299
1440.000000 12.325377 169.951904 12.761463 29.152374 0.077081
1440.000000 34.659622 172.334625 12.403984 28.749695 0.076998
1440.000000 489.420349 183.657196 13.068237 30.773468 0.076951
1440.000000 55.867813 173.181503 11.774422 28.391266 0.068396
1440.000000 0.000000 174.357086 11.919510 38.118530 0.061057
1440.000000 576.676453 164.103149 23.104858 54.783783 0.059860
1440.000000 195.103256 152.487976 18.997925 46.233551 0.053497
1440.000000 578.405029 168.735321 14.266602 29.437134 0.053225
1440.000000 65.413223 165.401855 23.220718 58.150208 0.051333
1470.000000 496.054596 169.551910 19.551239 47.582092 0.923199
1470.000000 297.609680 152.326965 18.947083 48.052124 0.422925
1470.000000 63.803101 168.198441 15.416306 36.378235 0.340334
1470.000000 542.509094 177.641556 15.645996 35.526978 0.336740
1470.000000 613.819275 161.635315 16.526001 38.831726 0.324165
1470.000000 541.382690 182.338364 19.846191 47.547607 0.320585
1470.000000 46.085205 171.041138 13.663719 28.252808 0.272105
1470.000000 565.726074 173.697235 13.767944 35.098236 0.252577
1470.000000 178.495499 138.241776 14.328918 37.270630 0.223008
1470.000000 235.381638 142.107941 15.129333 37.291260 0.214673
1470.000000 554.521362 177.996338 15.942749 36.792694 0.211734
1470.000000 223.334702 148.461823 15.788208 37.594452 0.200177
1470.000000 522.888489 181.542313 18.359741 43.692871 0.187669
1470.000000 25.721493 167.601837 11.768070 27.134827 0.186613
1470.000000 244.641571 141.960342 14.888916 34.226257 0.163721
1470.000000 60.565754 165.494278 21.362926 53.116302 0.156923
1470.000000 437.111084 170.452026 12.993958 33.349701 0.156635
1470.000000 247.925385 177.013016 17.199219 40.403503 0.131849
1470.000000 195.058594 144.708038 14.040955 33.363953 0.128799
1470.000000 611.314575 193.902802 16.159058 35.894745 0.125852
1470.000000 609.379395 157.405655 24.789185 65.528870 0.118049
1470.000000 428.479767 172.766983 14.240295 32.989532 0.114835
1470.000000 534.166626 179.992493 30.152832 66.564331 0.113201
1470.000000 546.995117 178.519455 21.734131 48.904205 0.094793
1470.000000 292.457031 152.048080 29.405579 73.983612 0.087333
1470.000000 257.525818 177.077545 17.500916 44.845856 0.083119
1470.000000 230.209747 137.265030 13.592529 34.490509 0.076357
1470.000000 345.751740 156.114243 14.509949 33.026306 0.074593
1470.000000 146.934570 137.624771 22.680939 63.546417 0.066150
1470.000000 237.760742 139.593903 20.295990 48.692108 0.063766
1470.000000 228.209778 135.462585 22.018158 56.116852 0.063485
1470.000000 518.053284 180.175217 26.298096 65.303375 0.062851
1470.000000 151.025131 138.957504 16.222137 41.699341 0.056533
1470.000000 0.000000 153.604446 9.574109 44.655670 0.053272
1500.000000 504.682037 170.757690 19.151154 47.264954 0.882604
1500.000000 468.401550 172.748718 11.867676 27.893890 0.529529
1500.000000 27.447197 162.599411 23.694252 55.666962 0.380433
1500.000000 6.252469 170.902313 14.415183 34.245728 0.316562
1500.000000 582.278564 180.070038 16.679688 37.943878 0.315639
1500.000000 232.268143 178.550385 17.740021 43.390350 0.311704
1500.000000 435.973328 169.643021 14.993042 35.136993 0.284433
1500.000000 430.178009 170.925720 23.604187 58.486450 0.240905
1500.000000 245.087524 180.111221 19.502625 50.332611 0.214705
1500.000000 510.245819 171.581284 12.657135 32.013733 0.178577
1500.000000 109.299637 148.763336 13.216080 33.037598 0.158594
1500.000000 577.335632 180.393036 15.806396 37.030426 0.154406
1500.000000 29.920851 162.012589 16.339396 38.290863 0.152909
1500.000000 503.318176 172.675613 13.383789 29.880066 0.127567
1500.000000 20.240461 162.388901 34.034225 78.771027 0.124201
1500.000000 575.958069 178.115997 23.666382 58.434021 0.120719
1500.000000 220.208588 153.601273 15.522919 38.708679 0.120396
1500.000000 464.209595 173.001495 12.887268 30.740479 0.118043
1500.000000 4.278630 170.710831 20.686501 50.626343 0.085914
1500.000000 573.174316 46.407127 13.017578 30.065269 0.082729
1500.000000 511.162537 171.777191 18.550415 46.043823 0.081459
1500.000000 242.232697 183.146103 16.176910 34.985657 0.079948
1500.000000 405.299774 157.337830 14.251709 34.036530 0.071978
1500.000000 499.323273 173.712280 12.377563 27.592804 0.070246
1500.000000 495.645020 168.938721 11.899414 29.185608 0.057268
1500.000000 592.482849 179.958603 15.785889 38.258881 0.053571
1530.000000 515.981140 170.526962 23.191284 55.941895 0.761086
1530.000000 500.322632 176.815735 15.220032 37.993225 0.733613
1530.000000 602.592346 178.359940 28.342773 62.443970 0.706650
1530.000000 612.111694 182.232590 17.936279 45.225189 0.239985
1530.000000 605.643982 34.043720 16.243652 37.260983 0.230681
1530.000000 601.931763 178.425949 19.266113 46.288361 0.210787
1530.000000 171.452316 152.456635 14.942474 34.882416 0.197805
1530.000000 614.075073 180.678345 23.419556 58.182678 0.193365
1530.000000 519.957092 168.740982 16.060791 36.011719 0.154993
1530.000000 154.223648 143.895966 13.766205 33.771179 0.149103
1530.000000 494.649170 175.309692 22.220703 55.318817 0.147466
1530.000000 364.494598 163.466553 17.496399 39.845245 0.131814
1530.000000 166.322510 149.143234 22.627686 54.707977 0.127808
1530.000000 129.947113 146.872040 21.403229 52.745514 0.122514
1530.000000 37.052994 160.993652 15.271805 38.701355 0.122416
1530.000000 519.304077 180.676392 16.928589 36.966919 0.109753
1530.000000 89.998482 147.722763 15.170074 36.690796 0.104350
1530.000000 68.806084 158.407349 14.626114 36.241821 0.102121
1530.000000 99.853149 152.038116 14.658218 32.968658 0.095992
1530.000000 134.830490 139.842224 18.396484 45.425934 0.079439
1530.000000 625.470459 180.338135 14.500610 50.001007 0.061772
1530.000000 359.929260 166.910248 23.509583 58.650787 0.059667
1530.000000 107.078690 153.438248 17.667236 41.271667 0.055409
1530.000000 124.884186 140.842178 32.544006 87.954651 0.054070
1560.000000 437.018921 170.054840 13.648804 34.643280 0.424323
1560.000000 156.739410 143.545486 20.694672 53.715240 0.416507
1560.000000 125.774055 135.273956 22.567757 58.345886 0.309729
1560.000000 214.152893 182.019836 23.253754 60.653717 0.250509
1560.000000 146.959808 141.670609 14.050568 33.654510 0.236292
1560.000000 429.739532 174.423981 13.704346 31.525696 0.207222
1560.000000 131.640213 137.701080 16.099945 38.717377 0.163758
1560.000000 434.519012 168.711700 20.159424 51.431946 0.148749
1560.000000 158.343063 143.512833 14.461060 34.373871 0.124884
1560.000000 151.918167 142.619720 30.154297 75.145782 0.119678
1560.000000 53.390610 144.471817 14.295212 34.313202 0.118102
1560.000000 85.566895 144.463882 12.725906 31.962250 0.110571
1560.000000 163.225418 148.156754 14.439514 33.468567 0.109185
1560.000000 191.451248 181.141663 19.523651 48.490753 0.107965
1560.000000 202.900024 151.775421 13.769348 30.764771 0.102385
1560.000000 125.170158 137.314774 16.288765 38.987640 0.095151
1560.000000 192.668854 152.287186 13.475677 32.425385 0.081267
1560.000000 142.763168 140.175980 21.800751 55.842773 0.056354
1560.000000 588.756653 177.962036 12.394409 26.985748 0.054983
1560.000000 614.595459 183.171295 11.844971 27.623169 0.050851
1560.000000 20.740013 145.625168 13.671040 33.958191 0.050114
1590.000000 377.677216 171.049042 26.521423 62.800720 0.983186
1590.000000 65.527420 132.587234 30.219727 73.136017 0.639952
1590.000000 391.730988 165.159805 17.330017 40.598297 0.535333
1590.000000 568.236450 13.493830 16.529541 37.624985 0.505777
1590.000000 29.553717 141.297989 13.376135 34.052032 0.445357
1590.000000 598.455627 5.427607 15.661377 37.329109 0.422793
1590.000000 108.772079 139.531433 14.248138 35.343109 0.298752
1590.000000 105.538834 176.232574 21.133820 52.364197 0.255746
1590.000000 153.475800 145.614304 13.859161 34.188324 0.231842
1590.000000 55.987801 130.859390 42.629288 105.061310 0.190643
1590.000000 86.417366 133.601227 24.536530 61.016479 0.173028
1590.000000 163.716660 150.548630 12.013336 28.875885 0.148780
1590.000000 18.390200 147.970093 19.923712 49.355499 0.145947
1590.000000 73.701591 132.991501 20.351898 48.539032 0.140926
1590.000000 381.070465 168.348282 14.317139 34.157349 0.138725
1590.000000 150.250381 181.463516 17.858032 53.229126 0.113215
1590.000000 25.023689 140.247803 21.535324 54.150177 0.100221
1590.000000 64.133507 135.589844 22.351395 50.669800 0.093265
1590.000000 116.004776 143.328888 17.134903 40.019196 0.090463
1590.000000 158.688843 147.404968 12.711670 28.230957 0.086794
1590.000000 113.713371 177.604828 16.867638 45.731903 0.083800
1590.000000 203.774811 151.476746 13.631256 32.326508 0.081257
1590.000000 554.744202 175.047104 12.188721 27.564484 0.077040
1590.000000 105.588425 138.011063 23.728241 58.426605 0.074237
1590.000000 545.787048 176.703735 13.798340 32.447052 0.073664
1590.000000 167.709000 151.324081 12.143677 29.886658 0.068136
1590.000000 174.357285 147.115067 13.540802 31.778778 0.063627
1590.000000 187.619873 152.889542 13.187286 31.304535 0.061841
1590.000000 567.336182 174.069397 13.046509 28.023407 0.061465
1590.000000 592.596069 12.850901 12.827393 30.995909 0.058136
1590.000000 374.942810 170.207657 13.074829 29.657928 0.054803
1590.000000 577.988831 176.256134 11.221313 25.914429 0.051896
1620.000000 224.033340 166.394913 27.664276 70.039093 0.975521
1620.000000 331.451233 161.929138 26.449646 60.178894 0.539187
1620.000000 312.069733 161.623505 15.638855 36.767578 0.268167
1620.000000 12.546339 171.688385 16.233978 39.166473 0.258853
1620.000000 340.242676 159.252960 20.550110 50.706848 0.160862
1620.000000 299.756775 165.171478 13.581238 31.688477 0.124030
1620.000000 347.508362 156.623016 17.793213 43.991547 0.105064
1620.000000 461.773499 173.209976 16.798706 40.943207 0.101616
1620.000000 329.223450 164.520081 17.215454 40.159882 0.095892
1620.000000 96.484711 137.346375 19.418106 47.777496 0.094650
1620.000000 575.035461 160.536972 12.313843 33.627808 0.089179
1620.000000 229.406387 167.540939 16.994171 38.736542 0.088043
1620.000000 306.715912 166.728424 14.029663 29.396667 0.083878
1620.000000 79.360458 135.769669 12.705017 32.343201 0.083163
1620.000000 336.938599 160.612534 16.783081 39.138519 0.080365
1620.000000 584.331238 163.587494 13.486816 32.957336 0.080214
1620.000000 538.425842 165.594513 14.159302 33.110168 0.076182
1620.000000 3.449664 162.099930 15.298742 40.649933 0.073105
1620.000000 73.737984 148.380600 15.668427 36.400024 0.062324
1620.000000 291.830688 164.785004 13.479614 31.104340 0.056656
1650.000000 200.250748 152.906723 17.214569 41.346405 0.628502
1650.000000 101.765724 152.815201 12.522736 31.289276 0.532125
1650.000000 154.439529 158.671097 17.749878 44.563599 0.201638
1650.000000 204.851578 157.802094 16.791931 40.640167 0.153747
1650.000000 445.700836 156.632080 14.235046 33.141571 0.130527
1650.000000 461.672302 158.894455 13.981079 31.077789 0.108949
1650.000000 511.262329 154.852325 15.314575 35.848663 0.106860
1650.000000 575.518372 150.950012 18.687988 44.221344 0.100732
1650.000000 580.739929 161.506073 15.275513 36.616516 0.099084
1650.000000 168.305588 161.037598 14.083374 33.419250 0.086828
1650.000000 90.931854 151.472656 11.649780 25.438110 0.074887
1650.000000 151.560471 152.012985 10.952148 26.241425 0.054526
1650.000000 197.071335 153.803802 14.530640 32.503662 0.050844
1680.000000 470.931488 144.693924 14.873657 35.253876 0.063476
1680.000000 13.230203 150.606369 12.874290 29.939728 0.054636
1710.000000 29.237675 126.353874 11.741608 27.369225 0.224307
1710.000000 304.814117 121.112213 24.489136 58.927246 0.098974
1710.000000 449.740570 144.553894 15.539551 37.313354 0.067571
1710.000000 551.499329 133.152222 16.753418 42.161072 0.064735
1770.000000 517.978760 147.745667 15.832397 34.098175 0.102626
1770.000000 513.274658 139.473251 14.035889 34.418915 0.057644
1800.000000 578.770447 145.204620 14.869751 39.158142 0.060715
