30.000000 473.627350 149.010666 14.507751 34.808472 0.533837
30.000000 446.731384 150.818588 26.598999 66.032135 0.244718
30.000000 450.592865 155.201553 18.671509 43.747833 0.145084
30.000000 455.814056 176.460022 18.149475 41.651733 0.094946
30.000000 588.368347 160.207977 11.810669 30.263855 0.077383
60.000000 448.821869 154.405273 20.858032 49.197418 0.516881
60.000000 473.471680 148.980042 14.688599 34.918915 0.516161
60.000000 587.520020 158.962097 14.329590 34.527863 0.424679
60.000000 361.443909 166.858704 17.020752 42.271606 0.276069
60.000000 379.551849 177.820374 13.457153 29.985443 0.177982
60.000000 139.599701 208.409592 14.966187 37.405212 0.124564
60.000000 358.751678 165.841400 23.621155 61.488770 0.111122
60.000000 376.583038 176.921692 18.274170 46.054230 0.052279
90.000000 473.625977 148.693527 14.618164 35.308777 0.570352
90.000000 0.341208 181.460098 20.230476 65.256592 0.460734
90.000000 446.897217 152.042770 25.784363 64.215820 0.311824
90.000000 173.847153 191.768509 12.930054 29.906464 0.139913
90.000000 294.061829 98.294128 16.202576 36.418747 0.115436
90.000000 381.273102 176.800354 11.899048 29.150818 0.094935
90.000000 370.655273 115.389992 15.301270 35.329079 0.082720
90.000000 450.094238 156.733948 18.541443 40.671143 0.072738
90.000000 588.605408 161.475708 13.100098 31.960724 0.070832
90.000000 100.974129 197.884720 16.370422 38.001343 0.057489
90.000000 284.905579 106.634666 13.587341 31.070808 0.051812
120.000000 16.351852 182.129791 24.610424 63.026642 0.967531
120.000000 473.455688 149.355164 14.703979 33.661713 0.720433
120.000000 447.584473 151.221924 24.751953 64.361603 0.425969
120.000000 450.074585 156.220764 18.445496 41.852966 0.181232
120.000000 29.393993 193.175797 18.316345 49.856354 0.113561
120.000000 558.937195 142.900360 28.443115 67.081177 0.097600
120.000000 140.594788 209.782684 12.928802 31.149048 0.093716
120.000000 563.819824 145.179779 19.695801 45.999847 0.072250
120.000000 588.891541 162.245911 11.521118 28.908020 0.066070
120.000000 103.698715 201.808884 15.571686 34.290802 0.060447
120.000000 446.594116 161.389526 14.762573 32.299927 0.050766
120.000000 608.814880 121.744980 15.004272 37.120270 0.050559
150.000000 38.754189 180.916107 24.329338 61.617310 0.935561
150.000000 473.534576 149.486160 14.488525 33.513885 0.709200
150.000000 48.554714 185.688004 19.399693 47.530762 0.630474
150.000000 448.151001 151.015015 23.176392 59.072723 0.470077
150.000000 158.320023 203.457153 10.627655 22.802917 0.177657
150.000000 140.599762 209.727692 12.989227 34.031219 0.154746
150.000000 451.058411 156.311981 17.178345 37.658997 0.105359
150.000000 102.056549 195.501129 17.819656 39.757233 0.092417
150.000000 164.730026 197.009552 14.130829 31.851837 0.080034
150.000000 74.466156 169.889786 15.321671 33.682373 0.052707
180.000000 53.424000 181.854431 23.466991 58.896088 0.960974
180.000000 101.768906 194.838013 17.200012 39.919037 0.583810
180.000000 473.850372 149.629044 14.123718 34.289032 0.553293
180.000000 358.990173 166.509369 21.242432 54.081421 0.186293
180.000000 362.482269 166.176376 15.593323 37.108032 0.104176
180.000000 450.106384 157.997620 18.951660 40.795044 0.102780
180.000000 379.416016 179.278442 13.245178 31.827698 0.055141
180.000000 447.515167 161.195724 14.560425 34.905823 0.050501
210.000000 59.966965 180.760208 24.416428 59.093750 0.974938
210.000000 448.945465 153.710220 21.453369 51.838684 0.653674
210.000000 473.542114 149.087585 14.358643 34.535950 0.645320
210.000000 587.773865 158.725983 13.927490 34.491058 0.281273
210.000000 100.660439 195.241806 17.174942 40.723175 0.239029
210.000000 379.859924 179.344269 12.793335 33.233093 0.072548
210.000000 447.423309 160.485962 16.674683 34.104340 0.056853
210.000000 134.795715 199.651016 13.831543 30.210266 0.056689
240.000000 68.816765 177.890839 23.676804 60.203125 0.968186
240.000000 473.479828 148.751709 14.706604 34.896912 0.615708
240.000000 448.728882 152.667770 20.969910 48.644775 0.418598
240.000000 394.765472 148.720718 15.478333 37.517334 0.209323
240.000000 103.878098 191.255478 18.803467 44.143982 0.100392
240.000000 379.430695 179.157623 13.306824 32.726013 0.082579
240.000000 383.284027 172.801651 13.744507 33.508423 0.074210
240.000000 287.616150 104.874176 12.883484 29.057938 0.064831
240.000000 429.326477 169.257797 18.448486 43.641296 0.052925
270.000000 77.082558 181.191422 22.143570 56.345764 0.973187
270.000000 447.449738 151.698792 25.433350 66.075806 0.722557
270.000000 473.379822 151.046005 13.850220 32.055786 0.572188
270.000000 429.713684 169.187637 18.421997 44.259521 0.542427
270.000000 454.976929 177.133331 17.340210 40.835541 0.233056
270.000000 587.242188 160.878815 13.901001 34.194031 0.166217
270.000000 45.362465 192.464798 18.435776 39.213318 0.127465
270.000000 409.887878 140.182526 15.377686 37.050415 0.094743
270.000000 158.288559 203.655884 10.859924 24.220093 0.087322
270.000000 161.957123 200.717422 15.650482 39.570831 0.082134
270.000000 394.921234 152.485168 14.403992 33.126801 0.081767
270.000000 53.319534 192.725449 16.379501 38.261658 0.079945
270.000000 435.277039 185.248611 14.171997 28.243225 0.075990
270.000000 165.173691 199.932022 11.324860 27.185974 0.066545
270.000000 550.756653 157.973160 14.148682 35.125610 0.065899
270.000000 198.315125 177.414291 17.046082 40.273773 0.065381
270.000000 157.211212 204.803009 14.395233 34.367218 0.064129
270.000000 384.007812 176.206589 12.667542 29.188385 0.056636
270.000000 448.263885 159.225266 17.668579 39.107483 0.056091
300.000000 82.747574 182.844742 20.507324 55.130493 0.631506
300.000000 447.095612 151.680817 26.089172 66.506012 0.546854
300.000000 473.554260 150.991791 13.781494 32.455750 0.440970
300.000000 549.424683 158.211945 13.610107 33.651184 0.331427
300.000000 587.575867 160.778778 13.871216 34.076721 0.196169
300.000000 454.741882 176.935455 18.165833 41.567230 0.189127
300.000000 141.331940 210.610199 12.196075 32.343140 0.113036
300.000000 452.540497 158.504135 17.782898 39.457977 0.103270
300.000000 94.339890 197.914764 12.512558 30.538971 0.067340
300.000000 158.351410 203.833374 10.798676 24.056671 0.065897
300.000000 395.321808 153.390518 14.539429 34.681274 0.063935
330.000000 82.941254 182.560440 20.482208 52.364532 0.954069
330.000000 473.905243 150.840515 14.038391 32.250061 0.626626
330.000000 447.283020 148.677979 25.138794 69.329987 0.381848
330.000000 199.342300 176.075684 14.431580 34.666412 0.258191
330.000000 451.472412 155.454681 18.612793 46.037872 0.233284
330.000000 195.371109 175.378342 22.098511 54.570099 0.219584
330.000000 429.452332 169.639023 18.944824 43.705505 0.133549
330.000000 158.126953 203.404434 10.034546 24.255524 0.086114
330.000000 162.997604 200.732117 15.053802 36.952484 0.074927
330.000000 456.579742 161.806076 13.129333 30.311768 0.070161
330.000000 202.476044 178.496628 16.827026 40.772888 0.058465
360.000000 85.041016 185.116501 20.417694 51.772644 0.893264
360.000000 448.057404 155.724686 22.832031 56.122589 0.476730
360.000000 473.721008 153.036819 14.203247 32.249542 0.437792
360.000000 588.333496 166.638229 12.561401 30.028625 0.200396
360.000000 451.589996 159.990906 16.382446 37.728333 0.192116
360.000000 396.098846 158.406281 11.799255 27.487518 0.101198
360.000000 548.707092 163.142120 14.768921 33.160034 0.085991
360.000000 201.729721 185.703140 18.311035 44.673248 0.061916
360.000000 496.803772 140.745499 28.755310 72.362030 0.056357
390.000000 89.607323 189.247971 19.100342 45.833160 0.887274
390.000000 473.365936 155.202301 14.869934 32.817993 0.737730
390.000000 430.916260 174.940643 17.217712 42.622650 0.636997
390.000000 450.408051 160.270020 20.151123 46.730560 0.361588
390.000000 356.075073 178.481705 20.455078 48.797607 0.310630
390.000000 158.369080 208.050262 10.601715 23.117249 0.131972
390.000000 507.304932 183.224426 13.819702 32.056976 0.122406
390.000000 549.717834 162.233505 14.267090 36.816986 0.107709
390.000000 362.194580 175.157898 14.622437 34.979462 0.096734
390.000000 351.074738 174.635895 28.553833 72.443207 0.091490
390.000000 353.248383 179.110352 15.477722 35.236176 0.082152
390.000000 164.187439 200.939209 11.659973 27.879608 0.081518
390.000000 521.988037 174.075790 14.432007 28.454529 0.076926
390.000000 587.543701 165.472076 13.557129 32.998718 0.075805
390.000000 457.505646 165.881592 12.979248 29.745758 0.062039
390.000000 395.836029 158.476212 12.458313 27.241119 0.060880
390.000000 498.908478 143.266296 27.005096 69.351501 0.051709
420.000000 474.318542 162.871262 13.306396 31.790710 0.588689
420.000000 90.423439 194.271973 20.237061 50.956573 0.514876
420.000000 451.389313 169.391144 18.838074 43.522461 0.481675
420.000000 587.390991 173.602051 15.656494 37.537567 0.129473
420.000000 333.950439 108.685699 15.206360 34.501556 0.106247
420.000000 457.595337 173.628754 13.331299 30.311523 0.091857
420.000000 449.024384 172.204544 14.330566 32.312408 0.062733
420.000000 98.118713 196.651398 21.636551 51.497650 0.060277
450.000000 591.519348 175.445267 14.121460 33.240845 0.277465
450.000000 89.058647 196.439499 21.173737 56.797882 0.102283
450.000000 569.518066 162.734619 33.203979 82.569946 0.087235
450.000000 250.341660 203.692276 19.192429 48.923431 0.080536
450.000000 584.076904 202.730408 15.041260 37.186127 0.071459
450.000000 475.332916 164.925385 13.861572 33.912628 0.064227
450.000000 248.539627 201.906494 14.927994 38.123383 0.057490
450.000000 260.638092 195.127701 14.923950 39.115295 0.056967
450.000000 574.466553 164.659073 23.317505 54.640106 0.052962
480.000000 81.303200 192.712646 17.049850 41.379181 0.630887
480.000000 568.505798 170.247314 15.157715 38.380280 0.434800
480.000000 111.584297 191.809265 18.132973 42.194305 0.386467
480.000000 73.270241 183.675095 23.453323 58.678345 0.379015
480.000000 476.079010 161.863373 14.598877 35.036713 0.249669
480.000000 98.171211 184.828140 19.963882 49.532379 0.233516
480.000000 267.590546 195.252029 15.013184 37.314667 0.188945
480.000000 258.008118 192.941483 12.788025 31.871582 0.184259
480.000000 574.985962 173.260315 14.066284 35.843506 0.178302
480.000000 187.859756 185.431183 14.992401 35.385071 0.174120
480.000000 89.995239 192.623459 16.920258 42.429443 0.148694
480.000000 115.605515 191.121750 12.646851 29.718353 0.136520
480.000000 560.857483 173.022827 12.671509 31.004181 0.088250
480.000000 545.903320 169.444717 12.552612 32.171143 0.086695
480.000000 554.440796 172.311615 12.866211 30.650452 0.055489
510.000000 67.609016 191.915634 17.605576 44.955963 0.559819
510.000000 356.006012 181.854874 14.124390 33.687653 0.308354
510.000000 402.118011 173.591125 12.664978 32.875793 0.259098
510.000000 426.919800 168.406219 14.557068 34.505920 0.208751
510.000000 572.625122 167.351501 15.013062 34.275238 0.190738
510.000000 441.002777 183.654282 17.776367 40.554474 0.149257
510.000000 481.509399 164.292175 12.988403 26.904785 0.135810
510.000000 563.205627 165.713516 11.590088 27.620422 0.121773
510.000000 475.384064 155.265564 25.349243 59.931641 0.108348
510.000000 273.282623 186.144547 12.915894 29.964874 0.105055
510.000000 90.524399 187.282654 22.424072 55.050293 0.094043
510.000000 482.399078 155.463242 17.026794 37.848785 0.077798
510.000000 282.283142 177.099380 23.609680 60.299713 0.065100
510.000000 352.435425 180.628571 20.386536 47.824310 0.060688
510.000000 465.506622 191.077866 17.395752 40.625732 0.059388
510.000000 255.248306 182.445755 12.580215 30.242859 0.059212
510.000000 451.302246 185.069809 13.327759 33.019989 0.056759
510.000000 390.409302 184.774582 9.067993 22.099335 0.054591
510.000000 286.987671 177.869766 13.689758 33.866333 0.053790
510.000000 425.014343 170.537964 21.814087 53.168396 0.053660
510.000000 100.884468 201.871826 15.704819 40.167023 0.050132
540.000000 32.885002 177.530518 22.607086 55.693146 0.961282
540.000000 544.673950 171.104904 15.900513 41.093750 0.286909
540.000000 559.252930 164.161926 15.336182 37.970123 0.264909
540.000000 448.742493 170.443726 21.177063 51.226990 0.258645
540.000000 450.088623 152.572968 22.424683 52.770050 0.203831
540.000000 591.925720 156.265900 26.193359 60.588135 0.146664
540.000000 599.852600 158.490250 17.354492 41.500305 0.122105
540.000000 24.155674 184.621216 19.241653 48.649872 0.106311
540.000000 577.041199 157.543884 14.292358 32.604492 0.093616
540.000000 45.739552 171.682343 27.481892 67.187500 0.071069
540.000000 454.000549 174.270142 14.607178 32.032349 0.068339
540.000000 282.497833 167.603912 14.486267 35.802826 0.066348
540.000000 168.126663 172.141983 11.746155 29.213654 0.056858
540.000000 461.252136 178.034805 11.860657 26.320618 0.056236
540.000000 591.861694 159.866989 16.495483 37.378998 0.053035
540.000000 532.952698 165.790466 12.841064 31.881195 0.050993
570.000000 612.213806 150.643387 15.832642 38.732147 0.384615
570.000000 610.039673 150.396194 21.807129 57.556976 0.198747
570.000000 40.883728 204.869934 16.484818 35.855988 0.148817
570.000000 536.631226 173.145721 18.607544 46.077606 0.137213
570.000000 608.354614 151.559982 13.487915 30.683716 0.103617
570.000000 355.494476 174.018295 16.145142 38.685822 0.057734
570.000000 613.442627 164.215530 16.593140 36.499786 0.056248
600.000000 292.136383 177.713745 12.456177 30.252563 0.201892
600.000000 468.682373 148.583939 16.473633 40.217407 0.199491
600.000000 429.538452 67.533043 13.356201 29.991196 0.194803
600.000000 278.624237 73.401337 16.473511 37.654114 0.185420
600.000000 332.090729 72.898232 16.679810 39.516190 0.164474
600.000000 438.205536 70.168816 15.197449 34.393723 0.112934
600.000000 585.432251 174.756104 15.383911 36.678375 0.111559
600.000000 575.112854 163.558090 17.023926 37.756897 0.074256
600.000000 218.345596 175.318161 12.692047 31.535187 0.072381
630.000000 470.698730 150.048676 14.622803 35.896912 0.618881
630.000000 460.641724 151.404510 11.611877 29.394440 0.466503
630.000000 116.099136 171.978821 17.038055 42.234009 0.424963
630.000000 292.873169 179.505402 13.007751 32.740814 0.403674
630.000000 457.844116 150.942230 16.816101 41.850006 0.188007
630.000000 299.264679 175.895813 16.452698 39.578979 0.154401
630.000000 441.686279 58.712498 13.368469 32.073452 0.109224
630.000000 100.208473 173.474319 14.949631 37.333771 0.091625
630.000000 562.157288 161.770996 20.180786 46.302612 0.079945
630.000000 579.048706 168.348450 15.393433 36.111877 0.076182
630.000000 417.910309 66.143883 13.570984 31.378357 0.070926
630.000000 431.697510 56.637985 12.595154 28.410995 0.060278
630.000000 526.618408 170.023621 14.096191 32.890289 0.055415
660.000000 43.941639 172.058823 13.983253 36.405273 0.172645
660.000000 397.899445 170.832870 11.809814 29.568604 0.126747
660.000000 93.809769 173.393509 14.530045 34.594635 0.109820
660.000000 37.270546 172.711227 23.694016 53.658295 0.058449
690.000000 562.957825 162.033340 16.462158 38.054352 0.583906
690.000000 475.898163 25.877922 24.742004 65.048775 0.324939
690.000000 479.634491 26.461613 17.342896 40.230022 0.302504
690.000000 469.196716 22.283852 14.032776 33.843529 0.272705
690.000000 415.849609 168.701355 13.572754 33.230194 0.242753
690.000000 120.974548 192.916687 12.562454 31.093597 0.231883
690.000000 202.819046 179.740204 12.076385 29.228638 0.119698
690.000000 453.401001 24.582123 18.919067 42.322945 0.112496
690.000000 470.617462 161.104309 13.432312 31.256073 0.073502
690.000000 458.575531 30.422171 17.501648 41.536705 0.064400
690.000000 508.359100 74.139069 12.931000 26.977966 0.062114
690.000000 386.602631 175.341125 13.713379 33.173096 0.060444
690.000000 459.219849 156.199295 13.282349 32.297577 0.055943
690.000000 472.335205 33.586823 19.538574 41.956856 0.053090
720.000000 22.651764 165.148361 22.909157 58.146545 0.211517
720.000000 607.223877 158.197464 20.659424 51.671753 0.107907
720.000000 194.342728 174.323898 12.358368 29.390564 0.070923
720.000000 60.518627 201.884705 14.088001 31.792725 0.052627
720.000000 383.135468 172.217224 12.009094 30.009247 0.052228
750.000000 33.738007 175.495422 20.216644 50.849854 0.692655
750.000000 164.344299 175.517395 12.079865 29.557373 0.237182
750.000000 46.988983 169.745651 23.103065 59.622589 0.214332
750.000000 0.271564 151.000458 22.647915 66.360870 0.174515
750.000000 493.371887 161.899353 11.256226 28.745026 0.128639
750.000000 27.321051 175.191452 17.388018 40.281525 0.122219
750.000000 454.109955 119.133568 12.026489 27.752266 0.093956
750.000000 35.971039 176.508957 13.799110 33.587585 0.088448
750.000000 50.413723 173.576126 16.640919 37.999908 0.065099
750.000000 141.901688 172.797913 13.802307 33.675537 0.059935
750.000000 196.390778 162.419037 14.079498 33.858643 0.053871
780.000000 502.155304 158.550613 11.058258 30.174225 0.158362
780.000000 181.158813 165.980225 14.559998 35.164215 0.123892
780.000000 300.389221 164.307663 14.788086 35.929443 0.097616
780.000000 350.378693 149.536316 19.382935 42.176056 0.071904
780.000000 379.925995 167.467026 13.191284 31.476959 0.067348
780.000000 196.677567 153.027344 20.411072 47.578522 0.066828
780.000000 429.656158 191.099060 14.667664 36.150360 0.057332
780.000000 404.855438 182.916687 13.835693 36.328674 0.052313
810.000000 212.274597 161.125748 14.735443 35.698639 0.301712
810.000000 140.834244 138.635574 20.139893 49.516541 0.213009
810.000000 192.376068 154.632797 13.132690 33.255035 0.196634
810.000000 470.013641 161.141357 13.543701 34.003265 0.168970
810.000000 546.175842 116.871346 15.656860 40.775810 0.155681
810.000000 126.586586 124.336845 26.132378 67.065742 0.152985
810.000000 244.590729 6.080227 23.335388 56.567894 0.118225
810.000000 500.584808 133.547211 14.476166 34.856598 0.074414
810.000000 472.489960 156.202591 16.385925 42.832062 0.065890
810.000000 421.822968 168.780472 17.614929 42.316620 0.064506
810.000000 300.233459 159.066833 13.810120 32.569733 0.059796
840.000000 570.144043 125.093544 44.091309 108.622063 0.988958
840.000000 563.102051 142.986328 21.619385 51.703400 0.412246
840.000000 55.544724 168.816254 18.991348 47.336487 0.240164
840.000000 576.299255 126.788879 31.550293 74.028503 0.161821
840.000000 569.615906 128.267487 28.178711 63.609680 0.135521
840.000000 595.145691 128.595779 33.114746 91.519897 0.087370
840.000000 612.587036 94.614250 26.981934 129.904144 0.075077
840.000000 557.376770 149.548233 18.306274 42.937347 0.073637
840.000000 563.389099 144.467987 16.429565 34.008331 0.060834
840.000000 568.234741 136.711151 18.771118 37.477509 0.052019
870.000000 158.764236 182.428635 16.214264 32.786224 0.318042
870.000000 326.474548 160.007690 17.910889 43.044769 0.300612
870.000000 147.027344 185.354767 16.294067 34.009613 0.197013
870.000000 420.276581 163.147858 13.292847 32.914276 0.093321
870.000000 107.514725 183.674133 14.225922 36.253143 0.051052
900.000000 469.762146 156.919876 15.190247 35.674072 0.761514
900.000000 39.725540 112.097473 21.536621 51.438751 0.324876
900.000000 52.341011 175.841187 14.682350 36.431305 0.169141
900.000000 71.027664 174.689972 16.276657 40.027710 0.161977
900.000000 104.416031 162.431534 20.185547 45.426971 0.145935
900.000000 107.364716 160.029327 14.650406 31.642487 0.092149
900.000000 84.033134 178.668091 15.920059 38.696838 0.091807
900.000000 217.781982 154.434326 15.389343 38.509766 0.085904
900.000000 97.795807 150.963211 18.778900 44.473267 0.061652
900.000000 443.655182 152.266373 18.025330 43.650421 0.053420
930.000000 483.686676 150.003433 19.430847 45.407806 0.847727
930.000000 195.337097 157.174057 13.339050 32.173462 0.468628
930.000000 500.651276 143.852722 13.976959 35.252197 0.269215
930.000000 445.191772 152.007843 16.948975 39.905548 0.225014
930.000000 439.636627 154.887665 14.259155 34.787689 0.213209
930.000000 189.067780 157.573364 15.039581 34.541840 0.198393
930.000000 539.373413 151.254242 11.817749 27.601410 0.119771
930.000000 456.789215 138.564774 13.924194 32.778351 0.075088
930.000000 545.479187 151.823471 17.895142 43.312927 0.074336
930.000000 482.265778 150.036026 12.517273 28.385345 0.062189
930.000000 536.077515 93.763565 29.980713 78.913483 0.058260
960.000000 530.080200 153.182037 20.704346 50.153320 0.967379
960.000000 176.223694 155.370636 13.650604 34.233490 0.463291
960.000000 453.098297 144.984161 20.896301 50.370453 0.381547
960.000000 158.825439 152.529358 15.810425 38.526276 0.246063
960.000000 164.185059 158.240936 14.809479 35.123230 0.165971
960.000000 383.026062 160.273865 12.904846 31.094788 0.092932
960.000000 386.306091 157.093979 14.345154 36.008545 0.081098
960.000000 527.802551 133.203018 16.009155 36.487640 0.058260
960.000000 204.188004 157.069962 12.167603 28.176453 0.053812
960.000000 18.511597 99.098770 13.614788 32.938904 0.051319
990.000000 586.092712 130.622162 12.994019 32.708008 0.545237
990.000000 114.792534 158.422272 17.610329 43.381012 0.531758
990.000000 314.581085 146.571045 19.496582 49.625488 0.258714
990.000000 611.394714 137.799057 20.985840 55.103973 0.196297
990.000000 363.457489 152.312042 13.868225 34.023193 0.162339
990.000000 382.880554 151.141846 13.757507 31.766815 0.155312
990.000000 154.176468 166.075211 13.150116 31.951691 0.151892
990.000000 144.988007 160.255081 16.501251 41.365936 0.119256
990.000000 627.371460 131.023727 12.549561 45.171539 0.109876
990.000000 581.334900 127.680359 18.932251 44.940948 0.104097
990.000000 612.041077 143.915344 14.792480 31.964844 0.087623
990.000000 123.934975 171.191696 14.348045 30.237579 0.079110
990.000000 570.105469 122.025833 20.140137 48.023621 0.076417
990.000000 362.884155 150.823761 20.178223 46.973419 0.053691
1020.000000 82.636887 149.447952 18.783524 44.120880 0.675297
1020.000000 71.269638 154.854370 18.523926 42.148499 0.534420
1020.000000 89.322876 149.573486 16.200424 37.751434 0.304565
1020.000000 142.952637 139.455963 14.887054 35.993134 0.270995
1020.000000 75.119781 146.074600 14.345367 33.665405 0.187557
1020.000000 117.791023 141.258270 16.335472 41.299835 0.142544
1020.000000 370.269623 137.113464 16.601501 41.230927 0.109973
1020.000000 139.139816 137.308380 22.409668 53.270294 0.102220
1020.000000 95.186821 150.878677 15.275742 35.532898 0.077560
1020.000000 294.712097 147.939804 15.514954 38.664307 0.073813
1020.000000 375.149048 135.684052 16.756470 39.275360 0.069222
1020.000000 85.730934 148.155579 12.571533 28.188446 0.056930
1020.000000 391.633606 143.999695 13.481995 28.354126 0.054465
1020.000000 605.979370 121.579315 10.408325 26.773163 0.054395
1050.000000 49.695324 151.098984 18.489719 44.103394 0.632703
1050.000000 367.724762 128.739502 23.867432 57.503204 0.341191
1050.000000 17.657217 157.978546 14.871016 34.672272 0.132840
1050.000000 56.777847 147.422516 17.832001 43.534058 0.111786
1050.000000 227.866379 154.182968 15.737488 37.680237 0.096416
1050.000000 424.698578 136.965897 18.934265 44.359131 0.095635
1050.000000 367.782196 131.251587 15.440918 42.748871 0.089167
1050.000000 235.551132 154.888565 16.068756 39.849182 0.088476
1050.000000 246.660767 152.938873 13.448212 33.693329 0.087015
1050.000000 149.068329 145.143036 12.541229 30.981842 0.074466
1050.000000 376.057922 128.944092 20.032471 47.779510 0.067501
1050.000000 203.225922 163.544235 14.261780 31.836487 0.060668
1050.000000 19.239414 145.135284 24.146648 59.703644 0.053285
1080.000000 31.918680 149.178467 18.494795 44.916931 0.895489
1080.000000 250.639862 147.297974 14.728516 34.848572 0.481468
1080.000000 66.787346 154.726212 15.301361 36.328979 0.297656
1080.000000 174.854065 157.474335 14.771362 35.865997 0.282014
1080.000000 124.964523 157.002899 18.186310 46.894745 0.261533
1080.000000 212.009766 156.992584 14.361664 36.458069 0.241399
1080.000000 429.302032 130.192444 19.888306 49.604950 0.148590
1080.000000 431.636139 131.890244 12.178955 29.488495 0.145622
1080.000000 384.565765 124.195518 29.804993 69.936440 0.142768
1080.000000 375.420074 123.314728 24.239258 62.119720 0.137025
1080.000000 130.846436 144.925629 12.984589 33.954651 0.119195
1080.000000 476.905731 177.345215 16.277527 39.171600 0.110572
1080.000000 117.368904 167.946747 13.387474 32.654114 0.105149
1080.000000 406.534332 118.666519 14.832031 36.546875 0.095903
1080.000000 45.098648 150.663177 18.660034 45.818146 0.094649
1080.000000 60.017410 148.215881 23.413071 50.742828 0.093628
1080.000000 423.964172 128.013412 29.679138 71.990875 0.087437
1080.000000 27.323853 144.204681 16.227547 40.763794 0.087217
1080.000000 401.509766 117.503876 21.562317 54.867615 0.086371
1080.000000 192.371002 147.514526 15.579956 37.756042 0.075765
1080.000000 454.678101 121.026390 13.354431 32.465218 0.072762
1080.000000 379.389618 151.816925 17.041138 40.327484 0.072483
1080.000000 120.202850 146.729858 14.307480 35.199310 0.070502
1080.000000 162.500946 150.969620 15.838379 37.519379 0.068805
1080.000000 437.657532 132.622406 15.886047 36.513184 0.066091
1080.000000 146.351654 152.792618 15.737244 38.026581 0.057310
1080.000000 122.364670 158.425415 14.631500 36.104431 0.054801
1080.000000 451.637634 138.557480 15.287415 37.687347 0.051081
1110.000000 55.224800 152.308701 17.362030 42.351227 0.257376
1110.000000 41.301975 148.339035 25.049892 60.378418 0.241819
1110.000000 402.154938 131.711212 33.455688 80.336273 0.206139
1110.000000 49.149441 135.005493 25.162525 65.002960 0.200755
1110.000000 81.594788 148.356369 15.317032 38.164886 0.116945
1110.000000 21.849974 154.920044 14.914141 38.911957 0.085121
1110.000000 414.909576 125.226913 27.015808 71.634125 0.084035
1110.000000 591.382446 43.361084 18.617554 41.893204 0.078982
1110.000000 410.432312 135.604294 36.965332 85.312195 0.054417
1110.000000 593.819458 2.206772 21.557617 51.307064 0.053796
1110.000000 393.936951 128.202057 20.410889 50.095276 0.052632
1140.000000 438.406982 164.189911 14.522644 34.606323 0.201594
1140.000000 99.814804 159.422958 13.303436 32.929718 0.123784
1140.000000 74.571198 171.967224 17.411713 45.387939 0.121726
1140.000000 263.769257 171.634613 16.390076 40.415619 0.068201
1140.000000 114.318687 156.730255 17.221626 44.489868 0.052942
1170.000000 86.454720 176.239929 25.708038 65.869781 0.574576
1170.000000 76.356911 166.332184 30.254593 76.838470 0.417311
1170.000000 402.941711 171.509949 17.191040 41.961456 0.248825
1170.000000 175.969498 199.369186 23.102112 55.218048 0.139790
1170.000000 362.047729 176.080246 17.738647 39.488464 0.104970
1170.000000 70.340790 162.840790 28.513977 64.729248 0.077885
1170.000000 398.812012 168.613510 25.325562 68.348114 0.077623
1170.000000 179.780396 197.588120 16.679169 38.883575 0.060618
1170.000000 336.580200 195.902695 14.836487 35.384094 0.055760
1200.000000 515.079163 17.967882 15.127075 36.402641 0.359289
1200.000000 505.945282 14.564224 16.881989 41.403999 0.171494
1200.000000 522.755310 13.401276 17.044678 41.735123 0.080706
1200.000000 521.197449 67.571716 17.175537 37.645294 0.069020
1200.000000 519.526978 12.674837 24.082642 61.159981 0.066194
1200.000000 596.814636 193.522644 42.082031 147.604065 0.052511
1230.000000 67.368530 23.457502 18.242111 43.289345 0.238452
1230.000000 64.741287 17.372253 28.781357 67.495270 0.142036
1230.000000 592.806396 137.876144 43.132568 120.448685 0.068757
1230.000000 83.981171 0.000000 38.552017 79.892838 0.066927
1260.000000 525.464111 140.469528 24.192261 60.838440 0.457095
1260.000000 514.857666 147.671951 19.052612 45.688049 0.377998
1260.000000 462.429443 174.401321 11.179077 27.835297 0.207938
1260.000000 507.012787 159.078766 13.431671 28.909088 0.091428
1260.000000 515.392578 150.273087 12.405151 31.953430 0.089386
1260.000000 529.880249 139.906021 16.860962 43.335785 0.070137
1290.000000 125.008041 174.282867 13.594574 34.577606 0.089836
1290.000000 234.978897 193.684525 15.585693 35.100189 0.062022
1320.000000 171.438538 178.132339 12.036346 30.149445 0.098574
1320.000000 77.388367 189.204498 14.453171 35.380188 0.059307
1320.000000 542.524719 162.634247 18.723389 45.947113 0.056064
1320.000000 555.807739 161.922760 13.011719 32.180725 0.055325
1350.000000 57.450920 176.026733 17.057495 43.107605 0.445985
1350.000000 150.235092 176.937469 18.294464 43.452637 0.336976
1350.000000 59.004025 173.667511 12.876232 31.858368 0.283190
1350.000000 64.503624 174.203339 12.606796 30.584320 0.247280
1350.000000 155.988647 176.629547 13.200500 32.486145 0.217215
1350.000000 129.728149 178.905182 12.920746 33.812469 0.212517
1350.000000 63.852627 177.957413 16.653950 40.183380 0.194693
1350.000000 162.733505 176.750809 13.773041 31.606720 0.191234
1350.000000 89.821983 172.014755 15.883774 38.824463 0.170660
1350.000000 148.132401 177.625671 14.673828 33.576538 0.163673
1350.000000 157.301086 176.233292 19.541168 46.021576 0.147381
1350.000000 144.042877 181.685699 16.089752 37.780792 0.108359
1350.000000 395.928101 187.438354 12.830750 31.147766 0.106816
1350.000000 122.526176 176.780197 16.758263 41.001801 0.102139
1350.000000 75.331177 178.268890 15.178268 37.479309 0.101335
1350.000000 53.981720 177.002563 12.789108 31.968018 0.090926
1350.000000 85.066704 170.358429 22.817154 57.372437 0.088801
1350.000000 166.740646 179.353409 12.909790 33.076019 0.075144
1350.000000 73.722527 177.044510 21.803101 53.187988 0.072505
1350.000000 151.835709 174.679718 13.854004 29.944794 0.064547
1350.000000 66.818848 175.590347 21.927841 52.766907 0.060195
1350.000000 118.619720 178.288681 15.280304 35.796661 0.057291
1350.000000 194.986130 174.961639 12.496613 31.585358 0.054167
1380.000000 412.019958 136.234024 12.194275 31.867645 0.178304
1380.000000 419.100128 139.298111 11.142456 28.693939 0.060117
1380.000000 51.047112 183.591080 15.283882 37.908508 0.059610
1380.000000 483.993774 147.488602 11.547546 27.188293 0.056597
1380.000000 382.412720 145.698975 10.908020 27.361206 0.056539
1380.000000 42.895504 180.504898 19.278435 46.918488 0.052638
1410.000000 77.530251 187.517181 19.449539 48.120270 0.410238
1410.000000 82.793121 185.550446 13.696274 32.343628 0.221708
1410.000000 100.186226 177.141129 20.403397 50.283203 0.145727
1410.000000 445.419189 206.464890 12.216797 29.222717 0.078657
1410.000000 83.677025 187.741196 17.960114 40.839020 0.059838
1410.000000 447.872498 192.406403 12.537170 30.753906 0.055103
1410.000000 125.886497 179.141602 14.506554 34.031219 0.051616
1440.000000 566.645447 201.822891 17.226196 44.354004 0.724499
1440.000000 538.373962 215.000610 15.658691 37.639557 0.122872
1440.000000 138.609726 175.868988 12.284119 31.998047 0.106596
1440.000000 544.533447 213.524353 12.090454 29.786957 0.096216
1440.000000 39.463207 167.554367 16.152122 38.776917 0.082336
1440.000000 429.674377 173.163849 13.574707 33.883850 0.078638
1440.000000 549.023987 211.479828 11.249390 29.045685 0.078532
1440.000000 513.236694 222.693207 13.447510 31.544922 0.065839
1440.000000 218.463669 182.493118 12.332001 27.507263 0.063172
1470.000000 428.446198 11.000031 13.959229 35.581348 0.173081
1470.000000 438.857574 12.916834 14.138977 35.381004 0.110166
1470.000000 548.606567 60.735710 15.223755 33.684021 0.101282
1470.000000 0.152006 166.540939 21.546995 63.483459 0.071246
1500.000000 491.280823 161.780121 16.455994 41.104736 0.546470
1500.000000 468.207855 161.720978 14.475403 34.429016 0.198156
1500.000000 427.416809 166.249298 12.519470 31.667664 0.157917
1500.000000 153.348129 193.811523 12.092194 30.611023 0.101254
1500.000000 491.873352 161.161469 12.277893 28.042328 0.092614
1500.000000 438.549377 109.991959 14.412109 34.234055 0.079972
1500.000000 388.842560 152.398666 15.329468 36.488525 0.078723
1500.000000 380.751892 151.756165 15.567505 36.534332 0.069133
1500.000000 592.350708 31.164991 16.250366 38.425201 0.063424
1500.000000 477.496094 161.582489 15.263245 38.050446 0.057857
1500.000000 450.573944 109.277313 15.338745 37.915375 0.053084
1500.000000 482.380402 167.664703 16.964478 34.227814 0.051878
1500.000000 454.009949 167.170700 14.576599 33.978210 0.050148
1530.000000 408.822601 165.465103 16.922607 41.237946 0.908887
1530.000000 273.827545 51.845070 13.641663 32.796432 0.247641
1530.000000 150.880035 142.840515 16.126709 39.975311 0.115429
1530.000000 146.517044 140.714233 26.902252 68.182831 0.084956
1530.000000 416.788757 172.938675 13.501587 29.697601 0.084341
1530.000000 267.157043 50.853996 13.460754 30.960632 0.070037
1530.000000 401.362854 165.325623 17.973694 41.473358 0.066269
1560.000000 369.957916 161.055130 20.761658 49.702576 0.918685
1560.000000 382.088776 161.603439 20.179871 49.667969 0.680438
1560.000000 22.139786 152.926941 16.619797 39.255402 0.496082
1560.000000 403.937317 155.128281 13.358887 32.189972 0.302789
1560.000000 234.361511 163.175049 15.744934 34.771973 0.267411
1560.000000 349.180389 146.979736 22.589966 58.739868 0.262930
1560.000000 8.696065 152.590393 15.540820 36.231201 0.247511
1560.000000 0.000000 150.109558 11.885012 48.264954 0.163085
1560.000000 564.018311 168.977081 18.656372 45.825012 0.154216
1560.000000 362.393066 161.157547 19.112549 43.656677 0.131727
1560.000000 371.393646 161.889160 13.372192 33.702972 0.085425
1560.000000 385.438690 163.429657 14.183899 33.133057 0.084216
1560.000000 140.416306 170.542221 15.561462 35.015472 0.071021
1560.000000 454.283051 153.308395 17.045654 37.385956 0.070684
1560.000000 351.101624 150.335785 16.471436 37.930634 0.066596
1560.000000 462.879364 152.605270 16.694702 37.928406 0.063713
1560.000000 144.041626 165.047516 12.643677 29.509338 0.060418
1560.000000 622.234436 142.070023 17.639648 59.501312 0.060215
1560.000000 483.159729 147.280823 14.576111 34.607910 0.058254
1560.000000 451.312073 152.134689 27.460144 60.356232 0.057429
1560.000000 411.158600 152.597107 12.695068 32.311584 0.057153
1560.000000 187.143707 160.529953 16.080688 38.908661 0.054633
1560.000000 2.693838 153.599884 17.083317 36.345093 0.051893
1560.000000 399.775940 158.986115 13.518799 31.075684 0.050424
1590.000000 22.449844 182.308411 11.651711 29.937592 0.386976
1590.000000 393.670624 139.984589 17.369934 42.432404 0.304828
1590.000000 303.874939 155.985123 18.460754 43.742981 0.297957
1590.000000 361.851746 143.609009 17.740356 40.716278 0.281823
1590.000000 381.087494 143.604004 14.884033 35.421234 0.260506
1590.000000 274.587677 152.787170 13.666199 34.890137 0.226129
1590.000000 307.384796 155.658310 12.528137 29.112244 0.213804
1590.000000 479.400970 159.252731 13.317383 30.055725 0.188573
1590.000000 294.288818 153.055710 15.567017 39.921783 0.188286
1590.000000 415.294098 144.576981 17.423706 43.762207 0.165542
1590.000000 338.963501 146.153152 21.087402 56.407379 0.130352
1590.000000 377.598572 143.184509 22.842896 53.705017 0.085865
1590.000000 388.957458 139.961670 27.714355 56.406311 0.082671
1590.000000 284.498383 158.867828 13.323486 31.823853 0.071890
1590.000000 354.029114 144.966095 27.539978 59.136902 0.071017
1590.000000 495.548492 154.077652 11.806519 29.324432 0.065833
1590.000000 341.709351 149.498383 15.994385 36.361511 0.058857
1590.000000 280.834686 159.558990 19.715759 43.025330 0.052620
1620.000000 10.772440 76.149178 57.878181 142.423401 0.851662
1620.000000 344.344666 152.201279 18.566467 43.967529 0.569872
1620.000000 231.414230 148.196014 25.064255 60.329529 0.501925
1620.000000 348.442139 152.413849 12.488953 29.152985 0.262697
1620.000000 237.504257 152.786316 16.923309 41.029480 0.171606
1620.000000 225.627945 154.734604 17.811920 42.682465 0.143104
1620.000000 335.056274 148.507217 27.077271 60.425415 0.103147
1620.000000 494.108429 146.155853 10.718811 29.015076 0.065267
1620.000000 256.631775 147.016739 23.207397 57.171814 0.063697
1620.000000 18.948772 78.013817 16.428448 38.539444 0.062112
1650.000000 154.597366 157.846237 33.672333 83.651337 0.903647
1650.000000 353.261871 143.839752 24.723877 53.196350 0.248635
1650.000000 123.070908 161.410843 15.531036 36.185852 0.218928
1650.000000 356.791931 146.520813 16.062622 36.817657 0.211969
1650.000000 362.977661 148.639740 15.546936 35.391418 0.176248
1650.000000 170.574509 164.991531 18.717316 43.764740 0.142933
1650.000000 156.565918 158.520126 20.273438 49.273773 0.112094
1650.000000 233.380676 160.850525 17.090271 40.140320 0.090581
1650.000000 168.286240 162.172546 29.598877 74.317322 0.065907
1650.000000 118.442413 160.223434 23.344177 57.729828 0.057829
1680.000000 53.788788 165.658829 40.117752 99.037399 0.991214
1680.000000 79.101624 181.018524 22.986893 51.800385 0.339864
1680.000000 69.530037 178.921112 35.008774 79.061188 0.275829
1680.000000 7.973505 188.388062 15.051048 35.935944 0.174835
1680.000000 0.009673 180.742935 10.400933 50.069489 0.117214
1680.000000 334.466339 138.394882 18.772217 45.434814 0.102823
1680.000000 552.324341 149.167633 22.979370 54.316711 0.078304
1680.000000 129.180634 11.225746 20.426697 43.874870 0.056981
1680.000000 569.856323 140.836121 14.866577 36.051575 0.052409
1680.000000 559.473450 151.763458 11.339111 32.059906 0.051971
1710.000000 467.765930 150.408386 16.402710 41.888397 0.147603
1740.000000 517.871399 170.875504 13.088501 31.894562 0.174255
1740.000000 86.491356 177.221191 13.156631 31.355438 0.068276
1740.000000 239.249435 160.519379 18.150620 43.461151 0.064150
1740.000000 526.077759 165.526016 13.700562 32.323212 0.064119
1740.000000 0.000000 189.926712 11.304987 40.411224 0.060961
1740.000000 51.691280 186.206955 13.423100 34.976746 0.057627
1740.000000 587.074097 158.500458 13.689697 32.007141 0.055105
1770.000000 21.118563 191.622284 14.759100 37.876617 0.058610
