30.000000 68.938354 192.966202 11.173218 27.858307 0.068289
30.000000 597.595764 222.127686 13.124634 29.142059 0.065570
30.000000 314.660400 178.343353 9.166565 22.219482 0.065281
30.000000 83.581009 94.951393 12.351410 28.156860 0.058941
30.000000 67.282822 104.534828 15.069458 34.072899 0.055254
60.000000 178.993103 119.874481 11.146545 25.241852 0.065625
90.000000 0.000000 167.994385 10.054070 43.526825 0.169580
90.000000 59.336868 74.636032 13.270782 30.842361 0.143222
90.000000 17.761511 68.598755 13.080528 31.153656 0.133410
90.000000 443.908661 152.211182 17.048096 39.819305 0.070639
90.000000 69.379730 69.664406 12.556519 29.090897 0.067408
90.000000 32.677994 59.352470 16.357346 36.388382 0.056349
120.000000 115.170006 167.272568 14.941689 33.769897 0.163146
120.000000 51.296997 64.681702 13.897621 30.336502 0.127877
120.000000 34.828918 57.081871 14.553284 30.801331 0.126911
120.000000 16.400249 53.086845 16.528278 36.312317 0.094161
120.000000 23.166679 62.613579 13.368752 29.283020 0.079875
120.000000 114.595924 160.112701 12.399002 29.331299 0.053502
120.000000 161.399216 168.009872 11.499512 31.427612 0.052426
150.000000 523.789490 131.615784 25.202148 61.625488 0.591530
150.000000 546.440247 142.786102 11.860107 28.865326 0.215895
150.000000 98.669357 173.982819 14.612122 35.179077 0.210926
150.000000 543.527039 140.330612 21.177368 52.726746 0.149952
150.000000 349.409637 174.039902 10.851929 24.856903 0.124044
150.000000 529.120361 133.815887 16.573730 41.801910 0.106778
150.000000 250.570099 123.304634 16.394958 36.308037 0.095589
150.000000 500.151001 127.636940 26.925171 71.472862 0.091622
150.000000 36.563072 73.428772 13.279694 28.100357 0.082935
150.000000 542.369629 143.965103 11.649170 28.010468 0.078823
150.000000 569.683533 123.525322 19.607056 48.984825 0.064607
150.000000 88.965866 186.396530 12.820740 31.419098 0.055669
180.000000 289.228760 171.788757 12.163696 30.158844 0.143294
180.000000 360.553375 173.507477 12.166504 27.403900 0.123193
180.000000 460.927765 182.553970 11.936279 29.745697 0.091556
180.000000 445.308502 185.316940 11.148071 28.245117 0.086064
210.000000 352.602295 174.647156 13.073303 30.777557 0.310607
210.000000 14.385899 45.116188 12.314812 30.593071 0.283858
210.000000 113.161026 60.850815 15.229294 34.758148 0.272066
210.000000 38.620934 45.181885 15.532158 32.512901 0.236492
210.000000 27.693216 187.306107 12.742048 29.552612 0.228063
210.000000 347.084930 172.870544 13.746582 32.034912 0.147597
210.000000 612.960510 197.422409 12.510986 29.703918 0.142200
210.000000 61.606865 55.511124 14.708237 35.488724 0.141399
210.000000 32.388966 38.738110 17.124245 33.920322 0.126241
210.000000 420.689606 169.859024 13.838440 34.362091 0.125115
210.000000 91.399071 69.470901 17.208572 38.637039 0.117269
210.000000 491.507172 49.082970 17.175049 39.037659 0.105378
210.000000 72.024475 51.679276 11.705215 27.984604 0.086344
210.000000 79.988968 62.940891 14.201782 32.625500 0.079218
210.000000 283.052429 175.527908 11.041748 26.798950 0.073072
210.000000 526.938049 44.955452 16.386963 36.279137 0.071695
210.000000 66.840958 52.466148 17.567474 40.463089 0.056337
240.000000 340.299622 168.463562 15.063354 35.184570 0.410508
240.000000 32.012249 21.084330 18.952156 43.061691 0.334943
240.000000 62.804256 57.877338 16.920055 38.725414 0.227657
240.000000 385.892181 181.353516 12.211365 30.080536 0.178079
240.000000 267.226776 173.185547 11.863403 26.245850 0.147173
240.000000 441.900604 178.244965 16.109009 37.394440 0.137058
240.000000 47.587799 36.695724 17.501389 41.031654 0.106836
240.000000 381.950409 179.777740 11.914795 28.726135 0.095473
240.000000 237.636612 118.823212 13.220825 30.468872 0.082643
240.000000 26.172428 21.998142 29.383499 63.914379 0.081916
240.000000 261.785736 166.914215 14.495300 33.279633 0.065054
270.000000 494.416840 180.781082 16.700562 40.436584 0.905218
270.000000 89.768211 76.408958 16.977036 41.111069 0.349623
270.000000 489.316803 187.352859 12.353516 29.343445 0.290448
270.000000 500.343140 184.403000 13.120789 33.662720 0.239992
270.000000 335.604828 173.146057 14.032104 33.474182 0.238309
270.000000 518.324707 183.655609 16.060425 37.293030 0.216086
270.000000 515.175415 8.140575 19.563232 50.399681 0.155015
270.000000 7.019591 34.365002 22.236267 51.676258 0.123627
270.000000 68.978569 62.773563 13.034073 30.074261 0.102537
270.000000 72.379120 76.494888 13.349701 30.715805 0.098002
270.000000 505.668274 185.585724 12.625244 32.909271 0.082809
270.000000 515.473083 12.867887 13.848389 34.725113 0.078632
270.000000 68.259964 75.801056 13.130753 29.631088 0.071510
270.000000 521.792786 8.255045 14.867554 35.706573 0.065654
300.000000 580.586243 175.666473 24.286133 63.435333 0.985010
300.000000 574.801453 175.509964 13.618774 34.349945 0.432100
300.000000 548.880371 184.695511 19.327026 43.094604 0.365966
300.000000 572.131165 175.402557 21.545044 54.484222 0.352705
300.000000 546.127441 186.035172 15.802979 34.736572 0.188676
300.000000 447.581909 156.895096 24.467590 64.280792 0.186892
300.000000 158.952896 185.745499 12.274048 31.622681 0.115871
300.000000 515.537903 176.835724 23.265625 54.864258 0.080749
300.000000 590.048462 182.932098 19.372681 49.725830 0.065551
300.000000 522.763611 171.519897 15.688965 37.311188 0.064677
300.000000 432.703979 176.799332 13.073425 30.545502 0.064603
300.000000 452.487457 156.959808 15.583069 35.574402 0.055045
300.000000 594.881775 181.470901 14.101196 35.104736 0.054126
330.000000 585.984253 22.467205 15.562012 35.451752 0.278807
330.000000 536.699158 177.939331 13.050171 31.322205 0.182746
330.000000 485.368958 8.639383 13.757019 29.833151 0.107897
330.000000 555.654724 176.161316 12.812378 30.153351 0.086535
330.000000 595.036072 25.735594 15.052490 34.442284 0.074131
330.000000 608.686829 16.989260 14.921509 35.783936 0.068789
330.000000 599.811829 16.354742 20.412354 47.097275 0.051739
360.000000 608.537292 193.686661 16.334839 35.624786 0.266592
360.000000 588.883179 178.044357 15.041260 36.289276 0.223891
360.000000 580.767578 182.287170 13.231323 32.924316 0.153939
360.000000 566.320312 186.410599 12.421387 30.703735 0.114124
360.000000 571.099854 189.117172 11.898315 30.490265 0.107598
360.000000 198.675705 175.930084 12.666534 29.525818 0.093142
360.000000 590.845886 174.627670 10.900146 27.390930 0.050228
390.000000 390.556030 187.542999 11.316406 26.741089 0.329008
390.000000 98.623825 26.238167 17.347321 42.467964 0.260427
390.000000 584.313293 8.907612 12.924927 30.909164 0.150322
390.000000 564.681580 14.234335 15.375488 35.887520 0.112454
390.000000 539.530396 5.398996 14.099121 32.732727 0.097680
390.000000 556.010864 6.067528 12.745117 30.935158 0.094402
390.000000 604.286499 166.150818 13.390869 29.409393 0.085192
390.000000 592.358826 13.986097 14.016235 30.980738 0.070658
390.000000 548.890137 6.267233 13.822510 32.701775 0.058998
390.000000 438.943695 183.296448 16.286560 40.712402 0.056209
420.000000 106.273438 157.172714 17.400925 42.299652 0.318477
420.000000 414.383972 180.471420 14.414246 34.016693 0.249044
420.000000 467.328247 178.620453 18.217773 44.828461 0.152216
420.000000 491.258392 190.532578 15.090088 36.465576 0.125787
420.000000 506.273956 192.199890 15.011749 35.698425 0.066073
450.000000 329.940948 135.509705 16.125122 40.983612 0.098894
450.000000 320.312988 144.560928 15.814758 33.821014 0.054334
480.000000 323.779144 125.995346 23.445923 57.567444 0.433726
480.000000 318.458282 133.549423 21.275635 51.417938 0.379894
480.000000 378.818451 157.790390 15.374023 37.014221 0.130419
480.000000 0.000000 140.211472 16.013517 48.536041 0.106605
480.000000 181.299011 111.698105 14.466431 35.258301 0.097921
480.000000 491.496094 185.547409 13.148926 31.622406 0.058916
480.000000 331.857849 124.959877 16.357422 41.091820 0.057796
480.000000 308.157349 144.598053 15.103271 34.862732 0.054136
480.000000 326.587524 129.459076 17.425781 38.597778 0.052960
510.000000 163.060776 98.582886 29.163300 67.303558 0.398509
510.000000 169.572205 98.178146 19.026520 42.162796 0.287582
510.000000 133.635635 119.952072 13.400574 34.726990 0.254047
510.000000 495.245728 160.587036 16.712708 39.390503 0.229896
510.000000 165.733902 105.305130 15.008148 35.036453 0.189228
510.000000 186.833466 128.390656 15.310577 34.338074 0.181513
510.000000 121.927879 122.198349 16.562050 39.378204 0.168503
510.000000 106.793030 119.267433 13.003616 28.093864 0.155303
510.000000 107.340607 120.429237 22.115433 54.525597 0.136270
510.000000 119.104668 116.402351 14.097496 33.728050 0.115239
510.000000 504.016876 130.550842 29.169952 68.806244 0.107472
510.000000 507.738922 159.194565 17.662018 41.428802 0.084947
510.000000 115.978134 113.944183 21.187256 55.360260 0.084822
510.000000 309.144257 126.735504 21.198120 54.885803 0.077879
510.000000 173.133713 105.570503 27.444641 67.616173 0.071039
510.000000 103.269302 120.779205 18.846878 43.315796 0.068053
510.000000 203.083557 132.435242 15.291626 35.617432 0.065028
540.000000 110.887932 111.149963 14.851669 36.789520 0.359269
540.000000 531.251038 155.069824 13.404907 35.580200 0.260933
540.000000 570.299744 152.314240 11.089478 28.422577 0.188887
540.000000 384.526215 139.530365 19.632629 51.068115 0.134073
540.000000 568.174988 155.842209 15.901611 38.157532 0.129546
540.000000 596.167542 151.342285 19.579834 44.429352 0.111170
540.000000 498.727997 166.833282 16.563385 41.380554 0.098888
540.000000 554.651245 157.809219 15.600220 38.241547 0.076612
540.000000 394.322876 153.178787 15.592896 37.822510 0.074876
540.000000 489.817078 146.789307 26.638428 70.064209 0.066667
540.000000 512.830688 152.094940 24.086182 60.700317 0.066375
540.000000 392.448975 163.992493 12.968628 29.889832 0.056109
540.000000 379.682190 157.166229 12.793152 30.647064 0.055101
570.000000 122.226402 104.610672 16.799980 40.287216 0.535613
570.000000 119.054703 103.065536 23.594971 62.175781 0.256348
570.000000 355.944763 161.264420 11.376526 27.820984 0.146108
570.000000 147.311218 122.331833 16.172028 35.989990 0.143098
570.000000 107.041229 129.788849 16.440643 38.065826 0.125163
570.000000 113.595383 112.839920 15.955902 32.444763 0.108933
570.000000 8.051883 121.834595 20.980091 54.398163 0.104457
570.000000 580.239258 144.633347 15.974487 37.286591 0.082603
570.000000 160.987152 121.590149 19.123169 45.767700 0.056425
570.000000 154.327667 104.767700 14.372040 33.162140 0.052176
600.000000 419.206024 155.361877 12.671570 31.509277 0.421884
600.000000 601.328979 128.949799 18.400513 41.883911 0.378579
600.000000 190.877502 77.844635 16.112946 37.473053 0.268557
600.000000 489.186462 132.926071 15.775635 37.120911 0.159421
600.000000 562.242126 134.357483 14.732422 37.023438 0.125791
600.000000 586.423889 127.844025 19.910400 49.962341 0.098528
600.000000 540.057434 140.227875 16.245483 38.683838 0.098419
600.000000 3.674551 151.120758 12.856611 31.493286 0.097311
600.000000 601.685852 127.119850 24.288086 63.307945 0.087782
600.000000 603.969604 128.005737 12.104614 30.982727 0.081364
600.000000 398.713806 162.881943 11.757874 27.826233 0.070779
600.000000 406.087585 159.017059 13.362610 33.078522 0.062019
600.000000 356.140045 151.107574 15.795593 35.104401 0.052893
600.000000 590.728699 119.801064 16.422729 38.124046 0.052489
600.000000 367.946381 145.035202 14.787598 32.118164 0.051514
630.000000 241.092773 66.965240 18.414795 43.525894 0.100689
630.000000 112.980835 142.562531 12.032654 28.847839 0.087756
630.000000 121.227623 145.261139 9.907875 24.304108 0.081868
660.000000 348.759033 52.936729 21.511963 53.115250 0.376106
660.000000 592.611816 142.368729 12.964478 29.986755 0.312575
660.000000 319.221252 52.464996 28.591919 71.540085 0.300121
660.000000 319.249054 43.860779 47.386169 137.304367 0.249624
660.000000 323.164185 50.979607 20.886047 50.083832 0.186205
660.000000 195.931580 143.774109 11.056976 26.179352 0.135912
660.000000 585.365356 142.828278 12.675781 30.024689 0.091167
660.000000 0.000000 162.645325 8.880360 38.969604 0.068985
660.000000 338.609222 50.876545 29.293213 67.821716 0.065664
660.000000 354.591431 56.051903 13.950073 36.621704 0.055564
690.000000 332.175842 163.623657 12.072083 27.580383 0.050387
720.000000 561.333313 191.682648 13.773315 32.752930 0.125369
720.000000 53.356415 176.965500 10.663834 28.071594 0.116456
750.000000 221.151306 164.785706 19.432800 46.321472 0.430696
750.000000 489.280609 93.412399 15.358582 33.794876 0.134690
750.000000 497.544647 178.294800 12.117798 26.334442 0.090003
750.000000 353.004181 156.602051 11.030579 27.185272 0.082177
750.000000 223.803055 162.701813 13.512909 33.065735 0.077236
750.000000 485.656799 109.751556 12.915710 29.117020 0.076836
750.000000 475.110107 113.442345 11.937561 28.931190 0.056650
750.000000 478.275818 105.204926 14.595947 34.216309 0.053736
780.000000 13.093302 150.753510 22.787756 52.909943 0.532558
780.000000 571.752869 179.790283 15.286621 33.910095 0.257878
780.000000 261.611786 183.884659 16.812683 40.204437 0.197088
780.000000 90.684776 183.625946 11.278900 28.550049 0.192832
780.000000 559.538452 98.909554 10.330200 25.949997 0.180816
780.000000 611.792297 177.198334 13.146362 31.823517 0.147303
780.000000 139.526123 189.615250 11.167389 25.172241 0.141324
780.000000 117.755035 189.340027 11.047394 25.500122 0.137599
780.000000 150.574905 190.530029 9.349091 22.688721 0.128087
780.000000 556.760620 128.457535 15.902344 38.332520 0.114203
780.000000 598.866028 168.113861 13.132446 33.236847 0.106201
780.000000 585.859070 174.948288 11.428711 27.612366 0.100505
780.000000 127.887016 192.237686 10.516533 23.912842 0.099636
780.000000 558.904175 127.075920 11.397705 25.129921 0.094036
780.000000 450.414642 186.803467 10.751709 28.549011 0.093601
780.000000 121.490364 191.748199 10.667503 24.502655 0.060287
780.000000 28.902618 156.132462 18.047630 47.975800 0.060159
780.000000 94.581841 185.807159 11.959534 27.116486 0.059473
780.000000 203.078018 168.365326 17.789093 45.640778 0.056344
780.000000 545.420837 183.397263 10.602539 25.933014 0.054413
780.000000 528.968079 89.367622 14.268677 33.705124 0.053515
780.000000 488.552643 97.558739 13.960144 31.407600 0.052992
780.000000 86.909706 183.911972 9.835968 24.764130 0.052049
810.000000 67.374146 189.375153 13.822433 30.524536 0.716806
810.000000 20.078827 193.395798 14.733349 33.568451 0.526556
810.000000 38.046036 196.156738 12.568733 32.181671 0.414159
810.000000 14.122084 197.721832 12.353569 30.986694 0.375112
810.000000 510.445648 82.281311 15.795502 36.050186 0.366784
810.000000 415.985291 190.732422 10.609497 28.612000 0.265073
810.000000 595.822937 176.652466 12.066528 28.065460 0.227160
810.000000 496.138702 106.128761 16.808929 36.037224 0.198026
810.000000 56.188042 195.188263 12.481674 31.161835 0.155909
810.000000 239.180557 177.392578 14.807281 33.369446 0.138353
810.000000 600.759888 72.585480 16.177612 40.186554 0.137506
810.000000 618.146973 88.503464 13.841797 29.670822 0.119801
810.000000 552.942871 83.172440 17.470337 40.621048 0.098410
810.000000 540.557739 74.765587 23.268066 58.602180 0.084953
810.000000 411.821136 190.050934 11.509399 32.332672 0.084141
810.000000 584.621033 85.707916 12.921631 29.481354 0.081987
810.000000 506.954529 95.020760 15.142944 34.252068 0.076247
810.000000 46.807304 196.698639 11.305222 29.200775 0.071183
810.000000 568.112732 83.058189 16.320312 37.763931 0.065924
810.000000 543.612122 79.624428 16.139404 41.230408 0.059792
810.000000 0.000000 187.817841 8.276876 50.065338 0.054580
840.000000 163.903275 175.480469 14.139862 34.128998 0.448167
840.000000 605.184387 137.844025 22.764893 60.097351 0.433502
840.000000 609.914490 136.831650 17.235474 38.967041 0.417823
840.000000 54.471329 170.254059 19.701859 45.150543 0.384341
840.000000 451.625397 69.534264 18.953125 44.539764 0.374110
840.000000 498.923706 73.769943 14.441650 33.579620 0.359483
840.000000 480.626617 82.127380 14.157776 32.329422 0.338948
840.000000 577.320923 136.833466 12.393311 26.030396 0.158742
840.000000 538.391602 78.143440 14.990234 33.718430 0.132314
840.000000 461.095245 87.010483 12.640320 28.634857 0.127019
840.000000 526.447449 66.339600 15.662964 37.513031 0.114446
840.000000 546.523193 181.612366 12.479492 28.205750 0.106311
840.000000 428.441315 169.724213 13.870117 32.000763 0.101325
840.000000 421.669128 102.106674 13.587463 31.603958 0.095287
840.000000 49.299442 169.738251 29.350605 68.955505 0.088986
840.000000 395.366211 98.058083 12.365967 29.374008 0.086727
840.000000 625.357361 131.188202 14.642639 47.516998 0.086642
840.000000 476.606903 80.840309 19.777832 50.954872 0.078546
840.000000 403.504333 112.496964 10.620422 27.175568 0.077074
840.000000 431.758362 75.297127 16.944214 39.289734 0.076093
840.000000 530.133728 76.971695 12.683960 30.456070 0.075674
840.000000 398.191925 91.305672 14.004211 34.336639 0.062043
840.000000 515.078674 68.305733 14.139526 32.270676 0.061727
840.000000 626.414429 150.262131 13.486816 46.448425 0.060373
840.000000 620.214661 149.543777 12.235474 28.418030 0.058211
840.000000 531.877441 76.934540 17.352051 38.072830 0.057542
840.000000 340.339478 178.578186 12.065063 28.593506 0.055734
840.000000 434.032776 100.743622 15.064880 33.024918 0.054424
840.000000 605.824524 149.520172 16.108154 38.356567 0.051388
840.000000 493.265289 70.422554 22.812042 55.641327 0.050594
870.000000 41.173923 185.345001 15.884613 37.881897 0.666182
870.000000 337.477814 77.791763 16.005127 37.522797 0.264624
870.000000 327.379272 190.462006 13.604919 31.591400 0.202983
870.000000 250.754791 187.201447 13.402161 32.643951 0.150278
870.000000 465.374664 161.151718 13.088135 31.356537 0.087279
870.000000 333.284912 87.612656 13.998291 31.035110 0.064153
870.000000 627.276367 168.905594 12.593872 39.007019 0.062840
870.000000 395.383728 72.098999 15.557861 35.972076 0.059549
870.000000 359.693848 85.395828 13.711670 32.754730 0.053357
900.000000 490.729858 168.922226 14.722717 35.137177 0.221827
900.000000 411.625336 159.138840 12.708374 28.807861 0.137942
900.000000 123.404099 173.496857 13.755829 34.746155 0.095535
900.000000 262.144897 184.500198 10.297913 21.669098 0.072663
930.000000 579.340454 161.348434 13.959717 32.787567 0.931945
930.000000 209.561844 48.587605 16.568298 38.229763 0.160892
930.000000 222.114273 44.568241 14.245911 33.206890 0.062774
960.000000 70.944656 175.140488 13.902359 33.234558 0.125486
960.000000 450.977142 167.088730 14.735291 40.541656 0.115998
960.000000 28.477715 162.715790 17.009155 40.160736 0.108501
960.000000 86.650337 184.770325 11.563339 24.481964 0.104772
960.000000 467.485870 176.688583 14.930542 37.953552 0.102713
960.000000 444.205078 167.919693 13.566711 37.354034 0.068135
990.000000 220.963974 175.509735 9.807648 24.202515 0.065387
1020.000000 555.649780 138.771759 22.847046 59.475464 0.619335
1020.000000 560.179077 140.063568 16.511597 39.700378 0.240551
1020.000000 463.417084 171.790390 17.649109 44.721069 0.166346
1020.000000 624.210999 142.796600 15.691895 40.644958 0.126760
1020.000000 567.292297 145.224030 14.766968 35.508118 0.097688
1020.000000 559.384766 172.673965 13.569214 29.937225 0.052897
1020.000000 465.360748 172.804428 12.914795 28.687622 0.051365
1050.000000 467.545074 169.688873 14.265015 34.796631 0.812819
1050.000000 448.645996 177.486755 12.886230 30.396637 0.266113
1050.000000 493.879730 174.105621 12.605835 31.402405 0.250398
1050.000000 481.521301 176.640823 11.754517 25.578461 0.108413
1050.000000 598.855225 171.471252 19.419434 43.973022 0.101432
1050.000000 89.246323 167.001846 14.141205 33.571991 0.097205
1050.000000 26.125116 196.134857 13.621588 33.408539 0.057044
1050.000000 93.706413 161.604126 13.655807 32.880707 0.054968
1080.000000 500.785614 166.735504 18.611603 47.820099 0.107026
1080.000000 554.822815 166.136505 17.404175 42.845703 0.078457
1080.000000 545.505432 175.345825 17.965088 42.753845 0.061093
1110.000000 605.406677 156.200165 33.047729 100.505615 0.897146
1110.000000 550.426880 181.485962 14.154053 34.455994 0.243266
1110.000000 620.016724 163.975510 19.983276 91.872375 0.177280
1110.000000 605.874756 158.488922 25.219238 65.851166 0.171286
1110.000000 119.662392 175.788574 10.913445 27.687256 0.103092
1110.000000 614.585999 156.166565 24.581787 66.335541 0.091937
1110.000000 453.198639 184.216660 17.551941 40.101959 0.078947
1110.000000 109.550514 174.381409 11.405334 27.736237 0.050951
1140.000000 0.000000 197.297974 22.478420 63.677094 0.270253
1140.000000 3.543817 197.128342 16.185410 37.705719 0.100837
1140.000000 489.874054 85.505424 56.707367 158.349213 0.099634
1140.000000 604.038940 134.527924 35.607300 141.016357 0.092235
1140.000000 452.927490 145.109787 21.371582 51.351227 0.069085
1140.000000 339.176239 89.593719 14.346130 32.750137 0.058036
1170.000000 484.206360 159.641174 16.244568 38.782928 0.444653
1170.000000 53.499809 164.138229 15.856155 32.555603 0.107183
1170.000000 37.539722 162.343338 16.928070 38.600586 0.095599
1170.000000 490.700562 164.835205 13.748352 33.594299 0.061539
1170.000000 480.235138 161.086838 12.605591 29.989166 0.053262
1200.000000 493.273041 143.990051 16.834412 39.725952 0.241441
1200.000000 557.813843 139.257202 20.617065 50.496796 0.157027
1200.000000 19.471668 155.352020 15.620064 37.253998 0.131973
1200.000000 551.359558 143.801819 15.787598 42.264465 0.059928
1200.000000 334.862854 130.903870 12.428528 32.289581 0.059895
1260.000000 86.806244 134.908188 17.285629 43.126068 0.261093
1260.000000 101.131889 148.876801 18.572189 43.694336 0.081677
1260.000000 77.557121 139.182495 14.837265 35.160400 0.062923
1290.000000 99.903915 161.093384 14.802979 37.019135 0.064224
1290.000000 160.308075 164.247757 13.825684 32.785339 0.054808
1320.000000 16.312290 186.381134 13.795982 32.079102 0.111299
1320.000000 471.590637 175.739395 12.000916 27.650055 0.102026
1320.000000 477.447968 168.852661 14.456482 34.115814 0.060439
1320.000000 44.170368 178.220535 12.257591 30.150757 0.055999
1320.000000 38.561432 184.353302 14.573975 35.003296 0.053279
1320.000000 30.120466 183.243820 11.940878 28.732056 0.052586
1320.000000 54.194939 176.817032 15.034485 31.533844 0.051718
1350.000000 499.533203 185.943512 12.041992 29.852112 0.202151
1350.000000 99.733154 169.460602 15.978317 35.454102 0.105092
1350.000000 461.497498 161.781006 14.102783 34.421936 0.085308
1350.000000 236.000610 162.705307 15.431641 36.589325 0.082117
1350.000000 484.576599 180.612000 11.356873 29.416504 0.080718
1350.000000 580.597107 158.496811 30.326050 79.705261 0.051898
1380.000000 551.831421 197.923889 13.562988 32.597107 0.075502
1380.000000 28.327742 173.165009 12.056231 31.750732 0.056148
1410.000000 626.283203 189.305542 13.214355 35.616669 0.253315
1410.000000 606.014526 160.073578 21.634766 56.953430 0.090124
1410.000000 621.845947 189.502808 16.156372 48.174927 0.073092
1410.000000 466.809967 69.593979 16.789307 39.633499 0.068559
1410.000000 492.151917 178.184280 11.641968 27.658356 0.067092
1410.000000 412.966858 176.401932 12.376282 31.385895 0.055215
1410.000000 593.346313 178.192001 26.854736 65.643524 0.053017
1440.000000 438.058289 178.191803 11.655334 29.395660 0.122281
1440.000000 420.233704 132.891327 14.138733 33.385437 0.115649
1440.000000 154.824936 50.061989 17.634796 39.515549 0.112864
1440.000000 205.729202 173.736557 13.276398 33.272430 0.089576
1440.000000 438.223938 175.509369 9.145752 21.430725 0.087335
1440.000000 251.240616 52.371532 16.932297 37.812763 0.067642
1440.000000 625.655212 170.949829 14.344788 54.484711 0.054739
1440.000000 467.046478 169.064789 13.323792 32.809174 0.052750
1470.000000 131.027542 167.773422 16.430573 39.502350 0.098564
1470.000000 392.870117 130.627106 16.846802 42.202881 0.092311
1470.000000 69.927887 179.813675 14.817673 36.892242 0.085174
1470.000000 380.228149 136.889038 11.193359 24.440399 0.084463
1470.000000 124.751900 165.813477 13.478935 32.562653 0.083991
1470.000000 487.596863 169.867096 14.890076 34.488525 0.066530
1470.000000 620.290710 178.288910 11.909790 23.646912 0.060141
1470.000000 411.104492 123.081306 16.998352 40.650230 0.056582
1470.000000 627.742065 168.168777 12.112793 40.261108 0.052927
1500.000000 354.201508 124.896210 14.689087 33.723175 0.518407
1500.000000 335.165131 133.811295 15.695129 36.000549 0.415480
1500.000000 349.410889 124.703011 20.892639 49.981087 0.163239
1500.000000 373.091583 116.798561 17.139038 38.704277 0.160558
1500.000000 455.548889 183.095718 11.707092 29.331940 0.153546
1500.000000 484.472717 183.336319 12.207520 29.135773 0.146534
1500.000000 529.021423 174.711075 13.508789 34.681488 0.107993
1500.000000 74.805534 17.488079 12.725632 29.987511 0.104034
1500.000000 587.441956 171.304092 18.105347 41.229858 0.101795
1500.000000 124.607193 176.466507 11.862213 30.228973 0.083546
1500.000000 104.993416 8.239437 19.429398 45.543793 0.076170
1500.000000 501.627838 168.098221 23.604034 58.816864 0.058043
1530.000000 516.967041 174.727020 8.970825 23.371735 0.128010
1530.000000 453.087280 183.896713 10.830994 28.447205 0.097474
1530.000000 523.477844 164.776184 13.281128 32.364441 0.089732
1530.000000 42.754513 157.806961 18.665039 41.697388 0.084627
1530.000000 132.837112 169.346039 11.688141 29.747284 0.074508
1530.000000 443.920410 184.899551 10.580139 24.468048 0.072489
1530.000000 83.518471 180.740219 12.436356 29.331757 0.062105
1530.000000 136.908966 177.781830 11.599884 27.946228 0.061470
1530.000000 447.275360 184.704834 15.552734 38.646759 0.056057
1560.000000 588.450562 159.140335 18.020386 45.564636 0.619233
1560.000000 567.018555 173.992767 11.448853 28.255981 0.579925
1560.000000 491.871307 184.360107 13.287964 32.773499 0.393591
1560.000000 292.343384 128.032486 13.855774 30.356720 0.244909
1560.000000 579.794678 170.124451 13.428589 33.760498 0.216181
1560.000000 271.482971 156.857986 14.559204 33.560516 0.194111
1560.000000 333.006744 107.452492 18.222107 43.295189 0.185030
1560.000000 597.604797 161.783432 17.025635 43.118927 0.170057
1560.000000 81.772812 175.536697 13.133194 29.461121 0.124869
1560.000000 106.528969 180.410019 11.328476 27.003662 0.113479
1560.000000 586.277893 169.190201 12.846191 36.419830 0.111106
1560.000000 591.974548 159.888687 11.456543 31.867889 0.094220
1560.000000 126.897346 117.987305 14.093727 34.544678 0.093747
1560.000000 245.929016 166.047577 12.459930 29.908569 0.071080
1560.000000 35.925934 181.425049 12.191696 29.089600 0.063082
1560.000000 330.465271 117.381927 14.291626 34.057800 0.059971
1560.000000 500.282440 188.332367 10.037842 25.446777 0.056538
1560.000000 475.968140 188.179184 13.502319 30.645416 0.054617
1560.000000 595.421265 159.948868 12.539185 29.946289 0.054605
1560.000000 53.903233 171.453476 12.664188 29.481781 0.050221
1590.000000 11.617332 184.712433 13.228257 32.531250 0.119020
1590.000000 25.596867 184.257523 11.944107 28.011810 0.118787
1590.000000 66.166626 88.561920 16.736954 36.587906 0.113265
1590.000000 41.822178 79.467186 18.970795 40.483154 0.079432
1590.000000 137.466644 111.177223 18.012939 40.778954 0.076746
1590.000000 251.531708 161.676102 13.652222 33.098877 0.072202
1590.000000 44.047516 173.087723 15.501556 35.158264 0.065603
1590.000000 21.628555 184.657898 13.146126 33.100586 0.062003
1620.000000 0.000000 180.634872 9.667505 37.095428 0.170389
1620.000000 400.207611 160.657043 13.677002 33.920837 0.162651
1620.000000 38.430748 180.133835 11.684174 27.067688 0.154214
1620.000000 19.147194 173.974243 15.053165 36.313568 0.135026
1620.000000 163.180237 173.808624 11.559662 27.361176 0.095623
1620.000000 93.600861 171.047806 12.192352 29.450897 0.081692
1620.000000 104.064400 173.188644 11.404861 28.268066 0.056578
1650.000000 564.428589 189.970810 12.881348 31.133759 0.094369
1650.000000 315.704437 92.850357 13.190491 31.187134 0.081051
1650.000000 19.152920 176.104172 15.021015 30.173279 0.077439
1650.000000 286.856750 103.570107 14.432129 32.741508 0.063237
1680.000000 266.093506 97.832764 15.725281 34.973038 0.250763
1680.000000 309.811188 104.024338 15.549011 35.762482 0.238996
1680.000000 302.102325 46.262230 19.607788 44.310516 0.110759
1680.000000 253.857239 172.353592 12.123718 30.910187 0.056180
1710.000000 261.162445 90.364792 15.577942 38.781113 0.660284
1710.000000 408.503357 177.545425 17.478027 42.854736 0.353017
1710.000000 309.407440 106.115540 18.304871 42.966125 0.284870
1710.000000 296.820435 102.200943 15.619263 35.159103 0.216405
1710.000000 112.932610 174.950302 13.580856 32.155426 0.204660
1710.000000 308.324219 112.112267 13.302917 30.664299 0.201835
1710.000000 217.813782 151.763245 15.366425 36.074341 0.183364
1710.000000 9.672229 178.262726 13.185899 33.269928 0.177374
1710.000000 221.306366 129.354523 22.959656 59.239502 0.161632
1710.000000 290.911682 80.680992 18.482056 40.371063 0.153565
1710.000000 228.548996 134.836624 13.667664 30.069031 0.125067
1710.000000 274.689636 103.412521 12.683960 27.950943 0.117785
1710.000000 215.041809 148.921036 21.022583 54.241913 0.103613
1710.000000 288.245972 88.341728 13.115662 30.049271 0.099982
1710.000000 313.152557 102.852127 13.924011 31.964661 0.096199
1710.000000 229.645508 169.352722 14.448700 34.401123 0.091125
1710.000000 212.214142 162.658936 18.290924 40.867432 0.084359
1710.000000 232.673538 105.187614 13.711945 31.085487 0.070841
1710.000000 37.410648 185.014114 12.541496 29.051849 0.053423
1740.000000 286.530304 77.806030 18.057556 43.482147 0.421434
1740.000000 324.616302 59.800011 14.535095 34.956329 0.344735
1740.000000 523.413574 165.693558 15.470215 38.123718 0.223924
1740.000000 234.203217 173.966431 13.182098 32.057434 0.215585
1740.000000 487.122253 154.759430 20.933533 48.092407 0.213171
1740.000000 329.252838 77.281311 16.811218 40.748474 0.188448
1740.000000 23.352304 180.956161 15.141275 35.762177 0.119426
1740.000000 478.091980 158.948029 13.177124 29.889313 0.118724
1740.000000 476.043396 158.036835 19.768311 46.876343 0.112367
1740.000000 560.293091 113.374527 13.525757 32.256500 0.085460
1740.000000 320.034973 59.123146 21.092712 53.243790 0.082869
1740.000000 550.473206 116.033897 31.950806 78.858467 0.078835
1740.000000 343.802765 85.741837 15.003967 33.728745 0.073797
1740.000000 330.449341 71.654335 13.952454 32.709564 0.072119
1740.000000 492.392365 123.678024 43.366119 124.191162 0.065983
1740.000000 299.050781 82.005486 14.859314 34.907181 0.057854
1740.000000 3.246784 182.927460 15.360794 36.570923 0.055639
1740.000000 488.102448 156.311554 12.339600 29.469360 0.054283
1770.000000 403.442169 138.317413 18.128845 42.690796 0.402462
1770.000000 599.173645 133.482025 23.773193 64.860474 0.223098
1770.000000 35.954575 175.152496 16.071518 41.938141 0.165337
1770.000000 600.717896 136.730774 17.178345 42.538116 0.157628
1770.000000 363.668335 45.729004 22.174927 51.113358 0.155422
1770.000000 356.965088 65.645348 15.977783 39.100952 0.088844
1770.000000 393.970886 130.095718 15.600403 35.665771 0.079460
1770.000000 292.384308 86.824478 18.228882 40.774811 0.066400
1770.000000 215.910034 178.411835 11.879120 27.912323 0.064727
1770.000000 359.065033 46.717598 31.030457 76.169373 0.058043
1770.000000 41.796680 182.735794 16.252838 37.443970 0.056561
1770.000000 61.213631 185.281296 15.254654 34.540100 0.056444
1770.000000 0.335624 181.615967 10.883108 44.575165 0.054593
1800.000000 477.052429 30.994705 17.749268 45.091850 0.763896
1800.000000 509.510773 22.057323 15.839508 37.798920 0.725308
1800.000000 416.323029 38.346539 19.938049 48.097019 0.373566
1800.000000 374.452850 59.078278 18.500854 44.449844 0.343361
1800.000000 99.576004 143.592224 16.145874 38.183685 0.272481
1800.000000 454.003448 21.907423 14.830200 33.744034 0.251779
1800.000000 437.688843 72.055450 13.939697 32.952881 0.234387
1800.000000 553.059204 21.755592 15.301514 36.175735 0.192076
1800.000000 119.343094 184.135742 14.351532 34.570465 0.183797
1800.000000 444.906342 63.593922 13.072815 27.715504 0.178041
1800.000000 324.203796 128.858215 16.233826 38.484131 0.159753
1800.000000 527.369629 26.174898 16.861694 40.044464 0.141707
1800.000000 473.540619 30.277107 24.348328 66.239342 0.133659
1800.000000 459.573029 78.784927 13.461731 30.347519 0.118218
1800.000000 339.975159 81.382271 16.876099 37.846207 0.115671
1800.000000 108.723785 143.153870 14.309906 32.966370 0.114228
1800.000000 456.184967 54.604805 14.003967 28.637268 0.091889
1800.000000 451.206238 21.759983 21.678223 59.780727 0.084878
1800.000000 505.594452 41.310215 12.899200 27.098629 0.074232
1800.000000 505.064667 22.692997 22.890228 56.588757 0.070081
1800.000000 493.947479 43.803230 12.931702 28.986847 0.067969
1800.000000 43.608459 188.094421 18.629112 42.882507 0.063953
1800.000000 476.207703 82.820724 16.370178 34.303650 0.063029
1800.000000 626.877014 1.595160 13.066040 43.624420 0.060964
1800.000000 445.565857 43.252747 16.959656 39.506912 0.060533
1800.000000 347.452545 87.469925 13.659607 30.639801 0.054225
1800.000000 458.677246 44.508591 16.290527 36.203972 0.050139
1830.000000 34.762596 190.995026 17.998642 44.424164 0.462239
1830.000000 50.600815 116.239227 15.770706 35.401886 0.461066
1830.000000 44.744114 183.938980 20.560345 50.765991 0.437060
1830.000000 19.570335 191.434784 18.903580 47.682129 0.176469
1830.000000 392.756439 177.207672 17.382690 43.187256 0.139879
1830.000000 545.104065 5.768467 16.001343 38.652466 0.130119
1830.000000 110.470268 192.157822 14.543808 33.145752 0.119577
1830.000000 7.219378 185.188614 18.434196 43.085907 0.082049
1830.000000 150.125763 195.692825 13.265564 34.139526 0.073491
1830.000000 539.495728 119.226837 16.659180 38.562439 0.070049
1830.000000 103.720940 189.022644 14.572250 35.097839 0.067618
1830.000000 447.949768 152.587982 20.935425 49.294434 0.060134
1830.000000 117.570908 197.732422 13.521591 34.534698 0.052958
1830.000000 507.992157 124.963898 16.415253 39.928314 0.050680
1860.000000 391.422516 60.872673 21.801514 49.265869 0.386784
1860.000000 577.929932 131.541138 14.072876 34.906555 0.306578
1860.000000 491.430115 133.073700 15.339172 37.180420 0.254505
1860.000000 361.492493 195.679153 18.190613 46.388794 0.211028
1860.000000 616.318481 121.255264 11.114136 31.783844 0.192255
1860.000000 584.633667 121.096069 12.706177 31.977753 0.191947
1860.000000 223.014023 214.258667 13.034424 28.436310 0.188807
1860.000000 519.666443 130.278748 30.271118 69.482727 0.180259
1860.000000 488.659332 134.666214 12.820923 31.811676 0.161730
1860.000000 381.149628 96.157120 19.465698 47.073227 0.135715
1860.000000 606.105286 121.713127 11.951294 30.962059 0.130141
1860.000000 556.861267 138.825958 12.981079 31.595520 0.127775
1860.000000 410.824860 85.732857 15.894531 37.369537 0.122762
1860.000000 222.339828 216.246597 16.796143 41.242813 0.119440
1860.000000 593.334106 127.411621 13.712280 34.100891 0.117206
1860.000000 589.844788 130.679626 19.865967 44.606293 0.105130
1860.000000 473.738617 135.432526 13.820007 32.582031 0.101856
1860.000000 481.443604 137.363541 13.699219 33.312134 0.089305
1860.000000 15.144874 84.190086 22.081547 50.043404 0.084344
1860.000000 404.383606 73.579391 18.743835 43.904434 0.082297
1860.000000 603.194519 120.823273 10.970581 29.020599 0.079085
1860.000000 92.539810 109.986954 14.549652 32.114609 0.073654
1860.000000 228.579056 222.188614 11.247375 31.512604 0.068407
1860.000000 416.819305 173.563461 17.970337 43.225677 0.067572
1860.000000 566.530762 132.017288 13.165039 31.700134 0.057961
1860.000000 89.078476 108.621330 21.434540 54.482567 0.057863
1860.000000 384.826904 95.816971 14.838013 30.915527 0.057373
1860.000000 508.055756 156.996658 16.338593 37.881226 0.056225
1860.000000 587.735596 125.935989 28.447388 66.702728 0.055388
1860.000000 600.662964 4.804020 16.598999 38.028416 0.052785
1860.000000 577.910950 121.190430 19.544189 51.431580 0.050993
1860.000000 369.228302 201.347702 16.556946 41.569427 0.050506
1890.000000 193.285583 208.216003 11.952362 27.619293 0.476013
1890.000000 197.061447 209.019043 11.730804 28.746460 0.294893
1890.000000 47.792892 164.921051 13.334633 33.131256 0.259219
1890.000000 182.635651 205.342224 13.170746 32.267914 0.206412
1890.000000 124.524277 202.899460 13.112610 32.950958 0.150203
1890.000000 362.245148 212.975464 12.700500 30.773987 0.130617
1890.000000 573.878906 113.453125 13.685547 32.507263 0.096332
1890.000000 187.677124 207.323257 13.440704 31.453522 0.094708
1890.000000 144.247025 205.261108 13.476105 31.695374 0.084399
1890.000000 92.393097 172.223053 13.570984 34.747498 0.083790
1890.000000 213.830627 210.041061 12.021881 28.620880 0.081250
1890.000000 85.213165 173.266769 25.741058 65.521790 0.078047
1890.000000 57.380093 188.447754 17.657703 42.265869 0.070372
1890.000000 74.714577 204.732300 14.237549 34.610962 0.059614
1890.000000 147.034286 176.912994 12.281067 30.569855 0.055738
1890.000000 346.979919 203.431488 14.921753 31.562988 0.054384
1890.000000 611.925476 95.405693 13.778809 31.219406 0.053197
1890.000000 39.632347 168.628326 13.836380 30.708557 0.051142
1920.000000 46.477882 178.703720 13.511017 29.746765 0.368253
1920.000000 125.095474 211.758026 16.835358 36.551575 0.316982
1920.000000 355.915497 204.503906 15.874512 39.280426 0.271199
1920.000000 624.564819 65.589157 13.065918 33.997864 0.239525
1920.000000 96.952637 165.527344 12.317230 31.325165 0.237915
1920.000000 166.115387 205.502167 14.747955 34.123047 0.218013
1920.000000 140.304153 213.727890 13.972687 33.028992 0.213070
1920.000000 20.200645 170.270020 13.015171 31.292603 0.206092
1920.000000 33.206066 178.237152 14.000519 31.899475 0.168435
1920.000000 144.816406 213.097885 14.718109 33.581085 0.127145
1920.000000 94.706100 170.069000 18.614929 45.223053 0.116910
1920.000000 154.122330 208.674774 13.133484 31.710724 0.107976
1920.000000 41.802990 180.095367 13.034821 29.534912 0.097453
1920.000000 4.639247 169.157806 14.121346 33.100861 0.087520
1920.000000 35.772270 177.968750 30.141853 71.158295 0.082381
1920.000000 103.920601 207.518814 13.976868 32.169922 0.065534
1920.000000 182.986282 213.406448 14.714935 32.870667 0.064204
1920.000000 208.929535 201.073364 14.244385 35.127289 0.062845
1920.000000 398.921661 209.405090 11.836975 31.025238 0.060740
1920.000000 176.271866 212.714767 15.003754 34.151184 0.059655
1920.000000 28.428167 173.545624 14.685801 29.282562 0.057927
1920.000000 120.429817 207.757782 23.787209 53.104034 0.055914
1920.000000 389.957123 209.416779 12.068420 31.389221 0.055016
1920.000000 89.216858 172.991562 14.373016 34.511810 0.054880
1920.000000 393.400879 204.557266 12.962952 33.552673 0.050701
1920.000000 40.021721 180.849075 21.525894 47.962036 0.050556
1920.000000 114.601234 142.094894 12.989655 31.685059 0.050271
1950.000000 164.678696 217.891388 15.419220 36.671234 0.309936
1950.000000 5.253939 219.030441 17.000639 39.815323 0.294011
1950.000000 394.178528 210.486908 12.157227 30.393219 0.277673
1950.000000 121.393867 200.851990 19.088814 48.694336 0.230989
1950.000000 381.622131 209.016556 14.021423 35.477448 0.194097
1950.000000 5.814921 196.616196 30.431374 85.640030 0.164066
1950.000000 0.000000 211.943817 11.098054 49.761993 0.126940
1950.000000 389.957245 211.440521 12.829224 30.956024 0.102681
1950.000000 111.251854 187.005859 24.149879 62.557831 0.096694
1950.000000 194.164795 192.442993 14.979645 35.675415 0.091189
1950.000000 626.034607 78.080284 12.530884 26.635086 0.086482
1950.000000 105.972122 202.888855 23.556396 59.400238 0.085538
1950.000000 125.970520 201.112457 11.639282 28.263733 0.079332
1950.000000 0.649422 208.958694 19.172165 61.317642 0.078400
1950.000000 178.340546 201.369034 13.388641 33.712524 0.077763
1950.000000 84.056625 200.627274 13.862854 33.842072 0.073382
1950.000000 621.658813 77.771461 10.352417 26.670441 0.072839
1950.000000 596.602051 38.563679 14.647217 34.594753 0.072162
1950.000000 6.166189 199.157852 22.118015 54.908051 0.069136
1950.000000 132.507721 200.908630 13.097595 32.344940 0.068089
1950.000000 23.826275 192.469910 15.956570 37.775146 0.063390
1950.000000 374.504028 209.868927 11.694824 32.718262 0.061277
1950.000000 389.847260 199.426422 13.090271 31.336884 0.052368
1950.000000 140.496246 195.650696 14.189575 35.165588 0.051865
1980.000000 89.175430 225.792236 16.454407 41.301453 0.585763
1980.000000 122.276253 195.381165 16.302330 40.279816 0.261365
1980.000000 12.429798 212.275024 19.776245 43.419922 0.258115
1980.000000 119.026482 202.132721 14.004066 34.214050 0.241547
1980.000000 173.461594 185.333847 14.287811 32.462982 0.240705
1980.000000 183.146698 183.104614 13.421539 31.990326 0.189930
1980.000000 50.466377 215.870972 13.002663 30.151398 0.138832
1980.000000 176.913361 179.100616 22.929474 56.663025 0.125281
1980.000000 36.626194 178.460236 13.796364 32.303680 0.124493
1980.000000 484.964447 209.074005 16.107666 37.560394 0.108970
1980.000000 410.918091 208.563477 10.631775 27.971649 0.101995
1980.000000 101.115501 198.165054 17.460709 43.702209 0.085610
1980.000000 581.077393 5.845822 11.260864 27.066895 0.083654
1980.000000 157.636383 187.615936 13.586029 32.519897 0.081149
1980.000000 117.891991 183.308868 10.633003 26.835968 0.071219
1980.000000 62.071335 221.398941 10.962906 28.071228 0.069368
1980.000000 590.768250 10.640532 12.149170 31.230888 0.069247
1980.000000 256.397827 195.469147 15.015381 34.604614 0.067125
1980.000000 0.000000 183.019943 14.538933 42.881226 0.062240
1980.000000 185.132568 189.193649 16.916168 39.786285 0.061376
1980.000000 369.309296 200.611725 17.384521 43.623413 0.059362
1980.000000 527.593933 6.311837 12.751709 30.080421 0.055836
1980.000000 262.033478 194.299850 16.511047 36.765167 0.053592
1980.000000 446.281738 73.064758 15.795105 34.760605 0.053528
1980.000000 171.200287 191.901611 18.792542 44.615784 0.053487
1980.000000 27.763105 188.534470 14.753069 32.778046 0.052394
