30.000000 67.204803 187.560135 14.945374 36.127106 0.124907
30.000000 0.668344 191.510239 16.954247 50.320435 0.089445
30.000000 250.643448 160.233475 12.408157 27.372803 0.061604
30.000000 401.781006 191.970016 11.281372 29.892914 0.058816
30.000000 271.823883 176.391922 11.781128 28.493744 0.054212
60.000000 7.939152 208.756927 12.237978 28.992676 0.262134
60.000000 0.000000 199.774597 9.797800 42.563568 0.173491
60.000000 15.603779 201.391647 14.283745 34.895050 0.084599
60.000000 11.462514 204.296143 13.370898 31.537354 0.064354
60.000000 1.629519 205.559174 12.865963 34.506195 0.060413
90.000000 237.979004 165.008362 12.837799 32.225403 0.390131
90.000000 187.288757 206.623810 19.296021 47.079803 0.082830
90.000000 277.013977 175.296844 12.354919 28.934113 0.082683
90.000000 243.038513 168.609726 12.128448 29.285065 0.053025
120.000000 401.024445 174.998672 11.047058 28.510559 0.182774
120.000000 237.676865 166.803192 12.062073 30.112946 0.164126
120.000000 294.619720 178.455170 11.309387 29.816437 0.134852
120.000000 364.436890 175.243927 11.852173 27.718323 0.122891
120.000000 402.850677 175.210754 14.015930 33.548828 0.113037
120.000000 387.795319 176.955292 11.677063 31.009766 0.096306
120.000000 244.983597 175.632233 14.735916 36.722992 0.089883
120.000000 396.913696 174.503830 16.578003 39.591400 0.065144
120.000000 368.987213 173.841690 12.736206 30.686157 0.056913
120.000000 276.704956 175.656921 13.022522 31.605988 0.055534
120.000000 219.194427 173.632080 10.463623 23.063171 0.051767
120.000000 206.033554 169.571091 11.221191 27.512634 0.050816
150.000000 99.401550 179.769501 17.544830 35.580261 0.359465
150.000000 238.397308 167.162552 11.575806 28.413147 0.233954
150.000000 249.999527 161.771408 13.709671 31.619659 0.145489
150.000000 458.512207 194.392609 12.056213 30.226135 0.117861
150.000000 92.312012 181.449249 13.563431 33.399872 0.109187
150.000000 254.178223 165.304810 15.364441 36.997192 0.090448
180.000000 34.022533 203.868744 11.983734 30.958740 0.072228
180.000000 212.397705 131.634476 25.698212 65.781677 0.053925
180.000000 7.713181 208.042740 13.205305 31.157166 0.051963
210.000000 30.687925 202.189438 14.109980 34.953705 0.216006
210.000000 237.711243 166.970779 11.639069 28.901855 0.124616
210.000000 118.110550 109.131012 17.944809 41.474609 0.053590
240.000000 209.584229 196.878418 12.012939 29.445984 0.125641
240.000000 475.034058 109.781433 25.287598 61.325165 0.117507
240.000000 214.700089 199.622147 11.360382 26.967957 0.063655
240.000000 211.734726 177.947266 19.601105 48.106812 0.062393
240.000000 267.344513 177.808487 15.120056 34.835236 0.061727
240.000000 480.640350 110.176132 16.349548 39.382141 0.057381
270.000000 195.022980 143.469193 17.882874 40.803497 0.435794
270.000000 192.053955 142.138855 24.005249 61.398041 0.115539
270.000000 459.944977 194.618134 11.693359 28.854736 0.068412
270.000000 205.116241 169.019348 15.409088 36.695343 0.065440
270.000000 237.916870 166.466095 12.682373 33.554504 0.054808
300.000000 69.514038 208.440735 13.277054 33.148132 0.492843
300.000000 61.399338 209.110565 14.335327 35.994904 0.279848
300.000000 6.748035 207.873550 13.770514 32.952728 0.219269
300.000000 195.747421 143.380386 16.707855 39.125275 0.192540
300.000000 85.570564 208.802612 13.292572 31.192444 0.192258
300.000000 459.116455 194.458115 12.987549 31.484711 0.163490
300.000000 191.513702 141.673203 23.363983 59.092957 0.057521
300.000000 73.713959 207.582397 13.889267 31.738800 0.057061
300.000000 18.271023 201.397079 14.386776 34.454559 0.051142
330.000000 1.220425 188.167816 24.011543 62.164886 0.955996
330.000000 12.572550 196.589783 20.295950 51.695282 0.826882
330.000000 0.073635 189.422424 11.095788 60.215576 0.283442
330.000000 11.893274 189.584702 13.819416 32.184174 0.130048
330.000000 94.378761 206.620499 13.495148 32.786163 0.074397
330.000000 3.911656 184.301315 12.077280 27.086670 0.068017
330.000000 14.366162 191.323486 16.240108 38.977295 0.060847
360.000000 53.334980 186.110931 23.235806 60.830414 0.847889
360.000000 17.583740 201.331116 15.139648 39.161957 0.638397
360.000000 35.430782 206.429245 15.848427 39.747101 0.343030
360.000000 43.914948 197.487366 20.659554 49.105530 0.290392
360.000000 63.040630 196.108231 18.989391 47.800507 0.283384
360.000000 458.661591 194.956818 12.962463 28.554993 0.206674
360.000000 7.675078 207.328674 14.214752 33.058502 0.123561
360.000000 401.063965 200.281219 11.411499 28.765594 0.081672
360.000000 330.333374 186.522797 13.397705 27.998627 0.070328
360.000000 439.645172 192.390656 13.222717 31.547668 0.055861
360.000000 58.712181 182.888840 12.657883 29.733215 0.054443
390.000000 108.290154 183.977280 25.300514 61.624542 0.985605
390.000000 97.680061 200.893417 19.519623 43.777527 0.352461
390.000000 7.470054 208.254349 13.640560 31.321045 0.253231
390.000000 308.602325 186.332047 10.697388 26.847839 0.178899
390.000000 17.620823 208.292740 12.947002 32.140656 0.177292
390.000000 295.144867 179.816467 11.648621 30.347839 0.122179
390.000000 127.986267 195.173950 19.139313 48.712738 0.111158
390.000000 133.282333 199.543762 13.606232 32.348419 0.085492
390.000000 102.559975 189.155075 22.726074 54.100586 0.073163
390.000000 37.139763 200.567642 14.401344 36.157288 0.072455
390.000000 325.414795 184.961975 12.174988 29.296265 0.070312
390.000000 96.727867 201.325470 13.725830 31.228882 0.069717
390.000000 13.910952 211.727570 12.096893 29.753143 0.066043
390.000000 507.865631 194.465729 19.128143 43.846741 0.060687
390.000000 467.175201 179.788574 15.235474 35.891357 0.055391
390.000000 101.601448 199.753265 12.321609 28.739563 0.054159
390.000000 398.139771 176.071442 16.116516 36.239502 0.053095
390.000000 126.847496 188.107422 14.449120 33.576355 0.051741
420.000000 168.122803 181.587601 25.328125 62.637573 0.954584
420.000000 309.350952 183.165833 11.860779 29.609283 0.235505
420.000000 179.403168 195.328568 18.546326 49.960907 0.162597
420.000000 236.278305 163.486710 14.976807 37.452057 0.161973
420.000000 458.441284 194.164093 12.024658 29.197052 0.096225
420.000000 515.313110 190.368591 11.182739 28.893890 0.090605
420.000000 268.030365 178.974915 14.261108 33.253571 0.086760
420.000000 511.141785 188.594604 17.181519 43.391327 0.072715
420.000000 7.168621 207.961380 13.055384 31.453918 0.066251
420.000000 387.375732 171.703033 14.314209 35.842926 0.064920
420.000000 519.317993 193.119812 14.150391 34.533081 0.058560
420.000000 12.315426 200.843353 16.398964 37.954315 0.051959
420.000000 0.000000 202.947800 10.035677 42.870117 0.051233
450.000000 227.964874 182.144775 25.327423 63.495239 0.982752
450.000000 29.396864 179.597122 27.124651 69.299713 0.973988
450.000000 43.843422 186.367783 21.003754 50.743256 0.388265
450.000000 7.395880 206.099731 14.495392 35.055176 0.275790
450.000000 295.519043 179.649231 12.664917 32.964355 0.216981
450.000000 276.210999 187.090042 11.343140 28.076263 0.198261
450.000000 267.993774 180.066360 14.448486 33.708527 0.159114
450.000000 241.160828 182.535919 19.051849 44.489349 0.143323
450.000000 216.571167 188.448425 24.611572 56.886169 0.131747
450.000000 237.345856 191.603210 20.480774 53.825043 0.126411
450.000000 246.381729 175.018814 12.581772 28.874359 0.059306
450.000000 324.267395 185.030151 11.971619 28.597626 0.054419
450.000000 391.434784 192.345947 13.953918 32.743683 0.054037
450.000000 317.625458 180.718491 12.375000 31.054260 0.050621
480.000000 84.063919 178.631104 26.700989 68.828552 0.983217
480.000000 290.783844 181.672913 24.224182 62.177765 0.811215
480.000000 220.788727 190.172302 11.051453 26.028168 0.149931
480.000000 6.863540 207.281998 13.290421 33.028076 0.130782
480.000000 259.472992 63.073864 16.798218 38.888554 0.104818
480.000000 307.200623 185.115433 13.876404 33.660370 0.102784
480.000000 299.850403 185.921844 21.828491 54.950378 0.085091
480.000000 293.554688 179.924561 16.727417 38.172302 0.082369
480.000000 92.275948 179.889343 17.459976 40.994324 0.075076
480.000000 281.094421 182.677521 26.781372 59.484924 0.058313
480.000000 510.798676 191.058426 17.038910 41.159882 0.056461
480.000000 16.555252 205.353989 14.686588 35.482513 0.052253
510.000000 140.549500 176.708054 25.469666 68.152771 0.973589
510.000000 354.072296 184.285736 24.442505 59.165283 0.894389
510.000000 211.242310 176.308411 17.362244 39.520782 0.285423
510.000000 344.985962 185.186508 25.137390 57.878326 0.270641
510.000000 17.754444 203.036942 14.040749 35.612366 0.209435
510.000000 6.877994 208.571716 13.341148 31.529694 0.124837
510.000000 236.702011 163.467209 14.916260 38.311554 0.085727
510.000000 218.566376 176.686630 15.134766 37.538879 0.083780
510.000000 364.943542 191.138596 20.993408 50.161041 0.078358
510.000000 245.806992 174.965210 14.998306 33.171417 0.072052
510.000000 251.363205 161.644714 11.657608 25.682068 0.055983
540.000000 412.970184 181.639099 25.323975 62.316345 0.981863
540.000000 191.723007 175.843719 28.353058 68.395844 0.969439
540.000000 404.194305 183.662079 25.304016 61.256348 0.373833
540.000000 237.272400 165.851425 13.710052 33.272644 0.350374
540.000000 210.387054 172.128281 18.472260 43.048004 0.297950
540.000000 197.678421 177.962616 17.701935 41.469299 0.197901
540.000000 255.425674 164.561356 16.296951 38.921478 0.148330
540.000000 512.887634 189.299683 13.591187 34.557098 0.115783
540.000000 259.708069 62.907841 14.400269 31.634045 0.092186
540.000000 9.705978 210.976227 13.734798 29.509857 0.077522
540.000000 214.606506 170.881226 12.296295 28.225067 0.077446
540.000000 209.865692 171.539276 13.584686 29.957428 0.073534
540.000000 216.583435 173.750504 15.801422 37.240936 0.070236
540.000000 85.846497 208.711166 13.085220 31.120148 0.069104
540.000000 409.062836 185.326675 15.855530 36.471222 0.068813
540.000000 458.013184 193.920502 14.229309 32.537964 0.055951
540.000000 250.551987 162.169540 11.921280 26.261169 0.055887
540.000000 440.914062 190.877457 14.140991 38.304108 0.050401
570.000000 248.183502 172.818726 28.503479 70.132019 0.991435
570.000000 473.219086 182.390274 24.249146 61.456360 0.973763
570.000000 459.113953 183.391647 23.552124 60.282532 0.767081
570.000000 460.100403 187.042618 15.510986 36.616669 0.550977
570.000000 7.269210 206.719254 13.123990 33.204163 0.489308
570.000000 16.663273 201.505920 15.307598 38.454803 0.265145
570.000000 267.099335 177.867813 15.756714 37.900452 0.161602
570.000000 269.347229 191.998169 11.562988 25.423645 0.158394
570.000000 238.069443 164.149719 13.286407 33.099182 0.150248
570.000000 514.574036 189.577011 10.902832 26.074768 0.124655
570.000000 260.559784 61.180283 13.993469 32.079544 0.079723
570.000000 205.079819 169.307434 14.996368 33.398376 0.077109
570.000000 210.479980 172.998352 19.299042 42.273010 0.073208
570.000000 260.415344 170.636093 13.111145 29.060059 0.061429
570.000000 476.189331 183.149704 17.117188 39.911224 0.059090
570.000000 0.000000 199.423264 9.629014 43.418610 0.057581
570.000000 511.632050 189.222198 16.370209 40.283020 0.052741
600.000000 303.554382 174.638412 28.304260 67.839813 0.978175
600.000000 532.495483 184.956299 26.130737 62.367432 0.929745
600.000000 514.097534 183.363403 22.055786 52.512512 0.903835
600.000000 44.767185 127.801872 20.080517 48.566093 0.329806
600.000000 251.781250 160.460052 12.442749 27.541382 0.280422
600.000000 235.995789 162.168564 15.489807 39.435883 0.257381
600.000000 459.586121 193.933624 12.666321 30.332825 0.227616
600.000000 168.214371 140.050217 14.428955 35.548157 0.161964
600.000000 6.688687 208.536850 12.734756 31.212036 0.151116
600.000000 314.903961 175.226059 16.333862 37.571106 0.130178
600.000000 258.168274 163.287964 16.013489 40.705994 0.118565
600.000000 527.234558 186.287552 23.145752 49.262238 0.113772
600.000000 364.134155 175.701981 11.756470 28.938293 0.110794
600.000000 368.973511 172.952225 13.096924 31.265198 0.094011
600.000000 260.931732 62.419449 13.505188 32.281647 0.088621
600.000000 197.496979 142.143677 13.126129 32.165161 0.082422
600.000000 517.230164 182.531769 15.424316 38.602692 0.075554
600.000000 624.534424 167.884079 15.101685 56.922302 0.075345
600.000000 119.909851 108.592667 15.715271 37.108032 0.073074
600.000000 268.569855 179.646927 13.502625 29.679596 0.070556
600.000000 157.987701 141.028687 14.845978 36.420746 0.070228
600.000000 190.856750 141.823181 21.957336 51.489746 0.069447
600.000000 523.612976 196.177124 18.472290 39.496338 0.068724
600.000000 246.587051 162.132324 16.286514 36.663635 0.068212
600.000000 206.807297 168.113235 13.235809 28.603088 0.066065
600.000000 209.853027 171.760040 19.564575 42.908051 0.060085
600.000000 205.562378 169.308121 17.990631 40.066956 0.051677
600.000000 402.670197 189.481232 13.559387 32.596497 0.051520
630.000000 558.714844 180.308868 25.424194 62.288239 0.973418
630.000000 582.787170 183.812012 26.181030 64.666718 0.884203
630.000000 360.015839 186.489487 23.548035 55.960510 0.736817
630.000000 251.872330 162.401169 11.452194 24.144226 0.244740
630.000000 459.560699 194.035614 12.277405 28.668549 0.134407
630.000000 356.432526 192.965363 19.724060 45.442474 0.115762
630.000000 564.916260 180.832916 15.171875 32.965454 0.115505
630.000000 236.645737 165.301666 14.677246 35.409149 0.107940
630.000000 261.201752 62.416428 12.737244 30.483170 0.083720
630.000000 245.107269 176.392166 15.583954 35.959778 0.071726
630.000000 441.445465 191.286484 11.100769 28.627014 0.067638
660.000000 414.253082 176.103638 26.959656 69.014282 0.970178
660.000000 599.656189 181.019119 15.185425 34.191498 0.508491
660.000000 595.946350 180.477219 21.216553 51.974030 0.314121
660.000000 417.166565 201.627716 19.403259 42.908691 0.242254
660.000000 456.981537 194.822449 13.151001 29.308685 0.233956
660.000000 253.571198 160.044800 11.028137 27.078918 0.198946
660.000000 237.609238 166.454865 13.388977 31.873169 0.190143
660.000000 254.420639 160.336655 19.195541 48.545929 0.151926
660.000000 117.370209 112.662880 17.470337 41.367271 0.104816
660.000000 204.601105 167.609238 15.817108 37.214691 0.098631
660.000000 419.482422 177.232758 18.200439 45.329285 0.096649
660.000000 597.134888 181.088959 12.673218 28.248230 0.086757
660.000000 609.120789 176.841339 14.435913 33.720123 0.078823
660.000000 268.747131 179.125732 12.075867 27.320679 0.077959
660.000000 114.938576 109.281761 25.891502 61.766792 0.073343
660.000000 276.406738 174.318115 11.865540 30.151886 0.067529
660.000000 247.077560 160.792038 16.735092 39.877594 0.065284
660.000000 425.260254 178.745438 21.890198 52.542816 0.061020
660.000000 368.940735 170.476608 13.408020 32.515106 0.053658
660.000000 203.427887 162.071014 23.856812 55.324707 0.050703
690.000000 462.594269 173.340942 29.511658 71.990753 0.977822
690.000000 236.590637 163.205582 14.889099 37.399017 0.323540
690.000000 478.643646 174.157257 12.762268 31.464233 0.280920
690.000000 622.883789 177.935516 15.610962 47.924347 0.232041
690.000000 204.054352 169.475876 16.139771 37.186493 0.211329
690.000000 514.295044 188.050964 11.819092 29.976074 0.176458
690.000000 18.598331 195.784592 16.227001 40.075195 0.155778
690.000000 245.959702 172.749054 15.398361 39.102295 0.097190
690.000000 475.191467 174.529694 27.597351 69.728180 0.093472
690.000000 197.928177 144.337250 12.807159 29.877625 0.084061
690.000000 4.768686 208.581390 13.539213 32.739838 0.074615
690.000000 474.470062 174.764053 19.305298 47.517853 0.074290
690.000000 209.952957 172.064774 17.959900 40.280457 0.071384
690.000000 134.878494 189.702789 17.265137 40.290527 0.061735
690.000000 257.658997 170.348389 12.073914 32.494415 0.056296
690.000000 0.000000 201.090927 10.130430 44.084137 0.055615
690.000000 627.809692 173.308777 11.889282 39.886871 0.051762
720.000000 521.294373 181.618454 20.842041 48.468719 0.684662
720.000000 7.239145 207.900162 12.397789 31.947754 0.309566
720.000000 236.362793 164.980103 14.350800 34.428955 0.228609
720.000000 252.499222 159.966324 11.344894 27.145325 0.187951
720.000000 252.606094 159.136734 20.398300 51.708313 0.135857
720.000000 276.353394 175.134644 12.815796 30.497742 0.133681
720.000000 115.733658 200.575867 13.398972 31.144745 0.104890
720.000000 104.740082 200.221985 11.037384 29.033020 0.069943
720.000000 296.457825 181.768143 9.352905 23.824890 0.061959
720.000000 527.069946 182.380722 22.573364 54.863129 0.054286
750.000000 564.585510 178.353561 27.432129 69.752686 0.993269
750.000000 260.039429 58.863190 14.224670 34.383423 0.185231
780.000000 594.013611 177.535797 28.721436 71.729034 0.995779
780.000000 204.082733 170.874390 15.478088 37.566589 0.256144
780.000000 289.958801 189.343231 14.742126 38.261108 0.229952
780.000000 282.016754 196.559387 16.229126 38.486938 0.153181
780.000000 257.922485 167.861694 15.418945 37.453949 0.107145
780.000000 29.780376 193.994873 11.489433 28.805786 0.093775
780.000000 46.472569 202.786026 11.548607 29.529114 0.087382
780.000000 589.096313 183.589294 20.105103 50.642181 0.079309
780.000000 237.116135 170.790497 11.506897 29.413788 0.066714
780.000000 26.424925 194.175644 18.255350 42.894043 0.066122
780.000000 343.657654 192.438141 13.690918 32.619843 0.065611
780.000000 245.210175 175.056229 15.059082 36.044556 0.059795
810.000000 599.053772 179.294647 23.209839 54.437439 0.810988
810.000000 256.433594 167.237091 15.576904 37.464569 0.541713
810.000000 247.513336 175.402451 12.338989 28.389923 0.441034
810.000000 237.087250 169.050751 12.582977 32.901215 0.365914
810.000000 198.039719 162.827301 11.765167 25.638428 0.352792
810.000000 205.329803 170.700256 12.877197 31.467255 0.273581
810.000000 261.463226 61.691460 13.352661 32.686584 0.172027
810.000000 213.242172 163.013412 12.145294 29.072937 0.135729
810.000000 170.115433 158.763657 13.725372 32.204468 0.129514
810.000000 242.162704 170.754349 12.592468 31.252441 0.116219
810.000000 206.763031 159.523743 13.240936 30.254089 0.090257
810.000000 214.946091 173.089539 12.710602 30.283112 0.081056
810.000000 266.356079 177.731445 13.049316 29.904358 0.075742
810.000000 222.614761 164.243866 11.483856 27.525848 0.071551
810.000000 595.271790 181.069977 18.255005 44.949005 0.063421
810.000000 218.864441 157.110138 12.809753 32.381317 0.063202
810.000000 209.099945 169.156296 12.135254 29.064636 0.062774
810.000000 458.808868 195.458359 12.896118 30.385284 0.060463
810.000000 387.266022 174.412476 13.873230 33.821503 0.058864
810.000000 293.625305 180.000610 13.980774 34.902283 0.058054
810.000000 220.235901 176.178329 11.820923 27.006744 0.055009
840.000000 597.128174 179.324127 29.284546 72.889832 0.995392
840.000000 363.167603 172.308441 14.415405 35.564819 0.457334
840.000000 356.595184 162.492264 14.414185 34.524963 0.340134
840.000000 360.231506 171.307816 20.505493 51.277710 0.219290
840.000000 352.873352 160.228821 20.646912 57.252167 0.168551
840.000000 359.366211 168.062027 14.669495 36.181152 0.099612
840.000000 7.066664 207.908386 13.856838 33.019348 0.099452
840.000000 294.651703 180.092300 12.817078 32.864014 0.090818
840.000000 344.498474 175.408539 14.470825 36.729218 0.090665
840.000000 337.585815 171.494400 20.734436 54.466766 0.088809
840.000000 268.984253 184.105606 12.975159 28.170319 0.068146
840.000000 368.571167 173.650986 11.999023 30.127106 0.060278
840.000000 324.115936 191.942993 11.812500 27.818878 0.056731
840.000000 377.466339 158.643509 19.390198 47.982697 0.056550
840.000000 385.983124 170.860657 18.721741 42.668671 0.055049
870.000000 596.801819 178.345413 29.638062 73.214691 0.994337
900.000000 597.106934 178.535934 29.118408 73.688660 0.994364
900.000000 7.477185 208.899261 13.055499 31.815430 0.161963
900.000000 308.715271 185.977783 13.921936 33.105957 0.129934
900.000000 218.722427 155.625214 14.247223 35.941040 0.123601
900.000000 237.294510 168.826141 12.809631 32.415649 0.078514
900.000000 117.672226 110.861496 19.310242 44.275970 0.074490
900.000000 214.486633 163.232910 14.256256 33.337891 0.072926
900.000000 273.557892 184.934052 12.060242 28.947845 0.060352
930.000000 595.828369 177.789902 29.445068 71.825836 0.995389
930.000000 237.070557 163.745895 13.991211 33.542328 0.374594
930.000000 275.296936 174.260712 13.035339 30.675598 0.274066
930.000000 19.125446 204.278564 14.596565 35.084595 0.219077
930.000000 251.432480 161.945709 12.359756 25.285980 0.182898
930.000000 589.580078 182.057495 19.928345 50.703735 0.162282
930.000000 368.399536 170.425186 12.984680 31.095245 0.151209
930.000000 229.324585 158.717133 17.675690 41.378784 0.136875
930.000000 191.377960 142.730087 23.428619 57.185486 0.103767
930.000000 204.831024 170.108627 15.197998 32.355682 0.103139
930.000000 243.687057 160.363525 20.838547 52.008484 0.100238
930.000000 195.195694 144.980621 16.460968 37.145691 0.090428
930.000000 275.798431 182.964188 13.810120 33.140991 0.072526
930.000000 257.233582 169.880814 11.324158 26.234985 0.061339
930.000000 221.342667 157.170502 24.051147 58.904449 0.060604
930.000000 221.111923 175.497345 11.171448 25.616943 0.060342
930.000000 119.779877 111.962173 14.813568 35.365082 0.058992
930.000000 295.590973 177.301392 12.620972 33.483917 0.055610
930.000000 241.289902 165.105850 14.448303 30.506561 0.050828
960.000000 597.660706 179.018311 29.590332 70.317688 0.996043
960.000000 467.970703 177.784866 15.975769 37.772003 0.379412
960.000000 558.639465 177.071289 16.172485 39.307007 0.361310
960.000000 236.351151 162.158142 14.595825 41.765259 0.142218
960.000000 268.821991 169.870071 20.796875 51.247162 0.134031
960.000000 465.481140 174.735474 23.313538 56.395721 0.131411
960.000000 238.765976 162.603882 10.597626 26.487732 0.122574
960.000000 292.151672 179.226761 14.759766 35.548737 0.113646
960.000000 215.358246 166.683472 12.934875 31.791534 0.102380
960.000000 555.126465 176.113556 23.010010 55.713531 0.100409
960.000000 288.875000 178.866379 12.796021 31.390320 0.092258
960.000000 276.471283 175.630295 13.915894 34.062317 0.087891
960.000000 457.805115 181.979599 17.005005 43.337280 0.082408
960.000000 588.176514 197.595764 13.856934 32.301910 0.081977
960.000000 272.196045 169.774582 13.864380 35.818298 0.081865
960.000000 369.785736 169.331375 13.152710 32.772766 0.079423
960.000000 336.145660 178.060608 13.297729 34.290405 0.070063
960.000000 17.479362 200.994278 15.499825 37.215332 0.069570
960.000000 345.819672 186.418457 12.188293 31.034241 0.069012
960.000000 204.207642 168.765808 16.211639 37.644836 0.063928
960.000000 345.555389 175.633713 11.622192 28.456512 0.060747
960.000000 390.167938 191.855423 14.379089 33.137817 0.058775
960.000000 472.350586 174.855179 18.766846 41.628876 0.058735
990.000000 599.227417 177.896973 30.716919 71.740967 0.995566
990.000000 261.147339 61.257160 13.041016 32.228069 0.293266
990.000000 626.635010 181.121368 13.077393 64.623810 0.154693
990.000000 509.134583 187.265381 18.912964 45.918793 0.117664
990.000000 618.249207 184.414673 17.661743 51.020142 0.096000
990.000000 514.210815 189.502045 11.743530 28.701813 0.062789
990.000000 596.438782 184.613556 18.881104 44.059845 0.056707
1020.000000 599.919861 177.293625 29.787476 72.251831 0.995681
1020.000000 7.100451 208.482010 13.283218 32.204437 0.298199
1020.000000 237.997910 166.885162 12.356689 32.871796 0.222564
1020.000000 508.772125 190.006088 18.658966 43.634033 0.162757
1020.000000 514.358887 189.004089 11.823608 31.797058 0.126275
1020.000000 627.281860 180.786377 12.439331 62.809052 0.081944
1020.000000 499.844910 178.014191 24.723511 56.411835 0.071467
1020.000000 597.186462 185.795212 18.221313 41.275330 0.056521
1050.000000 237.574677 165.378067 12.871552 32.150940 0.266411
1050.000000 357.097900 192.702240 13.608398 34.251617 0.125374
1050.000000 399.681335 174.376297 14.458130 34.660797 0.067310
1050.000000 368.149567 193.440521 15.196472 35.717133 0.065272
1050.000000 513.941223 190.203537 11.163940 28.121429 0.057205
1050.000000 274.141602 172.740021 13.599854 33.433014 0.050527
1080.000000 598.637146 177.863998 30.190796 74.342224 0.996455
1080.000000 260.561707 61.179245 14.490173 34.250916 0.280078
1080.000000 237.037888 169.727661 12.478271 29.209534 0.259264
1080.000000 245.609543 175.106506 15.492416 36.721710 0.187211
1080.000000 193.784576 143.800156 18.509186 42.357056 0.172530
1080.000000 387.585571 174.493805 13.304993 33.932648 0.170477
1080.000000 257.220886 174.034607 11.893372 31.029938 0.141538
1080.000000 251.485352 161.550125 14.360291 33.051025 0.080508
1080.000000 627.879944 179.867981 11.978882 64.928009 0.062668
1080.000000 268.273834 181.386826 11.830994 26.489136 0.061186
1080.000000 197.961578 163.098709 13.606049 28.848419 0.060441
1080.000000 214.884308 165.823318 13.254395 26.893982 0.051247
1110.000000 599.292419 177.202515 29.922729 72.532135 0.995608
1110.000000 237.204819 164.342911 13.805115 33.169006 0.249605
1110.000000 459.984528 194.204147 11.630798 26.779907 0.163132
1110.000000 387.285461 173.118164 13.890686 34.564331 0.136634
1110.000000 514.210449 190.135498 10.792236 27.575165 0.119075
1110.000000 250.963745 162.418839 12.564453 27.575531 0.111159
1110.000000 17.897766 197.767548 16.509380 38.940155 0.089372
1110.000000 510.428772 189.762283 17.393066 41.320770 0.081197
1110.000000 597.658936 184.601746 14.260132 34.935333 0.077924
1110.000000 259.839508 61.106239 13.608215 32.043793 0.077533
1110.000000 244.788666 162.336578 17.715057 39.286194 0.075862
1110.000000 633.535156 145.570007 6.275146 334.429993 0.061266
1140.000000 599.935303 177.939590 29.220703 71.796600 0.995836
1140.000000 513.590759 189.101837 12.176758 29.326965 0.163840
1140.000000 8.051964 208.671097 13.239702 31.265900 0.156889
1140.000000 237.114548 165.685913 13.600159 33.123779 0.147857
1140.000000 244.576431 174.852402 15.876846 37.938202 0.128393
1140.000000 219.884262 175.391479 11.451599 27.031891 0.081011
1140.000000 458.601868 193.954330 14.021179 31.581787 0.080156
1140.000000 204.617645 168.457901 15.648285 38.221649 0.058815
1140.000000 521.705994 194.690277 13.458496 29.986572 0.050691
1170.000000 602.280457 177.446960 26.407959 56.526398 0.679491
1170.000000 557.619202 176.062286 18.714233 48.587189 0.542029
1170.000000 244.570099 177.828949 15.692139 35.412994 0.399104
1170.000000 295.244293 177.605316 13.193237 33.297943 0.239858
1170.000000 609.545349 178.134598 17.621826 41.737061 0.197661
1170.000000 273.011780 175.545303 12.944946 31.097473 0.192062
1170.000000 456.769836 194.879501 16.142578 37.761932 0.185922
1170.000000 237.716034 165.737305 13.523560 31.589111 0.149643
1170.000000 370.216614 171.934052 12.407715 30.248260 0.138330
1170.000000 400.203461 200.905563 10.996277 28.756683 0.121457
1170.000000 559.471008 176.076447 13.612427 32.039886 0.115206
1170.000000 222.343811 176.037338 10.777802 23.961426 0.104839
1170.000000 205.064896 168.971130 13.892303 30.169098 0.093752
1170.000000 7.688812 208.735931 13.713415 32.388367 0.086354
1170.000000 608.950439 178.329529 28.415771 73.539490 0.079913
1170.000000 624.011169 182.388336 15.884888 54.809235 0.077846
1170.000000 203.041565 168.666473 19.507416 47.973785 0.071177
1170.000000 389.743561 171.267227 13.344910 29.711609 0.065359
1170.000000 270.034088 180.925095 12.231018 27.134949 0.064851
1170.000000 214.752670 171.251801 11.947296 26.335052 0.058100
1200.000000 600.235596 177.824860 29.292114 72.788788 0.993559
1200.000000 459.426147 194.640137 10.953979 26.284088 0.148593
1200.000000 273.023468 178.364227 13.076843 32.008270 0.059438
1200.000000 237.752838 168.566055 12.530518 28.508575 0.058743
1230.000000 600.276917 177.704254 29.420288 71.468964 0.995296
1230.000000 237.091339 164.731018 14.315094 35.476166 0.258758
1230.000000 244.007156 175.425659 15.722733 37.040985 0.205810
1230.000000 294.421844 178.935059 12.125000 34.947083 0.120390
1230.000000 274.748810 173.023148 14.544617 35.382172 0.111758
1230.000000 628.332825 179.197510 11.514526 59.642395 0.102152
1230.000000 270.726196 178.425781 12.440186 29.426270 0.068019
1230.000000 256.282471 171.676224 13.246094 33.442688 0.061774
1230.000000 513.896118 190.173477 11.122803 26.043732 0.055952
1260.000000 600.992859 180.229248 29.018555 73.448914 0.997131
1260.000000 6.322042 211.916260 17.581577 39.956390 0.266316
1260.000000 0.165667 213.923386 10.691736 44.832230 0.237731
1260.000000 17.917025 214.579315 13.195805 30.829163 0.183938
1260.000000 12.753817 213.197800 12.833508 31.300293 0.172049
1260.000000 7.277451 208.231201 13.463964 29.610596 0.114431
1260.000000 622.010742 183.438675 17.081299 55.769470 0.110301
1260.000000 596.708008 187.940247 17.475830 41.656219 0.084868
1260.000000 260.914673 62.121288 13.433350 32.080585 0.079300
1260.000000 403.996521 192.514740 12.340515 30.822083 0.052602
1290.000000 601.367920 178.503998 30.436035 74.001495 0.995744
1290.000000 76.920715 192.452179 13.109146 33.369324 0.351845
1290.000000 236.757492 164.372589 13.291962 32.553070 0.235274
1290.000000 628.257385 181.549728 11.671753 60.377167 0.123772
1290.000000 458.709625 194.707993 11.695435 28.781189 0.079884
1290.000000 257.851990 171.312439 11.249573 31.934753 0.058790
1290.000000 79.812164 193.506714 15.093582 37.100342 0.052352
1290.000000 69.953056 191.246368 19.035004 43.228058 0.050179
1320.000000 601.418213 178.867493 30.897705 73.230011 0.995017
1320.000000 236.982483 165.661682 14.557831 37.029541 0.280405
1320.000000 8.009083 208.736435 12.508850 30.462677 0.236719
1320.000000 75.690933 188.194443 13.521942 34.538055 0.236701
1320.000000 294.235352 179.661545 12.735718 32.442688 0.213997
1320.000000 627.845825 179.100723 12.154175 72.720001 0.158538
1320.000000 457.931152 193.747742 13.203613 31.657928 0.094386
1320.000000 275.587860 176.937820 13.106445 33.396667 0.082745
1320.000000 70.850830 186.731781 21.039673 49.188660 0.080432
1320.000000 519.540894 195.120895 13.038208 31.077850 0.074716
1320.000000 259.848328 60.862370 14.531738 32.697903 0.071890
1320.000000 245.121262 177.081863 15.166031 36.217621 0.054247
1320.000000 19.653826 202.554443 13.185278 35.404785 0.054115
1350.000000 601.513916 178.515717 29.500000 74.007629 0.996609
1350.000000 459.947174 195.211868 12.726929 30.130432 0.166401
1350.000000 7.709794 208.613083 12.569011 29.551636 0.155667
1350.000000 260.417694 60.974541 13.763245 32.776138 0.150745
1350.000000 237.416382 165.843613 12.315125 30.514526 0.142687
1350.000000 294.053223 180.119492 12.630554 32.889191 0.132107
1350.000000 626.841370 181.568756 13.135864 71.068787 0.084989
1350.000000 275.241364 174.142700 13.553833 33.509613 0.066815
1350.000000 590.975464 201.322784 14.791504 32.091980 0.063215
1350.000000 164.176880 193.554077 12.397461 30.529877 0.058326
1380.000000 602.148804 178.160706 29.233032 74.399933 0.996101
1380.000000 238.170410 167.223511 11.714111 28.675018 0.185605
1380.000000 18.740664 199.323349 15.008982 36.436676 0.172715
1380.000000 368.967438 171.915909 12.640869 30.071289 0.099145
1380.000000 458.813843 194.119278 12.080078 28.232117 0.091318
1380.000000 309.362427 183.219528 12.077881 28.641815 0.085690
1380.000000 627.085999 179.757935 12.746460 72.329620 0.074617
1380.000000 8.227671 208.771240 13.129789 30.911102 0.069952
1380.000000 257.926514 170.135941 12.318848 33.125214 0.061857
1380.000000 295.077087 180.230164 12.236389 32.496948 0.058754
1410.000000 601.972656 178.731216 29.062744 72.594452 0.995835
1410.000000 18.115025 202.220810 14.015705 34.970276 0.394878
1410.000000 275.154541 176.446838 12.917236 32.654785 0.223008
1410.000000 237.638626 167.956177 12.197174 29.848450 0.099268
1410.000000 514.804749 190.237976 10.234741 26.605530 0.095985
1410.000000 293.848816 179.933701 12.371948 32.706238 0.080099
1410.000000 627.191101 181.039185 12.808899 71.447906 0.066313
1440.000000 610.340759 178.833557 23.917114 53.195465 0.660907
1440.000000 605.074219 185.614471 13.327881 28.854858 0.215688
1440.000000 613.579407 180.482727 15.787598 34.657684 0.177235
1440.000000 600.196838 183.975067 19.468994 45.346161 0.157381
1440.000000 617.978760 177.550034 20.329346 72.877411 0.147166
1440.000000 634.534912 154.753754 5.330322 325.246246 0.068470
1440.000000 625.271790 184.202744 14.382446 39.380829 0.065588
1440.000000 599.194031 179.236023 33.932495 70.563995 0.062803
1440.000000 590.685791 184.607727 19.357544 46.367706 0.057848
1440.000000 513.996704 190.585007 11.375000 27.536102 0.054332
1440.000000 610.127686 182.638321 14.796997 40.148499 0.051117
1440.000000 619.088501 180.444931 15.517822 34.517242 0.050845
1470.000000 606.678650 178.699463 31.757690 73.385681 0.993313
1470.000000 509.418121 199.718094 15.130951 35.451294 0.682138
1470.000000 624.717102 179.063660 15.235229 74.330017 0.332284
1470.000000 8.936298 209.441727 12.531424 30.455719 0.180804
1470.000000 31.612318 209.569916 13.118425 31.112274 0.166045
1500.000000 611.784607 176.065979 27.998169 76.469788 0.987000
1500.000000 17.936262 204.594742 13.214062 35.376282 0.234318
1500.000000 315.095673 177.251068 12.955750 32.103790 0.207056
1500.000000 274.742218 174.738800 13.663818 34.425720 0.204842
1500.000000 8.696201 208.143417 13.289722 32.826660 0.137857
1500.000000 63.412170 207.734161 10.923492 26.993408 0.131260
1500.000000 624.696533 176.250336 15.303467 68.574860 0.115827
1500.000000 68.979446 208.790695 11.175461 28.270813 0.102781
1500.000000 369.729065 167.942337 13.218994 33.743530 0.097575
1500.000000 458.057556 194.775269 13.652649 31.735260 0.090800
1500.000000 307.646912 182.668335 11.859619 30.639130 0.089675
1500.000000 345.137756 176.486130 12.767456 31.456451 0.081787
1500.000000 332.639954 180.794708 13.807190 33.823120 0.065461
1500.000000 268.887939 181.250793 12.494080 26.256531 0.064979
1500.000000 343.033752 182.293411 16.512329 40.319366 0.058186
1500.000000 361.071594 178.476486 12.825012 33.429718 0.052971
1500.000000 631.924683 142.291885 7.969971 334.557800 0.052684
1530.000000 620.997864 176.348007 19.002136 67.359436 0.856842
1530.000000 613.064819 181.126068 21.481201 60.699066 0.212538
1530.000000 625.010986 177.203186 14.753174 40.792999 0.071771
1530.000000 245.512421 177.764771 12.969910 29.760773 0.058812
1560.000000 271.429016 178.665207 13.782959 32.868011 0.275427
1560.000000 415.812866 185.766373 12.687561 32.110199 0.272121
1560.000000 235.730911 169.279678 14.866211 36.595337 0.191488
1560.000000 369.455719 192.639099 11.606079 27.912476 0.105768
1560.000000 248.110214 176.129486 12.564529 28.139923 0.078737
1560.000000 218.152359 162.117859 22.778625 62.458038 0.072143
1560.000000 301.572723 194.753784 12.523865 29.201294 0.063632
1590.000000 261.453674 182.431107 11.173828 27.437927 0.177326
1590.000000 262.043610 172.359406 13.153992 32.409943 0.160323
1590.000000 462.372040 197.185822 13.812927 35.814880 0.159925
1590.000000 247.352676 168.248474 15.526413 38.934570 0.137992
1590.000000 275.021851 175.846329 10.554932 24.270721 0.113446
1590.000000 199.143845 168.211136 12.240265 29.099915 0.112771
1590.000000 234.902420 170.980972 13.487274 31.413361 0.109469
1590.000000 362.280640 164.554413 13.543884 32.329254 0.100111
1590.000000 206.586868 167.576447 12.740112 30.623322 0.089273
1590.000000 220.490021 165.022644 15.484924 37.452728 0.072665
1590.000000 227.389771 165.697205 11.112183 26.722809 0.051994
1620.000000 187.023026 163.637848 12.404999 28.882538 0.209678
1620.000000 210.306549 160.038803 15.737518 38.860474 0.091877
1620.000000 170.292404 159.905334 13.221222 31.286926 0.058097
1650.000000 485.769989 189.692444 15.512451 36.606445 0.309778
1650.000000 483.124634 188.380707 23.041016 54.959778 0.074270
1650.000000 84.653633 192.511963 10.740219 26.535065 0.062523
1650.000000 484.070862 188.270920 12.948730 28.943939 0.056402
1680.000000 482.601379 180.303223 16.053223 37.364990 0.346952
1680.000000 476.583313 182.120010 20.442505 46.652863 0.111250
1680.000000 197.043320 134.489502 19.887665 49.641296 0.094445
1680.000000 457.827606 179.037018 14.538696 33.572540 0.069398
1680.000000 140.393753 137.029419 12.552032 29.724884 0.066788
1680.000000 363.752411 173.889160 13.255066 28.587128 0.058702
1680.000000 217.530228 146.109207 12.144318 27.037872 0.055020
1680.000000 479.098022 180.247726 13.230896 30.863678 0.051554
1680.000000 204.837570 136.643021 11.912018 29.577484 0.051148
1710.000000 545.132812 175.275696 15.717896 38.073669 0.556020
1710.000000 516.998962 173.190994 15.640015 36.563995 0.163060
1710.000000 546.269531 174.070160 12.335938 25.824921 0.160190
1710.000000 445.289246 180.589355 13.860229 35.195557 0.154866
1710.000000 523.556824 176.818329 14.320923 30.701996 0.140797
1710.000000 532.828979 180.268311 16.049805 36.280762 0.129709
1710.000000 569.946472 174.416229 13.003052 27.218964 0.077112
1710.000000 519.739319 174.462372 20.658569 48.311096 0.070877
1710.000000 389.495636 173.910599 12.012573 29.491089 0.053961
1710.000000 535.528442 179.197128 11.601318 25.847290 0.052832
1710.000000 512.298523 171.163757 22.301392 54.489807 0.050545
1710.000000 539.545166 182.065964 12.982544 30.499115 0.050288
1740.000000 462.153900 185.759674 11.481262 30.007416 0.290957
1740.000000 483.859283 178.252487 16.003174 40.982574 0.256513
1740.000000 560.127075 180.867371 22.552002 54.659546 0.165156
1740.000000 569.652466 170.942505 18.196777 43.582458 0.073835
1770.000000 534.131592 170.509369 22.115112 56.186310 0.170165
1770.000000 506.550995 181.962585 15.965057 41.527252 0.111626
1770.000000 119.580879 180.043732 11.576714 29.687988 0.080957
1800.000000 490.435547 177.422226 15.002136 38.285095 0.273817
1800.000000 79.322594 177.896484 13.207062 32.208435 0.211860
1800.000000 459.850342 178.276443 14.105652 35.162079 0.128863
1800.000000 55.452366 178.677536 13.798054 33.972076 0.116739
1800.000000 28.154026 175.734375 12.196930 30.312836 0.076533
1800.000000 428.803253 167.890945 14.296326 35.498474 0.059742
1800.000000 486.699219 176.622528 24.134583 62.089050 0.058839
1830.000000 418.819031 173.358337 14.019836 32.490509 0.483685
1830.000000 450.648163 176.719360 14.822388 33.151337 0.104801
1830.000000 490.933868 180.270233 13.603149 32.281006 0.097562
1830.000000 414.540894 174.309204 14.049133 34.565582 0.067321
1830.000000 475.293884 180.965012 18.229919 41.459412 0.066491
1830.000000 501.347626 168.900177 15.439484 36.395813 0.065189
1830.000000 141.714813 175.133423 9.682892 23.523895 0.056924
1830.000000 288.028198 166.421921 12.740540 27.887115 0.053306
