30.000000 164.783875 162.521652 16.120911 37.781372 0.236384
30.000000 195.370468 154.824127 14.562103 35.902222 0.173283
30.000000 161.225174 160.790314 23.195465 56.846466 0.094572
30.000000 173.663147 153.444702 14.351654 35.672394 0.065730
30.000000 190.478729 154.763306 23.335022 54.605408 0.058150
30.000000 612.229248 167.229187 13.870728 32.304535 0.055306
60.000000 198.756561 151.626434 18.373535 46.128418 0.155345
60.000000 100.063293 151.123032 13.308609 32.375641 0.083869
90.000000 552.483215 178.564713 12.948730 30.659668 0.147009
90.000000 196.287262 172.900238 14.832153 37.334839 0.084468
90.000000 542.317932 177.687973 13.082153 29.598969 0.055946
90.000000 446.992798 140.590057 11.363220 27.848846 0.055386
120.000000 575.943787 177.495819 18.288452 42.188110 0.612322
120.000000 621.471924 156.950851 18.371460 56.067230 0.289728
120.000000 219.155807 160.962097 16.259125 38.060669 0.212643
120.000000 571.498047 177.645203 26.623535 58.908936 0.152595
120.000000 286.550781 176.116226 12.222351 30.711060 0.134393
120.000000 14.382012 176.072296 19.931190 47.997681 0.096374
120.000000 584.682495 184.024689 13.227173 28.769623 0.092265
120.000000 610.305481 157.097488 29.675171 94.608551 0.088309
120.000000 625.176208 158.327484 11.440796 34.776276 0.078834
120.000000 217.076279 159.497635 21.962891 57.457367 0.052602
150.000000 522.011841 178.941833 19.751709 46.130524 0.418940
150.000000 530.165039 185.529312 15.412842 37.201935 0.194404
150.000000 541.039612 184.245209 17.480713 44.986664 0.065420
180.000000 148.447067 147.758835 15.363098 35.733337 0.368834
180.000000 161.625458 155.480347 18.230347 44.343201 0.204068
180.000000 141.189774 145.434311 25.681976 57.421082 0.093792
180.000000 370.517059 170.359467 11.414185 28.450958 0.093066
180.000000 153.970123 155.347382 20.132629 48.282593 0.067211
210.000000 41.995640 137.320297 22.598873 52.566986 0.247046
210.000000 608.722351 188.828781 26.427612 69.209671 0.082659
210.000000 492.959076 144.535477 24.014008 64.043427 0.080958
210.000000 47.545227 138.381393 15.781113 36.960907 0.066635
210.000000 495.850128 142.424652 15.584473 37.353485 0.061114
210.000000 436.065582 176.063095 10.739136 29.943665 0.059332
240.000000 482.690796 162.589996 16.276001 40.640808 0.114032
270.000000 546.760559 157.289841 16.817749 40.744629 0.073874
300.000000 508.065857 159.779495 13.209839 29.928375 0.346328
300.000000 505.159393 157.759476 21.516205 49.969971 0.153906
300.000000 528.467773 179.457611 15.375000 36.475586 0.153774
300.000000 500.066010 167.577515 11.719543 26.066101 0.115618
300.000000 423.556488 153.212097 14.546204 35.172974 0.068940
300.000000 447.213226 168.386093 16.161987 37.124512 0.068722
300.000000 503.348358 161.105423 16.041046 38.265564 0.064263
300.000000 533.745728 177.328415 15.461426 36.157501 0.062021
300.000000 244.238663 154.098328 16.320236 38.828094 0.060111
300.000000 495.038818 166.306244 14.442444 33.418060 0.056796
300.000000 399.327759 158.896454 12.188843 30.362427 0.055917
330.000000 507.467102 176.538116 12.917603 30.232147 0.321250
330.000000 435.060974 167.072021 14.434631 33.914154 0.169351
330.000000 413.144592 159.181213 10.459595 27.388885 0.160230
330.000000 600.661743 173.519318 13.471313 32.242615 0.148374
330.000000 585.620300 183.084152 14.717529 35.306580 0.115097
330.000000 614.058105 173.847015 15.176758 34.987000 0.091487
330.000000 589.984680 179.591003 18.547974 46.178528 0.078957
330.000000 292.218658 168.885620 13.753479 31.815765 0.072786
330.000000 377.746674 158.341080 11.385376 26.582367 0.052589
360.000000 452.442810 137.787674 23.480286 60.539215 0.131453
360.000000 453.451965 143.376129 17.052246 38.531403 0.082691
360.000000 626.672485 143.889328 13.259155 46.147797 0.078481
360.000000 179.121719 155.541275 14.538483 36.040741 0.067830
360.000000 587.512085 164.657166 11.067383 29.235809 0.053583
390.000000 557.943115 169.548401 13.710327 32.996246 0.344497
390.000000 606.940125 181.847076 17.772339 40.241211 0.259070
390.000000 437.899719 160.420303 14.918640 35.699097 0.205438
390.000000 563.461060 171.692505 15.978516 37.600464 0.159506
390.000000 105.789001 153.064178 13.714447 35.583771 0.128625
390.000000 599.787292 180.168701 19.849365 44.782990 0.123140
390.000000 448.209686 158.904419 10.846130 29.101868 0.106090
390.000000 117.157158 153.495956 13.499245 33.688477 0.092476
390.000000 553.492737 169.225769 20.984497 48.030212 0.079471
390.000000 607.414612 177.068253 11.934204 28.746368 0.074353
390.000000 623.981934 185.077377 12.926147 38.041504 0.068202
390.000000 103.880737 158.499939 17.641342 43.589508 0.064672
390.000000 581.073975 171.266693 19.868042 39.182709 0.054122
390.000000 442.977509 160.208023 15.090393 33.930603 0.053706
420.000000 200.086899 183.536774 19.058075 44.683838 0.334482
420.000000 390.647125 137.664688 13.504211 32.849335 0.075783
420.000000 378.515961 142.669861 15.279785 36.078308 0.054381
420.000000 33.373322 149.911041 23.479828 57.413055 0.053174
450.000000 18.882507 160.844177 18.522297 42.141174 0.258038
450.000000 15.202941 160.131470 25.882904 64.237854 0.086882
450.000000 154.914307 173.733704 13.495880 34.636627 0.053119
480.000000 220.417938 166.523376 12.033875 29.039246 0.192135
480.000000 588.802124 185.759521 15.684692 33.853485 0.101004
510.000000 385.957611 168.985916 13.328491 31.733368 0.177299
510.000000 136.176254 162.366943 14.118591 33.569061 0.055950
540.000000 19.057102 182.602554 12.610340 31.874176 0.099228
540.000000 0.000000 174.084732 10.085909 49.091766 0.074769
540.000000 2.958428 185.978928 11.850227 35.564392 0.074706
540.000000 11.329199 181.326691 13.219326 35.211823 0.060368
630.000000 70.671043 148.619568 17.129486 40.361267 0.725797
630.000000 591.802490 133.414597 22.756470 52.616821 0.310362
630.000000 113.937378 154.093979 29.442657 74.621124 0.141546
630.000000 98.996613 141.884552 17.284576 43.138611 0.115910
630.000000 595.944458 132.926987 15.657104 37.432251 0.088784
630.000000 586.513062 130.748169 32.300659 77.907013 0.071767
630.000000 582.784546 133.442810 14.493164 36.937988 0.068780
630.000000 90.674492 154.186142 11.704346 27.185974 0.067597
720.000000 16.409468 140.240570 32.791740 85.018158 0.132849
720.000000 10.622133 134.063690 44.225243 129.820129 0.106427
750.000000 547.614502 89.166885 16.659180 37.914261 0.240512
750.000000 544.559631 88.702789 14.026245 32.034424 0.057344
750.000000 540.978516 88.255188 21.043213 51.353622 0.052344
1170.000000 526.595947 159.461639 20.041748 44.369751 0.090801
1200.000000 75.343895 169.510803 20.454468 51.417084 0.351614
1200.000000 79.265770 171.173782 13.854279 33.708099 0.154145
1200.000000 70.990189 173.915573 16.359253 36.575317 0.132451
1200.000000 84.479416 170.149704 20.668900 53.226715 0.067064
1200.000000 529.055664 198.181259 14.379761 34.743774 0.066616
1230.000000 535.391479 173.109436 17.313965 39.555115 0.165927
1230.000000 82.342941 170.373871 12.647797 32.572174 0.104918
1230.000000 73.510651 173.527512 15.148010 39.254211 0.087671
1230.000000 115.973381 162.330551 19.433693 49.571869 0.074164
1260.000000 85.464935 161.926559 15.190140 35.646851 0.141350
1260.000000 560.591248 164.858047 17.365967 39.869873 0.138588
1260.000000 550.210632 168.625580 15.356201 37.626221 0.063211
1290.000000 576.863098 159.682739 20.395630 50.176849 0.220771
1290.000000 36.993916 192.905304 15.247513 37.306824 0.154504
1290.000000 593.908569 163.590393 17.936523 43.009766 0.110742
1290.000000 521.701660 178.533218 25.104492 56.875732 0.091968
1290.000000 4.028416 188.494080 19.651398 53.327850 0.090615
1290.000000 62.130142 194.868744 13.833923 33.264771 0.081744
1290.000000 529.962830 176.269836 20.143677 44.980988 0.072787
1290.000000 32.139217 193.884201 23.790131 57.938110 0.069861
1290.000000 581.310059 159.622864 11.938477 28.083466 0.059576
1320.000000 589.709045 165.951004 17.215210 41.216217 0.438977
1320.000000 598.310303 154.981049 21.807739 54.823792 0.247218
1350.000000 204.939072 182.586456 13.006653 29.372742 0.165447
1350.000000 344.344971 15.692600 54.808960 106.884872 0.082295
1350.000000 351.324463 13.286514 38.564880 74.400673 0.059248
1350.000000 324.668182 14.766968 100.642700 241.144745 0.053031
1380.000000 308.868011 161.534180 11.569763 28.151093 0.228669
1380.000000 115.559868 181.360199 13.946098 35.220947 0.131645
1380.000000 452.380249 173.589951 15.840820 36.569702 0.098867
1380.000000 496.340515 170.077484 17.713196 43.479523 0.063602
1380.000000 563.897888 50.042023 25.512207 51.435654 0.052123
1410.000000 334.834869 153.647308 14.018555 35.076355 0.379534
1410.000000 606.194214 151.072556 23.731201 51.679138 0.251602
1410.000000 619.852905 137.649231 12.295654 31.343994 0.151668
1410.000000 611.152771 133.456299 25.922119 69.533997 0.131899
1410.000000 317.852997 166.771194 12.727905 30.810211 0.080489
1410.000000 0.000000 187.285065 10.151062 40.434174 0.061114
1410.000000 615.361145 134.667847 17.133667 45.528717 0.057127
1440.000000 12.753818 190.107162 12.487363 30.704407 0.205539
1440.000000 243.226242 159.639359 12.029938 30.107147 0.155660
1440.000000 63.187298 180.583893 12.793385 32.935333 0.140796
1440.000000 0.000000 188.856461 7.959582 35.265350 0.061274
1440.000000 620.778564 167.836090 18.582642 42.072540 0.061135
1470.000000 575.457520 157.235687 24.523682 58.925964 0.150060
1470.000000 452.109772 149.376434 25.588318 62.833557 0.111991
1470.000000 268.098846 173.532120 11.905334 28.950989 0.110187
1470.000000 87.069939 179.552017 10.868393 27.830750 0.097522
1470.000000 265.406342 175.147278 16.732361 39.345154 0.065552
1470.000000 3.691191 165.042816 21.016037 50.143951 0.053520
1470.000000 124.416046 162.538513 12.723114 31.083710 0.052133
1500.000000 155.246262 178.860565 17.389832 45.474976 0.347586
1500.000000 573.117432 200.542084 22.569092 47.607697 0.258481
1500.000000 138.702972 177.371384 15.065186 35.828339 0.162079
1500.000000 105.873611 174.841675 16.774658 38.344421 0.100435
1500.000000 160.147583 178.233505 13.886017 32.406403 0.091162
1530.000000 275.929047 223.444916 24.806641 59.627167 0.564439
1590.000000 543.884521 180.839874 14.708984 34.335632 0.119312
1590.000000 549.607178 182.242767 13.517212 32.998352 0.116270
1590.000000 36.397232 183.167358 21.074699 49.266602 0.098132
1590.000000 507.521240 175.924438 11.588745 29.862244 0.067007
1620.000000 582.742554 182.106110 13.722534 32.162476 0.102401
1620.000000 277.450409 185.095245 12.569763 29.708527 0.079383
1620.000000 365.000641 181.535126 11.687866 29.518799 0.064563
1620.000000 235.843445 180.552917 12.759949 30.754364 0.060762
1650.000000 108.368332 174.444534 14.647995 37.219513 0.161850
1650.000000 127.578194 164.447525 16.379250 41.613495 0.080209
1650.000000 101.915939 159.525284 14.197723 33.664276 0.078901
1650.000000 124.030510 162.684250 25.461510 61.542389 0.075014
1650.000000 98.841141 165.700211 18.883057 46.049316 0.063382
1650.000000 118.508331 156.270233 13.235428 32.119537 0.055811
1650.000000 51.860519 178.750015 14.334419 38.064270 0.052714
1680.000000 55.981136 169.735916 15.517666 37.255432 0.279404
1680.000000 438.774536 149.073761 20.347412 40.347565 0.089875
1680.000000 44.896732 170.020950 14.217926 34.138062 0.078502
1680.000000 515.648804 154.376694 15.076538 36.086792 0.071890
1680.000000 22.323601 174.063507 15.304695 38.570740 0.056826
1710.000000 9.546560 190.580566 20.764347 49.799774 0.860113
1710.000000 12.014978 154.315430 13.002106 33.765869 0.346422
1710.000000 589.077026 155.978409 21.460327 54.626190 0.122097
1710.000000 0.000000 180.249420 20.720745 99.068390 0.083216
1710.000000 31.003639 155.498505 14.602776 33.980377 0.077840
1710.000000 2.374404 177.848145 24.319710 63.282135 0.067102
1710.000000 41.129349 147.007355 13.343605 33.081085 0.057316
1740.000000 450.873688 160.553970 15.128723 36.553406 0.577977
1740.000000 185.686737 154.332291 16.540375 42.049408 0.075040
1740.000000 446.707916 159.849350 22.289124 50.595306 0.066671
1740.000000 465.004456 163.187592 12.236755 29.470306 0.054061
1770.000000 482.732727 157.664856 15.821289 38.491455 0.697481
1770.000000 478.344482 155.980621 22.842346 56.542542 0.446991
1770.000000 449.647827 163.823456 17.027466 40.056000 0.437288
1770.000000 495.532867 158.326981 16.256958 38.296906 0.121883
1770.000000 524.328003 157.370117 16.963013 37.861237 0.119408
1770.000000 444.603546 163.876343 11.674194 29.047272 0.105242
1770.000000 474.236145 160.419312 14.539246 34.798950 0.099826
1770.000000 452.027344 161.612427 12.851990 29.649261 0.093451
1770.000000 520.077515 157.604034 25.532837 57.075562 0.087690
1770.000000 442.452637 164.334946 18.230164 38.941223 0.069407
1800.000000 547.937805 137.057648 38.098755 104.789703 0.977204
1800.000000 626.452087 153.512268 13.482422 56.195770 0.151293
1800.000000 88.992630 168.497849 14.088562 33.446350 0.136237
1800.000000 391.161621 151.767456 12.224976 27.870209 0.111403
1800.000000 513.112061 151.103867 19.198486 46.596069 0.102174
1800.000000 409.444427 150.147736 14.702637 36.718109 0.095302
1800.000000 379.028442 150.882736 13.509583 31.808533 0.063125
1800.000000 540.365662 158.334854 17.096924 40.689789 0.061205
1800.000000 465.213440 159.448639 14.247620 32.177612 0.052812
1800.000000 106.161964 169.466507 12.615906 34.387146 0.051227
1830.000000 386.707123 136.510376 16.329041 40.694946 0.190936
1830.000000 486.937561 120.508972 32.290649 78.383881 0.074455
1830.000000 496.080231 146.391586 19.506683 44.893738 0.074250
