30.000000 563.995056 202.950653 16.162354 37.194885 0.711627
30.000000 598.691895 202.384995 17.820312 42.177856 0.417298
30.000000 586.787476 206.748672 13.874878 32.670868 0.165615
30.000000 559.290710 200.820450 24.080078 55.776352 0.149854
30.000000 58.854668 188.697327 18.320419 35.812683 0.117630
30.000000 34.912785 190.485306 15.311768 37.895874 0.075726
30.000000 594.282837 181.460358 26.118286 64.565491 0.053794
60.000000 576.885803 202.136887 15.502563 36.694305 0.139657
60.000000 523.763062 114.337196 42.415039 103.249168 0.132480
60.000000 395.899780 169.363953 14.830933 33.799072 0.092213
60.000000 620.885986 160.476746 11.537476 26.860596 0.090374
60.000000 143.527740 193.770782 12.011536 29.088684 0.052935
90.000000 0.054265 189.971909 10.911474 34.826813 0.445574
90.000000 621.000000 111.400299 12.347290 29.081314 0.255364
90.000000 588.989197 107.574913 12.787964 34.163979 0.140373
90.000000 560.450317 111.390930 12.765381 28.927307 0.131581
90.000000 624.018677 110.527435 15.302368 38.241455 0.090935
90.000000 547.639160 112.244194 13.709106 31.321449 0.081620
90.000000 516.323914 117.395729 12.813110 31.132683 0.066238
90.000000 220.100662 163.180145 15.700226 40.801758 0.060306
120.000000 601.392761 170.850128 20.106079 47.210114 0.264747
120.000000 501.378143 162.163147 19.157562 44.196198 0.054586
150.000000 81.261566 183.427261 10.725662 28.686005 0.270512
150.000000 76.497833 184.981583 13.457367 30.818909 0.053187
210.000000 322.825134 144.446075 11.109009 26.120941 0.091319
210.000000 84.813309 152.792068 16.295029 37.992889 0.056419
240.000000 60.430611 136.052017 16.596893 41.651398 0.051739
270.000000 286.396362 144.749451 14.063660 34.561951 0.288849
270.000000 478.364471 155.047760 21.507996 45.525146 0.218811
270.000000 48.250404 160.188232 16.162506 36.320160 0.205326
270.000000 69.440659 158.455811 14.162231 34.048645 0.122593
270.000000 38.937851 158.465652 17.081581 40.687225 0.121679
270.000000 79.279457 145.139771 15.047546 37.057465 0.087105
300.000000 110.678909 157.667358 16.790283 39.040894 0.148872
300.000000 0.000000 159.104431 11.489029 50.225922 0.118273
300.000000 180.524872 159.283844 14.338593 35.445129 0.107259
300.000000 189.880600 159.571075 12.078125 29.999481 0.089113
300.000000 368.688446 140.146164 14.653809 33.997955 0.082185
300.000000 119.128204 162.308548 14.629272 35.712402 0.063896
330.000000 608.285828 34.183929 21.375977 48.901810 0.471012
330.000000 38.721355 184.074829 13.116066 32.282013 0.198364
330.000000 434.879547 146.309738 14.295227 33.880157 0.182261
330.000000 18.969246 187.956299 16.920849 39.685059 0.102983
330.000000 93.831688 175.754288 11.702530 28.181030 0.098817
330.000000 122.557465 165.180573 15.676788 37.838501 0.055908
360.000000 134.064880 162.948608 12.232758 30.583496 0.162830
360.000000 156.228622 162.726349 14.459930 35.587799 0.139005
360.000000 7.710325 167.401459 16.128502 36.790283 0.089318
360.000000 6.788552 167.317856 23.459507 60.355103 0.088061
360.000000 173.490540 162.210541 14.852966 36.607605 0.062069
360.000000 20.159292 175.460709 16.386446 39.771027 0.061199
390.000000 166.278717 165.278351 13.313232 33.068329 0.490106
390.000000 35.437908 185.508148 17.605972 35.976501 0.218121
390.000000 424.999146 160.423569 14.148560 31.701538 0.205429
390.000000 0.000000 167.559692 16.661156 52.244659 0.177399
390.000000 89.282494 171.996048 12.837570 33.353485 0.159858
390.000000 163.041519 163.754990 20.598022 47.553467 0.158294
390.000000 170.179626 163.116470 16.308319 36.306335 0.134307
390.000000 82.874878 173.575012 15.772980 37.978607 0.125240
390.000000 102.817902 168.497116 14.432556 37.525909 0.122824
390.000000 85.649422 172.051544 19.874008 45.949158 0.099531
390.000000 174.839996 158.550903 15.108826 35.245544 0.086008
390.000000 30.658293 183.521500 15.356394 35.049072 0.081617
390.000000 80.247978 173.593445 12.766586 29.494720 0.071286
390.000000 3.508768 170.023224 15.890408 34.843475 0.052581
420.000000 398.944183 16.540157 16.111511 36.186333 0.191419
420.000000 107.249702 173.738266 12.738510 32.577789 0.149721
420.000000 378.427094 17.122746 16.488464 37.624237 0.125955
420.000000 396.405426 19.864958 12.733826 31.288149 0.112152
420.000000 102.352646 173.088913 18.346588 46.936890 0.061302
420.000000 356.106995 25.702900 11.589600 27.739487 0.058940
420.000000 362.378296 20.316982 17.656494 41.450325 0.055462
420.000000 342.908112 164.496277 12.415466 29.702240 0.050552
450.000000 12.856384 170.020782 16.733971 37.808350 0.067231
540.000000 298.156830 169.904358 22.839050 56.109131 0.742757
540.000000 272.094025 168.794693 22.246826 52.891876 0.703571
540.000000 535.082947 188.984711 16.982544 40.544952 0.082561
540.000000 293.760956 184.148941 14.786316 34.480896 0.069871
570.000000 261.958160 168.210648 14.773804 36.162323 0.112433
570.000000 463.284180 167.375320 11.437927 29.688354 0.070623
600.000000 473.279755 164.088348 17.029541 41.779083 0.202841
600.000000 117.566559 180.518250 11.487991 31.786163 0.075359
600.000000 460.127075 164.909210 14.042969 33.655212 0.065738
630.000000 583.776611 127.559753 23.512451 66.619202 0.076439
660.000000 52.171169 136.275208 16.729679 40.077209 0.180590
660.000000 419.319336 169.843140 15.104675 31.719452 0.150755
660.000000 543.610474 158.188126 14.753052 36.114319 0.099180
660.000000 40.477394 132.564423 31.847679 72.836090 0.082400
660.000000 579.188171 158.713013 17.415894 38.372925 0.069138
660.000000 93.985245 151.187988 18.825546 46.111237 0.055215
690.000000 430.713470 177.967255 20.512268 46.949493 0.098290
690.000000 432.178650 175.567795 15.175049 34.068054 0.058157
690.000000 493.954071 163.202484 15.144836 35.817627 0.053157
750.000000 34.752323 161.598953 15.816650 36.349060 0.143607
750.000000 589.834045 168.688980 19.734253 48.539948 0.074079
750.000000 462.273254 171.983414 15.341370 37.104187 0.051598
780.000000 504.645355 152.144470 19.200836 47.428986 0.685662
780.000000 491.560364 149.290222 15.891968 36.075745 0.141850
810.000000 588.441772 147.663452 26.347290 67.617828 0.984682
810.000000 581.979004 160.347244 23.227051 52.944366 0.704888
810.000000 626.072388 155.855240 13.830566 51.730438 0.080595
810.000000 492.419647 156.611694 15.133423 36.454895 0.059268
810.000000 593.335083 149.422058 18.660767 45.855377 0.057440
810.000000 619.152527 161.681473 16.913330 45.643188 0.051918
840.000000 37.552757 161.807571 14.445274 34.847839 0.215969
840.000000 549.276978 157.001740 14.078125 32.560028 0.107151
840.000000 401.669769 163.512115 21.086548 50.067963 0.069772
900.000000 560.098389 135.235443 19.647339 48.787292 0.383912
900.000000 541.033386 137.937973 15.618774 37.151184 0.355017
900.000000 564.403809 134.075241 13.024170 33.543335 0.214785
900.000000 502.326630 134.348022 21.901276 57.227905 0.162324
900.000000 555.308289 140.374847 14.862305 35.769012 0.140961
900.000000 520.546387 132.709274 17.323853 46.648743 0.134475
900.000000 477.436157 159.709854 13.602478 32.229004 0.117876
900.000000 490.677429 149.542099 17.755310 41.582794 0.114796
900.000000 513.006714 144.785263 18.295776 45.910431 0.107192
900.000000 493.948853 150.722183 12.298645 28.404633 0.097722
900.000000 537.893005 136.636780 24.939331 53.909271 0.080860
900.000000 551.130310 136.284180 28.559204 65.176056 0.074626
900.000000 522.417175 132.942062 13.506226 29.247986 0.050045
930.000000 557.981506 193.532532 16.329224 36.836090 0.073198
930.000000 248.997116 156.034180 10.264175 25.057434 0.069843
930.000000 504.490631 155.129715 16.659576 40.867920 0.067335
960.000000 110.960533 170.990265 12.379395 29.639191 0.118634
960.000000 157.186005 165.098938 10.822479 27.117676 0.085906
960.000000 141.456039 164.609741 10.889771 22.620453 0.077614
990.000000 117.030434 162.259354 13.214958 31.184387 0.670289
990.000000 90.311516 162.654648 13.984360 32.972229 0.597564
990.000000 42.039757 172.697678 14.842941 33.985016 0.516004
990.000000 423.060944 143.168533 13.686646 33.519501 0.172959
990.000000 409.000977 151.708298 14.566833 34.278717 0.129902
990.000000 263.300232 141.898438 13.103699 32.756622 0.118559
990.000000 25.322428 174.229492 14.668970 35.461426 0.104966
990.000000 94.481522 160.768494 15.442825 31.869934 0.085426
990.000000 140.396973 165.361115 11.247437 28.067841 0.061936
990.000000 615.043274 171.080139 13.901001 30.925629 0.053362
990.000000 34.291428 173.108673 15.489494 35.664856 0.052916
1020.000000 63.736332 157.155502 14.578480 33.993011 0.755802
1020.000000 24.919525 156.581924 15.131592 37.679565 0.743496
1020.000000 104.238899 139.896072 19.518494 47.624298 0.195338
1020.000000 97.835724 153.809586 16.455536 39.078766 0.182200
1020.000000 128.937759 146.657013 14.210175 32.246887 0.096164
1020.000000 401.986816 157.397522 13.239868 31.636536 0.090887
1020.000000 140.512482 147.261841 15.696411 36.617523 0.079343
1020.000000 114.619530 143.590439 15.809151 38.003113 0.078667
1020.000000 116.862465 142.524384 10.469345 26.350677 0.058377
1050.000000 454.642395 158.169632 17.836731 40.522919 0.134041
1050.000000 85.353821 148.918304 16.729431 41.495789 0.118188
1050.000000 595.994812 175.237061 18.672485 42.875275 0.117201
1050.000000 419.592529 149.444702 11.983032 27.631531 0.098566
1050.000000 378.078430 158.326736 12.609741 29.628937 0.095011
1050.000000 110.741295 149.808441 12.331360 28.551971 0.084106
1050.000000 80.007797 157.344757 12.590118 31.434387 0.082753
1050.000000 139.641449 148.552673 12.827179 31.180237 0.070794
1050.000000 460.068512 155.777695 12.695312 30.045898 0.063093
1050.000000 124.559799 152.408783 11.588623 29.139618 0.057655
1080.000000 248.895111 121.269676 23.412048 57.804039 0.705347
1080.000000 471.769196 155.399796 15.219360 35.353302 0.326152
1080.000000 464.567352 154.851959 22.286987 52.108765 0.148462
1080.000000 490.176025 160.061951 14.036987 33.783936 0.147238
1080.000000 466.918274 154.254059 14.257080 32.123383 0.142143
1080.000000 526.943604 159.741913 17.204468 40.304596 0.113443
1080.000000 423.022766 152.055695 15.447693 34.994171 0.099524
1080.000000 519.318420 156.969879 16.417358 39.429077 0.085721
1080.000000 22.399612 141.860458 13.569778 33.364197 0.080665
1080.000000 40.682426 152.874252 13.711395 30.619598 0.072661
1080.000000 484.707062 160.025467 22.981323 49.769684 0.052175
1080.000000 125.479820 133.304825 24.748589 63.646942 0.050340
1110.000000 477.347565 135.673004 21.848083 51.317932 0.773699
1110.000000 506.343842 133.706757 25.638641 60.369080 0.511765
1110.000000 470.974976 134.773865 32.074951 78.633301 0.210136
1110.000000 526.807434 151.038071 13.742676 35.953796 0.141316
1110.000000 507.696320 134.177292 16.882721 39.546021 0.129162
1110.000000 524.113892 151.804153 20.078247 50.009338 0.088453
1110.000000 499.503387 131.628723 25.160614 54.781769 0.071731
1110.000000 496.833435 133.814026 39.989502 92.168152 0.052366
1110.000000 483.933624 136.272766 22.694092 54.560577 0.051567
1140.000000 29.244226 149.084747 15.346735 34.241333 0.531514
1140.000000 60.086617 146.091248 14.635178 35.039001 0.153962
1140.000000 23.768944 147.553162 23.457207 56.099670 0.133402
1140.000000 111.059509 150.083618 15.086517 33.769714 0.090988
1140.000000 537.533325 159.018738 15.380371 34.873810 0.077349
1140.000000 110.403290 149.937073 21.179535 50.183594 0.074639
1140.000000 131.554321 148.691345 13.668854 29.415863 0.062755
1170.000000 152.929489 170.713181 12.586578 28.230743 0.151981
1170.000000 11.660988 163.054565 16.653721 37.747131 0.051056
1230.000000 506.113831 87.009216 22.939453 55.155960 0.457008
1230.000000 555.253479 67.011368 29.696777 60.392868 0.307832
1230.000000 473.975830 100.938721 18.043701 44.567093 0.222712
1230.000000 496.741272 87.893692 25.817383 57.660278 0.188825
1230.000000 156.530014 155.772629 15.996399 36.187408 0.176274
1230.000000 480.178009 97.261887 22.710571 55.496384 0.169835
1230.000000 32.467567 97.900169 11.136772 26.928177 0.124124
1230.000000 383.641693 183.008957 13.867615 34.022949 0.106128
1230.000000 161.806015 155.605652 14.267944 32.535522 0.065186
1230.000000 453.943665 94.873825 35.397949 85.552765 0.056965
1260.000000 321.058167 151.558350 15.045349 37.762390 0.102296
1260.000000 434.519897 166.717072 17.352844 40.054169 0.069935
1260.000000 159.976257 158.712616 11.998718 25.585449 0.065261
1260.000000 399.326019 152.047882 12.674927 34.962921 0.054637
1290.000000 563.437500 143.113831 15.539307 33.012909 0.305967
1290.000000 598.150818 133.772659 15.446289 39.349579 0.147238
1290.000000 168.547180 158.047455 14.794952 34.756866 0.111114
1290.000000 552.571533 139.779709 14.512939 35.008362 0.060043
1320.000000 182.757660 121.538254 13.677246 31.901611 0.099400
1350.000000 494.544617 128.956390 21.122864 48.860077 0.050617
1380.000000 496.366028 127.889793 21.442261 51.505394 0.095608
1380.000000 591.132690 136.349258 17.274780 43.107788 0.062094
1410.000000 349.368500 136.441650 20.382019 48.715546 0.344465
1410.000000 163.492798 177.021912 12.571472 29.527008 0.061281
1410.000000 0.000000 118.601517 19.267838 74.873230 0.060066
1440.000000 486.118225 90.653702 41.674622 107.274261 0.946847
1440.000000 395.072449 116.585999 58.060364 151.771606 0.698496
1440.000000 407.807404 117.616966 39.451721 89.117165 0.231570
1440.000000 442.560669 122.165588 20.269836 52.637665 0.090898
1500.000000 568.630188 45.525829 17.481445 39.408222 0.090048
1500.000000 558.515137 203.867355 12.686157 26.005371 0.085986
1500.000000 626.214294 195.673691 13.719360 49.492828 0.052671
1530.000000 201.334625 202.643723 13.168640 28.233276 0.336417
1530.000000 24.900059 182.137985 15.699966 38.828125 0.137528
1530.000000 196.930115 200.355469 12.012329 28.256531 0.087351
1530.000000 14.453357 177.911133 25.324844 57.399841 0.076504
1530.000000 11.777660 179.399704 19.893642 45.613922 0.070984
1530.000000 223.695328 195.687180 13.196075 31.082428 0.070971
1560.000000 119.630592 179.251099 17.900719 44.472412 0.197108
1560.000000 138.166443 166.379501 13.340942 32.245972 0.086623
1590.000000 21.839869 187.707794 19.133055 46.689423 0.679995
1590.000000 115.556892 179.622650 12.668083 31.917603 0.674051
1590.000000 583.396484 154.613770 22.488281 54.515228 0.102210
1590.000000 90.904556 174.021271 16.339645 38.052887 0.089254
1590.000000 78.560341 121.225334 11.872971 30.074791 0.076591
1590.000000 599.723999 167.505844 27.808960 67.289856 0.070730
1590.000000 586.543945 155.419556 13.896729 30.937866 0.069742
1590.000000 121.525414 186.070679 11.250008 25.366760 0.065192
1620.000000 38.465645 174.432892 16.853020 41.576569 0.898395
1620.000000 155.327438 159.857666 19.279877 48.100037 0.250216
1620.000000 447.927246 153.423401 13.749390 33.437347 0.157270
1620.000000 370.393738 160.662964 15.375366 37.139832 0.148073
1620.000000 585.458069 11.088818 16.706909 37.786194 0.110984
1620.000000 47.008469 178.614990 13.261124 32.765045 0.077409
1620.000000 546.752014 112.930649 17.171631 40.769043 0.075032
1620.000000 64.324669 175.290039 11.709396 28.697052 0.068672
1620.000000 496.714844 144.979507 25.078735 61.890228 0.056256
1650.000000 12.579555 184.905579 12.754441 30.935150 0.392602
1650.000000 475.533722 169.244873 15.025330 34.389618 0.119793
1650.000000 146.591202 172.903931 10.928284 27.579681 0.085871
1650.000000 595.473816 182.284988 18.988037 41.060333 0.059462
1680.000000 3.662827 163.372833 21.652973 52.657745 0.281169
1680.000000 515.753052 134.641037 15.126831 37.255981 0.173909
1680.000000 65.326210 145.876862 10.830490 26.558533 0.065703
1680.000000 422.164734 147.328033 11.397949 30.104980 0.062825
1710.000000 582.013550 105.589447 36.042236 84.156281 0.346393
1710.000000 596.413574 105.561508 13.980347 28.938965 0.313483
1710.000000 507.444489 127.314865 27.362335 68.705597 0.282910
1710.000000 611.938538 113.516129 16.106812 41.550507 0.276474
1710.000000 585.769592 114.549721 20.537720 49.209251 0.198328
1710.000000 49.725712 168.007568 12.779236 32.853424 0.194513
1710.000000 512.172241 127.643723 19.000732 42.966095 0.146070
1710.000000 601.744385 113.280685 22.164062 53.196960 0.105554
1710.000000 516.168457 127.232727 22.674316 51.485718 0.080938
1710.000000 606.965454 115.849930 15.422119 35.312073 0.075476
1710.000000 591.991272 105.060036 20.119263 49.373695 0.069262
1770.000000 508.963867 143.872833 13.598145 33.056763 0.120158
1800.000000 394.790833 120.970764 18.680359 43.848083 0.225167
1800.000000 434.997101 145.525116 14.111145 35.248138 0.143900
1800.000000 597.380615 121.836075 12.847534 32.726318 0.092667
1800.000000 439.257538 144.016754 16.733215 38.739594 0.065278
