30.000000 338.264526 170.255554 28.329407 69.256561 0.993419
30.000000 381.591705 165.262390 30.362671 73.411224 0.992538
30.000000 304.639954 176.694229 20.710510 49.079407 0.992317
30.000000 284.134003 179.447311 15.329712 35.652069 0.942581
30.000000 184.841049 184.007812 12.879364 31.144958 0.559053
30.000000 195.786301 187.390305 11.582794 25.625854 0.558650
30.000000 208.739502 185.903763 9.974609 25.478760 0.520391
30.000000 231.492004 181.853943 13.376282 29.654266 0.481431
30.000000 37.499405 184.766251 12.002014 30.264130 0.414398
30.000000 546.421631 163.069962 20.044556 51.044281 0.388752
30.000000 554.453735 160.110886 14.476685 34.810425 0.336632
30.000000 565.563965 166.033905 15.812256 41.449738 0.171959
30.000000 396.577728 172.384277 17.306519 45.709564 0.168870
30.000000 559.709595 160.652573 13.192627 31.414825 0.157155
30.000000 302.516205 180.323578 11.223511 28.263184 0.136104
30.000000 6.211883 201.561371 11.416604 27.234344 0.128216
30.000000 344.787384 192.396301 19.437439 46.160187 0.123778
30.000000 190.927399 186.285278 12.809784 28.872375 0.119495
30.000000 571.236267 160.967926 12.242432 27.520355 0.105290
30.000000 204.334198 186.606201 10.387421 25.146759 0.101711
30.000000 540.833313 159.477936 29.379639 73.590271 0.092163
30.000000 364.533722 1.949297 13.368164 33.646996 0.091253
30.000000 289.360626 182.041016 13.966248 31.372040 0.090645
30.000000 334.895081 174.497681 16.627686 42.435242 0.090189
30.000000 293.885468 183.143997 11.491028 24.906403 0.066509
30.000000 546.953857 160.487442 15.494507 34.953094 0.064653
30.000000 326.515167 175.788727 13.943970 33.944397 0.059054
30.000000 540.951477 167.339478 14.994263 33.860382 0.054430
60.000000 512.071838 153.822159 35.203735 85.898132 0.993273
60.000000 482.189575 152.745117 33.749146 88.718414 0.845231
60.000000 388.329803 158.869675 16.674500 41.515747 0.539332
60.000000 480.084534 159.795441 24.554932 57.991547 0.319698
60.000000 494.032562 153.408386 16.833679 39.897675 0.316864
60.000000 272.071228 168.395996 72.625305 162.423706 0.261427
60.000000 394.646667 162.507187 14.384094 33.887207 0.140620
60.000000 384.888428 158.677826 24.770874 65.143158 0.086555
60.000000 509.825653 158.685394 12.388519 29.699371 0.083287
60.000000 484.591858 159.171448 17.220215 40.725403 0.077221
60.000000 515.580078 154.832611 24.041382 54.936157 0.071058
60.000000 397.008759 166.238052 15.550476 38.898010 0.052854
90.000000 344.004639 163.579987 32.654175 77.291901 0.994917
90.000000 443.333618 157.440781 33.146729 83.756042 0.993586
90.000000 293.799316 173.250732 22.290649 50.604492 0.992091
90.000000 482.552429 159.709122 32.418335 79.854858 0.991729
90.000000 391.657532 161.057388 30.687439 79.144775 0.990608
90.000000 229.087997 177.848495 13.925262 32.618073 0.861079
90.000000 283.021545 178.407242 14.243042 31.455780 0.777257
90.000000 191.067612 183.276352 11.625549 27.215881 0.626191
90.000000 172.591492 181.331619 12.106689 29.432709 0.587721
90.000000 213.009842 188.607788 12.702362 28.441895 0.188918
90.000000 292.479614 177.176636 12.066528 28.865875 0.176894
90.000000 480.224579 159.162048 15.344849 37.927124 0.152354
90.000000 210.777817 181.036377 12.455933 30.032562 0.150451
90.000000 392.301727 160.607239 22.308105 54.955841 0.122387
90.000000 342.124817 174.320862 17.317932 40.691223 0.073899
90.000000 380.720490 164.156128 25.928101 55.679352 0.073682
90.000000 477.974640 159.870667 23.208130 49.163910 0.069134
90.000000 51.883156 173.750305 16.576370 38.756165 0.067675
90.000000 391.498627 157.532196 17.704590 41.013062 0.062352
90.000000 224.409409 182.757309 11.109222 26.001373 0.053088
90.000000 455.507416 164.129440 21.238403 54.191376 0.050840
90.000000 303.909668 174.639664 12.359070 29.105133 0.050157
90.000000 394.086426 156.469315 11.787659 27.863007 0.050150
120.000000 315.897919 161.731079 35.130127 85.001160 0.991644
120.000000 255.090225 173.677582 21.921951 52.776520 0.984765
120.000000 379.721405 158.692169 33.644958 81.127808 0.982829
120.000000 415.928650 156.885269 33.983276 82.697205 0.982728
120.000000 359.664551 154.930573 36.925415 90.802551 0.954496
120.000000 188.346420 179.571869 13.787811 33.855286 0.910182
120.000000 244.198257 178.020645 12.316025 29.984863 0.571259
120.000000 169.379761 180.890228 16.017365 40.279053 0.564029
120.000000 129.341187 182.727951 12.506195 30.530975 0.557397
120.000000 147.358765 183.973846 12.899536 30.643829 0.538126
120.000000 335.295288 171.449600 18.753052 48.110352 0.401159
120.000000 268.677887 174.003693 13.392334 34.358215 0.393562
120.000000 361.770935 154.455994 23.692505 54.084717 0.345796
120.000000 253.338074 176.084366 14.278503 31.858032 0.268990
120.000000 351.576447 162.729736 19.787903 45.481781 0.211348
120.000000 387.087280 161.069916 23.724487 56.678375 0.162660
120.000000 377.899017 167.877502 21.017944 46.885376 0.144439
120.000000 260.649200 175.588882 14.028809 33.904083 0.094291
120.000000 325.927032 167.370499 25.348206 58.068268 0.089467
120.000000 381.527771 165.941467 15.044678 32.161438 0.079310
120.000000 392.983215 164.746307 14.880859 37.325165 0.076725
120.000000 366.229462 153.472153 14.900085 36.583893 0.076502
120.000000 419.372650 158.578369 24.223450 55.938599 0.073082
120.000000 214.134979 191.941040 11.494202 28.267548 0.070415
120.000000 168.764099 183.002075 11.625336 27.154968 0.062665
120.000000 248.662811 178.274979 14.490204 31.850616 0.060304
120.000000 512.019653 205.686234 15.801758 35.199280 0.057181
120.000000 403.102875 167.829727 12.159851 33.287079 0.052111
120.000000 373.404968 159.928925 16.376648 36.960052 0.051226
150.000000 114.025993 163.282730 44.023949 104.022781 0.996093
150.000000 150.714661 161.774292 38.782532 88.813049 0.994961
150.000000 56.135384 176.575134 28.744064 63.628937 0.983990
150.000000 202.906464 159.358948 35.946716 88.526245 0.978774
150.000000 181.390839 161.606140 42.454193 100.847076 0.971203
150.000000 176.382767 151.909012 34.005890 83.845062 0.309748
150.000000 180.050980 152.512817 24.681335 52.683441 0.220544
150.000000 73.108368 180.795654 15.245865 39.093842 0.143063
150.000000 187.542099 164.238953 28.899994 72.446930 0.135327
150.000000 110.587616 173.007919 25.467667 60.395660 0.132919
150.000000 198.534317 158.745956 28.343262 64.848328 0.121444
150.000000 0.059452 187.054169 9.956409 37.605957 0.094192
150.000000 16.703522 201.574738 11.484982 30.291809 0.085330
150.000000 569.610657 38.085808 28.188599 65.482666 0.084297
210.000000 486.842499 159.673828 18.005798 39.157867 0.111980
240.000000 564.931274 176.277481 11.169922 25.307922 0.250950
240.000000 107.220985 160.816040 14.537735 34.002930 0.104728
240.000000 268.093170 180.084122 13.654785 33.124298 0.081513
240.000000 535.560425 155.194366 14.421631 35.429199 0.078003
240.000000 494.649048 185.370773 12.518921 30.178558 0.071998
240.000000 530.227539 156.136917 11.354980 31.224304 0.066521
240.000000 529.509949 153.625656 18.360352 44.359894 0.056976
240.000000 502.490540 183.954773 11.262939 26.367767 0.051280
270.000000 582.633789 170.668137 12.862915 31.359680 0.077492
270.000000 231.682541 182.509827 12.268280 30.124817 0.072712
270.000000 80.217064 152.199738 24.679291 54.802673 0.069971
270.000000 91.413208 156.820602 13.585419 29.957489 0.067930
270.000000 5.165193 159.157059 17.301311 39.033447 0.063097
300.000000 16.314957 176.332748 14.459835 33.894958 0.305350
300.000000 128.522766 176.684143 15.735443 41.311462 0.276245
300.000000 347.628021 183.957565 10.893433 24.128601 0.138240
300.000000 92.271751 66.185471 15.574768 36.362564 0.128792
300.000000 510.190918 186.975510 10.935181 26.585449 0.113416
300.000000 554.978821 171.456772 11.906006 29.081177 0.101352
300.000000 144.031830 172.545517 13.286163 32.674072 0.098271
300.000000 15.291703 176.803024 20.162971 49.366333 0.080644
300.000000 139.760437 177.188324 13.812500 30.571350 0.078518
300.000000 555.402832 169.022919 16.472168 40.423065 0.055194
300.000000 551.097229 175.678314 10.504639 27.653839 0.052764
330.000000 353.495911 181.681503 12.305115 28.952118 0.293920
330.000000 574.987000 167.497971 17.051636 42.638824 0.174992
330.000000 220.233185 181.599243 13.288940 32.658295 0.166962
330.000000 581.002136 166.909195 13.408447 33.361237 0.157416
330.000000 565.203918 168.756851 15.092651 35.402069 0.116774
330.000000 241.822174 177.754059 11.876343 29.033142 0.102750
330.000000 105.158524 163.281540 13.124557 33.195312 0.073591
360.000000 579.391541 159.161392 14.546875 35.220703 0.321058
360.000000 588.166321 156.047714 17.535645 42.458923 0.304434
360.000000 554.126343 169.350510 15.422485 36.951477 0.276201
360.000000 596.778625 157.460587 16.532227 41.795441 0.197512
360.000000 175.287842 182.551514 11.490234 30.439423 0.153356
360.000000 599.463135 156.727524 11.734009 27.613739 0.151890
360.000000 209.769241 176.087860 11.493073 27.334076 0.130608
360.000000 194.345261 174.440338 12.409698 31.162567 0.110420
360.000000 590.812439 152.212250 12.994995 30.609222 0.098692
360.000000 205.678513 177.168045 12.753662 31.541351 0.091076
360.000000 102.533287 185.082367 12.287018 31.382965 0.084847
360.000000 189.580719 177.900879 12.727264 32.829529 0.080545
360.000000 201.241638 174.020493 11.674957 29.591919 0.077411
360.000000 607.728271 153.201706 15.035645 35.591125 0.063358
360.000000 166.677933 180.170990 12.455658 32.159302 0.053094
390.000000 411.261780 167.167572 12.030518 29.052277 0.566313
390.000000 139.078445 169.892487 12.848419 31.629059 0.151135
390.000000 103.930954 160.452515 23.467041 58.961060 0.084054
390.000000 171.529022 175.203430 12.340363 29.679626 0.078293
420.000000 453.356079 153.995712 16.977661 39.678040 0.142112
420.000000 29.396904 176.169403 14.595291 35.765594 0.105076
420.000000 63.380573 159.624664 15.988590 37.356049 0.071102
450.000000 503.079681 142.211456 23.299408 54.951050 0.953745
450.000000 83.465897 184.349075 18.293915 43.233978 0.151759
450.000000 615.500916 94.399361 14.018677 36.691780 0.112833
450.000000 140.068741 167.787888 14.759888 37.873535 0.093401
450.000000 87.546295 182.874161 12.962692 31.422546 0.079627
450.000000 493.104462 146.844315 20.725555 51.162903 0.077582
450.000000 512.255798 146.246277 19.467285 48.077301 0.074597
450.000000 540.153076 149.545349 13.056763 27.663788 0.073556
480.000000 600.832214 123.332352 31.956055 78.987732 0.993569
480.000000 625.522583 130.108353 14.438843 71.069489 0.192630
480.000000 37.885895 175.295135 18.222115 42.226746 0.190343
480.000000 90.444000 172.988495 15.403503 36.440582 0.090190
480.000000 28.526470 164.714844 14.011024 33.955170 0.074750
510.000000 583.115967 142.398773 18.920044 43.233337 0.067296
510.000000 204.713120 167.889877 10.001556 24.276947 0.055625
540.000000 155.239044 161.438263 12.334290 28.927673 0.145524
570.000000 235.964417 159.123123 13.628815 32.443237 0.197728
570.000000 6.475554 175.188324 15.959867 36.031128 0.067462
570.000000 597.100708 98.902626 15.090576 35.774162 0.055791
600.000000 147.236282 169.714523 12.366058 30.728210 0.235612
630.000000 243.289124 164.499954 13.260864 32.130280 0.066895
660.000000 11.305162 171.433075 14.442890 33.984131 0.097218
690.000000 173.393097 172.213943 11.358734 26.702484 0.265817
690.000000 558.931763 147.199387 11.355347 28.331665 0.258711
690.000000 218.007050 185.865967 16.454254 38.142975 0.162331
690.000000 6.762063 185.416245 13.716003 32.760498 0.133490
690.000000 169.012253 170.769958 12.874451 31.157837 0.123131
690.000000 554.454102 146.255585 16.626221 38.756622 0.095021
690.000000 106.874138 184.874512 14.014481 33.930786 0.062887
690.000000 388.143707 173.712112 10.998047 26.446777 0.053124
690.000000 191.432480 183.541428 14.295319 32.112976 0.053111
720.000000 390.012207 145.647903 19.575500 51.440765 0.376917
720.000000 141.736267 170.145996 13.175140 32.611420 0.258750
720.000000 145.501801 172.108292 14.124268 35.706665 0.253928
720.000000 188.725510 184.487122 13.322632 32.209137 0.229106
720.000000 418.348419 159.683334 14.881714 35.083740 0.217708
720.000000 50.956676 178.772995 12.731316 29.856537 0.166296
720.000000 137.295944 170.348389 13.023865 33.070007 0.135696
720.000000 149.488159 170.962891 13.678864 31.137329 0.093972
720.000000 145.528900 170.717377 10.298340 23.959900 0.089280
720.000000 141.102341 170.571823 20.498291 51.393982 0.081223
720.000000 565.684387 146.477020 11.906860 27.774811 0.078872
720.000000 191.032501 187.216995 15.571655 38.443268 0.062265
720.000000 75.959152 182.517822 13.786804 35.169525 0.055738
720.000000 205.866058 188.365829 12.822571 30.424683 0.053818
750.000000 244.649811 174.219116 15.633301 39.677216 0.237663
750.000000 187.634033 176.334610 12.322876 32.391998 0.164607
750.000000 173.435074 184.126999 12.886902 31.940887 0.120858
750.000000 120.029869 182.276672 15.240852 37.077850 0.102518
750.000000 227.338776 174.382416 15.970917 39.687500 0.087519
750.000000 390.359039 161.911621 12.717651 28.370331 0.074445
750.000000 381.002930 165.430984 10.099060 22.899933 0.070838
750.000000 126.967377 181.852448 16.750214 40.980499 0.062106
780.000000 174.851379 168.343414 17.313049 42.841766 0.081032
780.000000 186.936172 167.506958 13.900238 33.293121 0.061392
780.000000 88.468864 173.936447 12.209579 33.242432 0.057533
780.000000 182.723160 168.633118 12.619476 31.364258 0.055668
780.000000 173.458267 168.881378 13.008240 33.398315 0.050872
810.000000 141.804337 162.149872 12.884644 32.400696 0.273600
810.000000 62.704651 159.120209 12.934189 30.244446 0.174443
810.000000 197.660538 159.879715 13.683807 33.227814 0.136873
810.000000 160.091324 170.611298 12.969269 31.225891 0.105276
810.000000 416.169281 146.165588 10.821777 25.050446 0.088981
810.000000 140.891235 171.739685 14.081268 34.939545 0.085385
810.000000 396.502350 153.242111 10.249390 25.949860 0.082509
810.000000 146.591522 173.892624 12.191559 30.780731 0.078809
810.000000 19.182663 175.800400 16.059017 39.756073 0.054554
840.000000 120.936661 178.157059 14.384308 35.853119 0.112320
840.000000 301.774200 118.988640 14.055908 32.294319 0.104652
840.000000 132.642670 177.625092 14.915314 37.381073 0.080301
840.000000 68.124542 173.400681 13.160446 32.819305 0.076915
840.000000 137.879715 173.868256 13.696838 34.407379 0.075914
840.000000 2.149595 176.726913 18.677271 54.651276 0.063002
840.000000 602.919922 125.158089 13.094360 29.266716 0.050254
870.000000 92.084869 202.350708 14.988052 36.226898 0.170961
870.000000 217.420456 184.712158 13.212097 31.272186 0.094075
870.000000 408.216736 173.972610 14.120789 36.508636 0.069721
900.000000 103.980705 180.576141 14.480576 35.036499 0.174403
900.000000 18.289204 179.899719 18.066837 44.173889 0.117354
900.000000 190.585037 181.876801 11.813843 31.090088 0.103047
900.000000 34.889439 191.549728 14.883957 37.471893 0.069192
900.000000 144.093506 184.641754 12.360657 32.799561 0.056250
930.000000 1.861292 183.825546 13.744164 41.415222 0.159615
930.000000 37.672791 191.646301 16.485756 41.759613 0.113347
930.000000 544.748169 173.325897 12.154175 30.438324 0.097991
930.000000 59.251839 198.598816 13.467392 34.009613 0.091489
930.000000 0.000000 186.463486 20.469387 56.065247 0.067519
930.000000 534.008057 174.821274 14.230713 34.735809 0.065009
960.000000 222.802902 178.115112 12.601105 30.782715 0.098535
960.000000 375.891022 172.389938 11.210144 24.861053 0.070998
960.000000 617.530396 120.479050 17.746216 50.396973 0.059888
990.000000 186.686813 177.751236 12.190674 31.130890 0.140984
990.000000 121.294952 182.925797 14.283600 35.373444 0.094888
990.000000 115.482513 177.472504 14.156906 34.557800 0.080270
990.000000 171.526123 175.338837 16.798828 37.114136 0.071355
1020.000000 44.236767 177.602982 13.847206 35.213684 0.225389
1020.000000 157.444122 172.176361 14.834595 36.041809 0.198212
1020.000000 148.278687 165.165817 15.750275 41.774200 0.195900
1020.000000 66.578896 178.506058 13.977402 35.423218 0.136259
1020.000000 108.316757 168.698318 13.732269 34.252960 0.084577
1020.000000 118.688835 167.377075 13.136406 31.210358 0.083027
1020.000000 202.415726 168.967056 13.431793 30.658112 0.052364
1050.000000 115.221283 171.124695 15.531219 37.744476 0.560918
1050.000000 138.740433 173.380997 13.932953 34.290192 0.270303
1050.000000 133.496841 169.611145 15.398590 39.301758 0.185317
1050.000000 564.398804 144.723892 10.989014 26.869049 0.151562
1050.000000 101.413727 177.689163 13.254669 33.332520 0.116534
1050.000000 85.133598 176.822647 13.885239 34.663483 0.108925
1050.000000 106.680885 173.657059 15.730453 37.716949 0.098034
1050.000000 80.095528 172.734085 21.964615 52.425598 0.095487
1050.000000 571.420898 142.558762 11.941284 27.340515 0.074629
1050.000000 44.291782 181.092331 14.799652 34.695221 0.069077
1050.000000 567.897095 143.638565 11.131592 26.947021 0.068541
1050.000000 581.328857 143.780487 11.138184 26.530182 0.065357
1050.000000 128.139679 165.606873 17.756897 37.095337 0.058673
1080.000000 599.495483 160.520386 13.408691 30.037994 0.184694
1080.000000 40.190392 175.856201 18.406288 48.445862 0.139522
1110.000000 581.017273 5.747400 17.045288 40.218178 0.168360
1110.000000 280.343750 95.193031 21.750854 49.754539 0.142361
1110.000000 149.647446 8.680187 22.990814 50.232277 0.068260
1140.000000 610.526306 118.902916 13.257202 28.484627 0.107726
1140.000000 607.726379 119.471359 18.420288 41.588989 0.055497
1230.000000 502.812805 153.234085 14.842773 32.049866 0.054384
1260.000000 523.299194 146.299347 17.141479 41.837616 0.155100
1260.000000 529.531982 146.921814 11.627686 32.299957 0.084555
1260.000000 549.661194 144.906219 14.217773 35.110565 0.070840
1260.000000 536.787842 144.318848 15.205688 39.182709 0.062759
1290.000000 179.244690 168.456909 12.080017 27.266113 0.231072
1290.000000 43.407749 1.562021 15.937187 35.479095 0.112464
1290.000000 185.056107 159.554169 16.293396 39.850677 0.106241
1290.000000 199.051071 165.318634 13.393555 29.694763 0.060691
1320.000000 564.573975 151.111679 11.184326 26.889832 0.337900
1320.000000 172.464615 174.667389 13.711609 31.367157 0.260832
1320.000000 556.156433 152.795288 14.661743 33.752258 0.240659
1320.000000 533.007507 149.984390 14.092651 35.081879 0.203105
1320.000000 270.750000 178.351227 9.438538 22.043030 0.096709
1320.000000 471.123108 156.666000 16.118469 37.276642 0.058514
1320.000000 10.735363 157.894684 24.827030 67.248840 0.052685
1320.000000 177.863388 181.341171 11.760681 26.242310 0.052560
1320.000000 114.326378 176.078232 10.936005 27.476166 0.050012
1350.000000 586.764526 135.795563 20.506592 50.264648 0.515300
1350.000000 243.503296 47.075466 15.176453 32.744556 0.220301
1350.000000 226.486969 70.753815 18.230682 45.848801 0.210841
1350.000000 194.939301 50.659645 20.926971 49.874146 0.152073
1350.000000 613.286804 132.336609 13.896240 33.956757 0.086083
1350.000000 177.351227 193.702728 12.913605 29.572937 0.083604
1350.000000 233.891785 89.080811 15.745087 34.631699 0.073483
1350.000000 475.206085 176.374619 15.018005 37.756836 0.073205
1350.000000 566.198853 174.235336 12.772827 28.133301 0.064264
1350.000000 183.215134 42.167583 21.580078 53.533939 0.051652
1380.000000 485.888977 178.751755 12.760071 33.091675 0.332243
1380.000000 548.534790 169.906906 13.163086 32.639191 0.254021
1380.000000 78.435555 192.201691 13.453995 34.104797 0.236926
1380.000000 476.538910 174.646011 13.848938 33.824585 0.174338
1380.000000 461.300385 171.871429 10.531799 25.704926 0.146190
1380.000000 39.557980 187.856430 13.858109 33.934174 0.126298
1380.000000 82.451523 190.694092 15.358994 36.985626 0.125866
1380.000000 535.275024 167.200760 13.291504 32.737213 0.112641
1380.000000 143.469070 204.555389 11.034302 27.178986 0.101905
1380.000000 519.294678 172.639084 11.751221 31.764160 0.100630
1380.000000 553.779358 171.441986 12.496216 30.520416 0.096078
1380.000000 473.863434 174.526276 20.362915 50.562012 0.092947
1380.000000 51.916981 194.967133 13.530544 33.251160 0.089178
1380.000000 88.592171 185.024216 19.383224 48.976715 0.078180
1380.000000 457.032349 172.318787 15.244263 37.846558 0.064987
1380.000000 525.738586 173.547974 12.837646 32.089050 0.064350
1380.000000 43.621574 193.114777 14.286621 32.877960 0.063657
1380.000000 150.777039 191.406113 12.690704 30.136108 0.057286
1380.000000 560.409729 166.724884 21.019897 49.391052 0.051487
1410.000000 488.280212 180.357101 14.539307 33.535339 0.479942
1410.000000 485.900055 177.932037 20.415405 50.610168 0.217937
1410.000000 571.662354 154.074066 15.418335 35.145081 0.103083
1410.000000 2.708182 188.150482 19.433140 41.252686 0.100227
1410.000000 252.483429 192.315857 11.638855 27.299103 0.096071
1410.000000 621.222107 173.111160 17.517700 79.374603 0.093265
1410.000000 0.000000 185.565521 12.646195 47.953735 0.053363
1440.000000 38.208710 178.248627 15.655907 38.774231 0.311121
1440.000000 2.033417 173.811111 17.508421 49.072571 0.297360
1440.000000 555.881104 153.714279 19.109985 46.012421 0.182999
1440.000000 401.199280 86.300232 18.990051 43.037781 0.130253
1440.000000 492.507080 174.665237 14.634277 34.637268 0.101853
1440.000000 0.000000 175.571228 11.451033 45.783478 0.082406
1440.000000 611.017761 105.540970 16.482422 41.172272 0.082337
1470.000000 595.435852 154.431656 17.168457 41.505066 0.205263
1470.000000 599.617126 153.185226 10.257080 23.761444 0.150039
1470.000000 549.352783 152.561172 14.644165 31.408112 0.119924
1470.000000 495.419830 166.558060 18.558929 41.982574 0.116061
1470.000000 540.934814 155.283539 13.308594 27.928589 0.103122
1470.000000 583.655579 139.136108 14.431274 37.394623 0.092980
1470.000000 10.673697 199.063004 17.488422 38.456818 0.067657
1470.000000 501.000610 169.895798 14.640076 30.517822 0.065869
1470.000000 591.903809 149.858139 11.329102 27.816864 0.060461
1470.000000 364.531555 179.874863 15.628540 35.937653 0.056657
1500.000000 552.965271 145.091751 10.587891 29.995636 0.402349
1500.000000 565.097290 145.002808 10.389038 27.339355 0.255064
1500.000000 571.127808 152.427994 15.440430 37.082062 0.212588
1500.000000 545.279480 148.133072 13.254639 31.304199 0.191408
1500.000000 366.915558 172.881912 11.864990 29.450897 0.114490
1500.000000 546.572937 145.560059 17.505249 42.542664 0.073228
1500.000000 589.109436 143.807007 11.222290 27.034027 0.064569
1500.000000 511.918823 151.073059 20.747925 43.200867 0.050804
1530.000000 532.919434 178.973114 15.722046 39.936951 0.121995
1530.000000 546.893860 218.840912 17.470703 39.611877 0.079429
1530.000000 584.598755 161.190979 13.619507 31.683746 0.070637
1560.000000 616.656311 160.512268 22.006958 69.751251 0.064044
1560.000000 473.006317 192.339706 21.768860 48.965790 0.050166
1590.000000 154.395920 200.102921 13.576477 31.730103 0.074459
1590.000000 91.637589 204.607727 10.845749 26.001556 0.061552
1620.000000 518.462769 177.769089 19.783691 46.292877 0.226412
1620.000000 520.992004 176.172653 14.123535 33.178162 0.111273
1620.000000 536.638794 176.503387 20.368164 48.647583 0.107555
1620.000000 527.848572 183.241440 12.623169 27.351562 0.062275
1650.000000 479.279266 192.582687 15.662781 34.378265 0.641211
1650.000000 524.981628 198.817245 14.603271 33.863281 0.089837
1650.000000 554.697815 170.220245 16.872925 41.386475 0.050457
1680.000000 452.206390 170.710068 12.730164 30.534332 0.122360
1710.000000 582.512390 54.340096 16.035034 36.270752 0.194747
1710.000000 83.363274 173.318741 12.996094 32.819214 0.086267
1710.000000 570.418762 188.453430 31.850830 67.715027 0.081659
1710.000000 394.566925 160.156113 11.141296 28.136169 0.074719
1740.000000 489.470581 41.491074 16.315002 38.055473 0.052328
1770.000000 25.712452 137.548355 16.415634 39.528564 0.285565
1770.000000 2.440193 120.998596 23.847706 58.210663 0.275174
1770.000000 612.987732 34.606113 13.112305 31.888683 0.263840
1770.000000 32.307529 139.330246 15.161369 36.407623 0.248831
1770.000000 602.545776 27.461750 9.952271 28.881866 0.189018
1770.000000 596.450256 33.381939 10.374146 24.247971 0.143169
1770.000000 606.464966 31.223198 9.536377 26.321281 0.136161
1770.000000 534.374939 33.351555 12.122803 29.450165 0.104461
1770.000000 589.042419 13.289305 13.608398 37.359398 0.097106
1770.000000 611.781311 11.337502 21.612183 53.681831 0.071992
1770.000000 467.997192 148.516327 21.797913 46.541260 0.066359
1770.000000 623.612976 13.430641 16.163696 55.894730 0.061021
1770.000000 542.560242 25.709976 10.120239 26.334641 0.056399
1770.000000 13.452498 127.338799 19.188320 49.158089 0.054865
1770.000000 513.143799 44.480087 16.787720 39.341370 0.052715
1770.000000 582.701111 27.031199 12.500488 31.502401 0.051998
1800.000000 197.386658 136.351852 17.126129 39.812561 0.106133
1800.000000 612.031738 135.939606 15.124023 36.046631 0.061051
