30.000000 70.790474 189.029739 14.032059 35.201172 0.311079
30.000000 202.981384 180.809418 11.786102 29.484863 0.180475
30.000000 63.116154 189.764664 13.907444 37.443604 0.110693
30.000000 548.632324 146.013519 21.294434 51.864258 0.090536
30.000000 554.541687 144.165710 24.800415 65.527344 0.083168
30.000000 560.309143 142.478149 17.993408 45.880035 0.071682
30.000000 213.376541 182.078598 11.694824 28.692352 0.062217
30.000000 30.758862 183.038055 16.713577 40.635071 0.057775
30.000000 0.061543 176.424759 21.873680 60.921906 0.055454
30.000000 246.844452 168.419342 12.350464 31.545807 0.051321
30.000000 139.902206 190.682831 11.697327 27.266113 0.050413
60.000000 144.856445 175.477707 13.454987 31.970093 0.115072
60.000000 116.044991 188.213730 15.402626 40.308777 0.071228
60.000000 173.359421 177.463287 12.116821 31.697968 0.053271
90.000000 126.605904 171.741547 13.093437 34.523865 0.383536
90.000000 144.861618 156.196030 16.141083 38.330750 0.287619
90.000000 131.093887 170.773788 11.822876 30.159332 0.256843
90.000000 10.471931 177.748428 17.500465 42.671173 0.164182
90.000000 107.611023 171.201065 11.969299 29.181885 0.162147
90.000000 68.577240 169.937485 13.888840 35.165619 0.112671
90.000000 612.063965 171.773773 16.015015 33.407074 0.106959
90.000000 78.024261 163.529053 13.338074 32.757385 0.093390
90.000000 9.335458 177.947433 23.478333 64.093719 0.089572
90.000000 134.792114 170.368103 12.765015 30.113617 0.079421
90.000000 158.574020 165.157181 13.082123 31.524536 0.075784
90.000000 197.985550 152.627182 12.170929 31.273560 0.063016
90.000000 172.705521 159.982300 12.779083 31.511841 0.060035
90.000000 495.690369 144.167786 18.154053 42.978119 0.053380
120.000000 109.570663 166.528595 17.613342 40.464996 0.074456
120.000000 172.121506 146.782425 13.502655 31.389709 0.067255
120.000000 167.613083 148.148224 21.234680 49.541077 0.064293
120.000000 554.296814 157.360184 12.007446 24.502899 0.063182
150.000000 116.602753 156.453415 16.709518 41.184753 0.401170
150.000000 118.889534 154.945984 11.814095 28.398193 0.272642
150.000000 19.538473 150.117828 16.283411 41.081512 0.203023
150.000000 183.247894 150.449997 14.572144 33.524261 0.108633
150.000000 78.634644 161.432770 13.612396 33.967255 0.060159
150.000000 58.167332 157.535660 15.650959 37.897705 0.056416
180.000000 79.580070 159.846848 17.295898 35.462524 0.132218
180.000000 71.198685 158.982605 13.553604 32.170715 0.108571
180.000000 251.995789 151.285477 11.767395 28.156189 0.063376
180.000000 205.927872 147.125183 14.182617 34.965027 0.062284
180.000000 582.147461 210.106445 15.281494 31.892029 0.056778
210.000000 0.216298 162.071533 22.072701 59.072601 0.178345
210.000000 569.198425 207.192383 16.789673 38.297821 0.094336
210.000000 2.467422 164.377350 14.359974 45.043884 0.093260
210.000000 77.071899 167.692413 14.674652 33.661194 0.068342
210.000000 423.178680 150.357437 12.178589 29.724792 0.058963
240.000000 157.238159 163.850235 12.849518 31.816742 0.117955
240.000000 165.399643 157.584396 13.773743 33.252106 0.098580
240.000000 213.667145 153.301147 10.814026 27.618317 0.053695
270.000000 577.398193 153.431442 16.227295 35.937103 0.084578
270.000000 469.694244 152.759216 11.426453 28.439789 0.058211
300.000000 115.841774 164.827240 13.269585 32.070160 0.147091
300.000000 38.372086 177.304382 17.015755 41.712860 0.113694
300.000000 68.499413 169.554321 11.819550 28.580780 0.077111
300.000000 619.652649 137.746689 20.134766 82.985107 0.071751
300.000000 163.414413 152.415192 13.605011 31.486084 0.057562
300.000000 111.783867 161.893204 19.806099 45.494049 0.054709
300.000000 565.507690 154.428284 15.618164 39.914215 0.054627
300.000000 27.864378 193.487442 15.290644 36.951782 0.050204
330.000000 491.251282 151.159424 24.748413 58.067413 0.171437
330.000000 496.626953 153.846466 16.729980 41.349426 0.143306
330.000000 571.901672 113.914192 14.957275 33.620659 0.119185
330.000000 568.704956 121.327583 14.139648 34.902168 0.114231
330.000000 454.290588 151.539932 10.300964 29.972229 0.093670
330.000000 581.345581 107.908371 15.595947 38.874344 0.050653
360.000000 437.670227 149.616501 15.825378 37.805206 0.603936
360.000000 71.604393 160.955002 15.201736 36.884491 0.384063
360.000000 443.789642 153.686203 11.931458 28.189392 0.341153
360.000000 67.487206 160.750000 22.905777 55.393127 0.324212
360.000000 626.145508 174.401703 13.670654 40.579376 0.095159
360.000000 577.698425 167.447159 24.308594 60.682007 0.085180
360.000000 6.587020 172.535751 13.251497 32.544556 0.077553
360.000000 460.293915 175.898453 17.155273 42.132599 0.065523
360.000000 422.360901 157.612350 10.842163 27.900391 0.058910
360.000000 619.524170 177.035599 12.569458 29.283783 0.058134
360.000000 620.317505 161.552719 19.375977 81.570679 0.056708
360.000000 396.861633 162.974411 11.577576 27.478546 0.055010
360.000000 36.049973 172.248322 15.878151 38.502930 0.054935
390.000000 436.420288 151.816727 12.104980 29.606415 0.610570
390.000000 465.660522 156.802078 10.567810 29.105408 0.484470
390.000000 451.228333 146.000412 16.036011 37.889374 0.365304
390.000000 594.877197 153.610077 16.366699 39.651733 0.255897
390.000000 165.742065 163.203079 13.294922 31.132690 0.205911
390.000000 405.401184 159.950302 15.235352 34.669586 0.138216
390.000000 432.376678 152.190628 17.478577 43.401398 0.133208
390.000000 414.756256 156.257736 12.807068 31.867523 0.129835
390.000000 470.360596 154.981628 12.538879 30.742981 0.122262
390.000000 68.922356 169.583878 13.123108 33.586121 0.120756
390.000000 457.798920 157.936050 11.128052 29.189026 0.112100
390.000000 625.226929 149.770050 14.735596 43.534943 0.068788
390.000000 547.723389 156.241470 16.115112 39.469360 0.062951
390.000000 592.014465 152.962402 23.741943 55.835907 0.057481
390.000000 619.705322 144.712524 20.106567 77.815216 0.054515
420.000000 396.029266 175.446289 15.917175 38.306427 0.271178
420.000000 475.198883 153.455872 14.037292 36.740082 0.104172
420.000000 442.157410 151.670029 11.940552 28.747986 0.067177
420.000000 463.224792 158.730652 12.711121 30.952545 0.054246
450.000000 524.888611 133.225891 28.180542 62.773926 0.399283
450.000000 444.865936 148.516281 13.078674 31.068665 0.339285
450.000000 430.638123 156.778198 14.861145 35.152710 0.290015
450.000000 0.094638 158.406937 21.385220 58.897644 0.150133
450.000000 85.087730 168.723206 12.876633 31.528229 0.145071
450.000000 16.755184 166.982437 17.976528 47.125824 0.127646
450.000000 88.654610 169.320023 13.864014 33.282623 0.109122
450.000000 536.332397 141.808563 17.866089 47.979248 0.098581
450.000000 442.916901 150.559311 17.597961 42.112061 0.096119
450.000000 478.031372 140.665436 22.427673 54.066986 0.070848
450.000000 455.639130 156.872772 11.382812 26.200500 0.057168
450.000000 105.137520 156.256729 15.415222 37.318115 0.054953
450.000000 0.005185 157.731400 11.888540 51.276611 0.054290
480.000000 442.547180 157.364014 15.768677 37.265442 0.215922
480.000000 518.546814 158.465393 11.916504 28.837494 0.194520
480.000000 459.664795 149.473083 18.024536 43.059204 0.153765
480.000000 435.325226 150.819702 11.636353 27.600006 0.125879
480.000000 464.288818 149.555084 11.825012 28.598450 0.124364
480.000000 164.002747 159.147781 11.318939 27.228058 0.124316
480.000000 514.248352 160.667389 19.801514 46.320709 0.077281
480.000000 486.694397 153.375275 13.405823 32.397827 0.072064
510.000000 155.950790 157.792908 12.106964 28.712921 0.371041
510.000000 111.504166 177.248428 16.150589 38.856506 0.242697
510.000000 504.415192 133.173615 17.634003 40.790192 0.162291
510.000000 502.096191 132.479370 26.287109 62.130615 0.129239
510.000000 59.300838 161.388809 13.539379 30.902863 0.128749
510.000000 71.932556 159.041687 14.703659 33.982147 0.097179
510.000000 576.227234 115.319885 33.485229 93.763000 0.051236
540.000000 81.387184 157.495712 17.572952 42.955475 0.304137
540.000000 463.963226 134.704941 14.775452 36.139709 0.237294
540.000000 525.664490 160.047989 17.809204 42.450043 0.237063
540.000000 458.499298 132.307541 22.450684 53.911285 0.222090
540.000000 535.980957 132.083649 15.411499 37.235382 0.165500
540.000000 507.637665 134.208221 17.659454 45.895447 0.156647
540.000000 154.641174 160.938492 11.615326 26.275665 0.111079
540.000000 482.195160 159.974365 14.163391 36.400208 0.094306
540.000000 491.142548 152.181427 15.753601 37.979645 0.064600
540.000000 443.399475 139.154495 17.309692 40.430298 0.063908
540.000000 469.377472 57.296143 16.390808 39.084854 0.061876
540.000000 503.487000 155.169312 13.658875 29.881012 0.055419
540.000000 494.382874 145.410538 14.150635 34.758362 0.054362
540.000000 29.198860 167.877029 15.423599 38.255798 0.053448
540.000000 530.461365 133.658264 25.450073 63.205780 0.051574
570.000000 509.812256 143.954178 15.924927 40.200165 0.522027
570.000000 496.574066 152.148315 13.650635 33.685394 0.421551
570.000000 486.467926 157.980087 13.311035 33.682465 0.418957
570.000000 482.771149 162.370117 19.198730 45.050446 0.245327
570.000000 456.724854 146.005829 16.293518 38.146729 0.196481
570.000000 36.055790 170.358826 13.679260 31.684357 0.192715
570.000000 526.854370 162.808884 17.380127 40.724274 0.184045
570.000000 73.525978 159.248611 21.699356 52.651062 0.160574
570.000000 541.210632 172.304321 15.701904 36.322540 0.160003
570.000000 484.055969 165.221832 12.098022 30.102356 0.147352
570.000000 491.583984 151.191864 22.214294 54.615784 0.131436
570.000000 507.283905 142.281998 22.069733 59.089966 0.129058
570.000000 32.654984 171.016602 19.498878 46.735748 0.099732
570.000000 541.596802 134.482193 13.702026 33.702728 0.098569
570.000000 546.314453 171.879272 15.981689 35.645020 0.071918
570.000000 503.571930 161.863388 13.398102 30.175293 0.067826
570.000000 523.301086 162.152573 26.099976 55.594421 0.063462
570.000000 475.005859 158.091385 14.392395 34.950958 0.057916
570.000000 494.408417 160.552261 12.561829 31.180328 0.057891
570.000000 452.467407 145.216431 23.876465 55.903992 0.057686
570.000000 530.282227 162.244110 12.910522 27.759827 0.057302
570.000000 460.166290 145.866898 11.352356 26.645691 0.055472
570.000000 21.710697 172.386887 18.038189 46.996674 0.050134
600.000000 516.741028 143.132950 13.110718 29.990112 0.409111
600.000000 481.417419 163.741592 14.054077 32.677155 0.317962
600.000000 490.359558 148.519043 20.293457 48.016846 0.246540
600.000000 513.710205 142.764053 17.940552 44.701965 0.195425
600.000000 550.689819 198.414368 22.167725 52.613464 0.189219
600.000000 497.815796 147.782166 11.397827 27.864685 0.165111
600.000000 542.138062 138.990097 13.884033 34.114258 0.150154
600.000000 17.718721 178.223083 14.092728 35.471863 0.140330
600.000000 509.643036 168.456268 13.133026 29.382599 0.132887
600.000000 507.654755 144.790268 27.377777 68.005463 0.127440
600.000000 493.525604 149.566422 12.598267 30.481293 0.124117
600.000000 32.394611 176.949875 12.523804 29.045013 0.112847
600.000000 527.397827 149.700821 12.698120 27.439331 0.081894
600.000000 500.447754 144.683670 13.177734 29.994049 0.073743
600.000000 535.859680 143.785233 28.155396 69.741425 0.062307
600.000000 506.151031 166.440857 18.964386 45.382141 0.053555
600.000000 112.146431 190.564896 10.925934 25.915009 0.053376
600.000000 496.831451 155.833267 15.026611 33.868835 0.052499
600.000000 524.480469 140.345566 13.701538 32.412994 0.050130
630.000000 529.347290 148.746323 13.124146 30.498444 0.294049
630.000000 554.602844 202.878159 20.697266 48.750214 0.285820
630.000000 282.891571 143.488434 19.209412 46.028015 0.187361
630.000000 425.605499 176.999023 29.956055 70.157959 0.137513
630.000000 474.182587 133.271561 15.646362 34.547943 0.135421
630.000000 280.939148 142.968475 26.404907 67.050049 0.103902
630.000000 27.844990 178.153290 16.193253 37.407166 0.087559
630.000000 508.343140 145.493454 26.487915 69.506805 0.084943
630.000000 513.622742 144.610641 18.897827 46.312592 0.076797
630.000000 549.890869 177.789276 15.237793 36.594147 0.071262
630.000000 289.245880 144.102219 17.013000 40.011078 0.071257
630.000000 483.031494 177.368393 16.772766 40.422791 0.065914
630.000000 530.789246 173.264008 18.878662 48.692474 0.065254
630.000000 543.350464 143.513748 15.201538 35.976196 0.058243
630.000000 506.444977 169.884125 19.877960 47.960938 0.050087
660.000000 551.064026 177.966568 18.672852 44.329163 0.321103
660.000000 87.205170 173.662247 13.842484 34.773682 0.229548
660.000000 485.370178 180.708313 16.650024 37.270813 0.156622
660.000000 473.898285 172.349609 19.956177 45.563843 0.134702
660.000000 466.448517 175.820160 15.574219 36.249207 0.126469
660.000000 220.013397 176.304657 10.505920 28.483398 0.099658
660.000000 450.418610 162.915421 23.784607 60.685699 0.098840
660.000000 532.193359 176.400024 14.077026 30.405670 0.098049
660.000000 454.799072 166.104446 16.869324 39.457825 0.084394
660.000000 557.442871 180.844635 13.035034 32.147308 0.079590
660.000000 484.158600 179.087921 25.048706 50.950378 0.067599
660.000000 506.034393 173.005280 16.715424 39.741364 0.065943
660.000000 555.398926 175.077850 12.329346 27.780243 0.060312
660.000000 488.885529 178.532349 12.061707 25.897034 0.059208
660.000000 160.211945 184.512466 12.577515 31.760345 0.056902
660.000000 476.353699 171.918762 14.437378 31.902527 0.051093
690.000000 494.246857 183.043121 17.873505 44.331879 0.312282
690.000000 467.862061 181.236496 11.422119 29.221771 0.259429
690.000000 276.065186 172.016922 11.722229 27.770844 0.220830
690.000000 514.843811 155.419388 27.361084 70.887146 0.206219
690.000000 559.204834 181.590820 17.093018 40.014679 0.174909
690.000000 535.347961 183.516510 14.921265 34.249023 0.170224
690.000000 465.649841 180.414993 17.184082 40.218781 0.143985
690.000000 500.108734 171.549622 14.086029 34.621735 0.123254
690.000000 493.011292 173.671997 24.397339 65.169952 0.103920
690.000000 498.014496 183.892487 11.541016 29.040283 0.097408
690.000000 520.490540 155.048508 18.681885 46.362640 0.094227
690.000000 75.636490 193.906784 17.118851 39.628418 0.073130
690.000000 552.789734 180.627869 25.500854 57.783966 0.065280
690.000000 460.495605 181.284515 25.741455 64.738983 0.056561
720.000000 444.394135 185.659775 25.249634 63.176056 0.446198
720.000000 406.411011 176.299118 21.386047 52.721619 0.327253
720.000000 444.836395 185.483109 16.543396 36.998016 0.285079
720.000000 571.458862 187.901718 15.936890 39.808990 0.258657
720.000000 412.358154 177.816757 14.668457 33.277618 0.235755
720.000000 490.856354 201.034836 19.303101 44.336151 0.170006
720.000000 516.055176 188.733017 17.795044 44.311859 0.093731
720.000000 447.722076 185.640930 11.280212 25.348907 0.084046
750.000000 140.873184 193.518799 11.177399 26.490021 0.268812
750.000000 475.716278 182.457336 14.624878 35.139160 0.239822
750.000000 574.007690 186.098251 15.933105 42.373444 0.176407
750.000000 568.007629 184.426285 24.519165 60.153046 0.100964
750.000000 278.296783 177.237198 11.097595 25.691101 0.092360
780.000000 545.680420 169.340530 20.157959 50.431885 0.486073
780.000000 114.938652 189.960449 11.994339 28.592529 0.442312
780.000000 534.030457 172.263916 18.883057 44.714722 0.396010
780.000000 479.416809 177.091278 20.699280 48.467438 0.331422
780.000000 549.743103 173.973221 13.632446 34.774841 0.213351
780.000000 263.822601 180.092163 13.185791 32.605560 0.137034
780.000000 537.574341 173.128906 13.568481 29.828491 0.095559
780.000000 536.857056 169.778671 34.098877 75.701874 0.081610
780.000000 593.443176 176.993835 19.597412 47.679016 0.081526
780.000000 481.031219 178.902420 15.139038 32.871613 0.078525
780.000000 588.796631 179.599121 30.816528 73.623016 0.072486
780.000000 260.792694 181.096161 11.837646 26.700531 0.066366
780.000000 7.694921 196.864624 14.686966 32.998138 0.066357
780.000000 99.645874 169.079926 22.548904 50.660461 0.057146
810.000000 494.443451 176.126404 15.087341 37.998901 0.903017
810.000000 505.696686 177.162445 18.510529 48.373688 0.459042
810.000000 77.595963 187.174545 12.749664 30.039551 0.268634
810.000000 0.025496 150.088730 20.040028 91.351959 0.129548
810.000000 507.719025 175.853516 13.302643 32.373383 0.126357
810.000000 11.051748 182.420013 14.031693 33.869293 0.117831
810.000000 549.082214 155.736679 14.904419 37.435638 0.079807
810.000000 501.905670 180.149338 11.504669 26.977997 0.061969
810.000000 510.927979 167.856949 23.285889 59.067627 0.050790
840.000000 504.836670 173.030365 18.066772 41.741394 0.952651
840.000000 535.475525 168.475327 27.017212 63.971191 0.851764
840.000000 558.789429 162.751907 20.236328 47.168732 0.331049
840.000000 498.076538 168.166397 14.668152 34.634247 0.198286
840.000000 18.955173 186.637665 13.459801 32.109009 0.156807
840.000000 517.458740 162.415573 13.660400 33.103302 0.144484
840.000000 512.393982 170.357239 18.052612 40.117035 0.128916
840.000000 185.929062 176.946564 12.387024 31.557709 0.128839
840.000000 293.329437 166.117706 15.242188 37.429565 0.124016
840.000000 180.641663 180.974548 13.592926 32.106842 0.091385
840.000000 23.437693 184.766541 13.499022 30.102295 0.086249
840.000000 565.746277 160.791977 12.973389 30.361237 0.068997
840.000000 545.616577 155.488510 19.992676 50.172272 0.067670
840.000000 439.594208 151.397156 15.334961 34.574005 0.058656
840.000000 535.488831 176.981308 13.476685 30.240021 0.051340
870.000000 585.906738 159.533966 30.550293 78.740997 0.993412
870.000000 517.255859 165.105774 19.133301 45.635345 0.982604
870.000000 582.593811 168.121490 15.152832 37.422852 0.760644
870.000000 556.184509 164.389084 14.950317 36.771423 0.641328
870.000000 527.448547 161.965714 15.952881 38.550415 0.138645
870.000000 44.523941 141.783264 13.227119 34.113464 0.105999
870.000000 587.200317 162.607071 19.397949 43.518097 0.102728
870.000000 534.933044 157.979843 11.305420 27.214142 0.102714
870.000000 539.288696 160.353241 11.601807 27.400238 0.083306
870.000000 262.452301 158.182419 16.096375 40.402191 0.081539
870.000000 539.503357 165.322418 13.644287 33.059967 0.063991
870.000000 34.612511 145.066086 27.566093 68.986115 0.059044
870.000000 531.473206 159.608582 19.935425 44.912476 0.056558
870.000000 492.665649 158.999649 11.227966 28.124542 0.054034
870.000000 579.621399 172.032867 12.150146 31.337860 0.051439
900.000000 528.095337 160.872360 20.906738 49.610901 0.986411
900.000000 456.830627 106.296776 15.081238 34.387581 0.418030
900.000000 83.919891 159.812622 18.194275 44.155914 0.385822
900.000000 202.840378 139.030945 18.963684 44.528473 0.261357
900.000000 544.194763 162.289337 14.483154 34.855530 0.224427
900.000000 188.964203 145.628372 9.876495 24.343842 0.196619
900.000000 74.638268 167.426224 14.435333 35.034760 0.178791
900.000000 208.869644 140.492386 14.389221 32.947693 0.105715
900.000000 78.411636 164.055252 18.670731 42.719666 0.089185
900.000000 454.590332 105.046036 21.617493 49.398315 0.085533
900.000000 149.079193 137.991028 12.831329 28.551636 0.081917
900.000000 540.055664 159.047867 12.242798 29.744507 0.077778
900.000000 196.013321 145.030975 10.089783 24.739227 0.073825
900.000000 536.021545 160.588852 20.400146 47.615723 0.064562
900.000000 467.870911 106.492935 14.212769 33.358932 0.062536
900.000000 466.117371 105.475769 19.735718 49.377411 0.058215
930.000000 533.912292 155.620422 21.401855 50.896423 0.989247
930.000000 93.716721 79.377853 44.039444 127.646362 0.802287
930.000000 193.100464 129.898193 19.008118 48.259064 0.580131
930.000000 546.457703 150.413040 13.270874 31.677582 0.253407
930.000000 209.905472 127.028412 19.308929 48.033539 0.209868
930.000000 439.841888 141.644745 17.383850 40.612061 0.141216
930.000000 393.759613 142.973022 16.102844 37.576569 0.127807
930.000000 243.567535 148.948090 12.844879 30.998352 0.112666
930.000000 199.923553 125.014893 22.627319 57.753571 0.108591
930.000000 269.900269 128.391403 13.279602 30.209320 0.104377
930.000000 444.254578 141.586060 12.037109 28.264343 0.091431
930.000000 84.803406 132.594009 17.518539 44.577271 0.076459
930.000000 570.436646 145.364563 14.280884 34.918335 0.074573
930.000000 259.351227 143.824722 10.611755 28.276672 0.065256
930.000000 390.367523 143.306290 23.557312 56.323029 0.063483
930.000000 626.830017 149.050812 13.026245 51.525513 0.062127
930.000000 597.620239 151.583542 11.729370 26.688232 0.051478
960.000000 524.012390 150.631042 21.887451 51.637787 0.981319
960.000000 605.141602 141.347992 12.941528 30.545135 0.460075
960.000000 185.538147 123.823929 19.653748 50.873383 0.239498
960.000000 175.571716 132.474045 12.322479 28.589386 0.234726
960.000000 187.840134 126.813393 14.559326 33.296059 0.155669
960.000000 282.279877 142.485306 16.048401 37.534119 0.151891
960.000000 189.785873 155.368988 12.035919 29.459076 0.127223
960.000000 578.560608 136.992035 15.746826 36.062042 0.097742
960.000000 613.896973 139.547638 14.022339 33.551239 0.080488
960.000000 180.799103 130.142639 12.647003 28.109039 0.053496
990.000000 498.220947 152.926086 21.784607 51.974854 0.979598
990.000000 511.228699 160.422836 11.354858 27.086304 0.206904
990.000000 445.471130 151.276611 11.470703 27.346649 0.201581
990.000000 65.690788 137.158554 16.218658 39.171265 0.076057
990.000000 506.434692 159.601089 16.538208 40.613770 0.065532
990.000000 441.633728 152.163269 16.479126 38.432159 0.063227
990.000000 420.181458 148.076447 26.009888 66.403198 0.061136
990.000000 264.719879 142.932220 14.713745 36.621155 0.057638
990.000000 498.758392 153.530457 14.614410 33.041901 0.052722
1020.000000 543.141846 145.339325 53.840454 137.243469 0.993202
1020.000000 458.390381 160.293823 20.392334 48.706268 0.808051
1020.000000 442.041260 150.230042 16.479187 38.921631 0.508491
1020.000000 609.136963 154.785263 13.698853 34.340149 0.382311
1020.000000 526.030823 150.977524 13.171997 30.979584 0.289447
1020.000000 549.801514 151.348587 15.691650 35.291138 0.284217
1020.000000 509.225952 151.180939 15.205322 35.023438 0.283952
1020.000000 531.191284 146.506927 13.037720 31.487793 0.201550
1020.000000 514.479492 149.979187 14.116455 32.068237 0.191073
1020.000000 423.097443 155.881927 19.828857 46.754822 0.191021
1020.000000 459.593048 160.393280 13.965881 33.880310 0.162429
1020.000000 606.212036 153.205032 19.861816 50.703766 0.144713
1020.000000 530.900757 146.069183 18.067383 46.355469 0.098553
1020.000000 427.581085 156.867477 13.459900 30.569977 0.083064
1020.000000 462.445312 147.542725 22.334351 57.496094 0.068004
1020.000000 534.709717 143.229813 12.141968 29.394562 0.055450
1020.000000 189.068726 147.434723 15.030792 37.679871 0.054259
1020.000000 437.194366 149.033310 24.405212 61.011017 0.054112
1020.000000 580.637390 158.237900 20.044189 44.706970 0.051516
1050.000000 442.213959 155.429749 35.336609 83.904236 0.721846
1050.000000 437.156860 152.469330 27.963745 65.745483 0.484001
1050.000000 461.117828 148.811234 25.538818 70.375458 0.332498
1050.000000 440.576752 152.143997 20.065002 46.158936 0.325015
1050.000000 187.999161 146.194000 15.100555 35.431427 0.166257
1050.000000 428.074310 154.303192 40.569336 91.146301 0.136663
1050.000000 173.563370 146.382629 12.210846 28.688416 0.129321
1050.000000 189.952682 152.400757 17.310242 40.316986 0.105124
1050.000000 182.600403 142.311401 24.661499 59.437866 0.098017
1050.000000 447.489929 151.227722 24.945557 56.273987 0.086559
1050.000000 66.060364 155.674377 23.023621 57.426575 0.070087
1050.000000 236.208801 146.456543 15.106995 34.882050 0.066623
1050.000000 188.038818 150.635422 25.148224 60.195801 0.062880
1050.000000 180.694153 146.992905 12.875092 30.266418 0.062394
1050.000000 416.928925 158.691956 25.550964 59.718018 0.061954
1050.000000 419.237732 157.141098 17.123718 38.835907 0.058155
1080.000000 592.198608 152.046814 17.210938 40.734222 0.447457
1080.000000 560.247498 150.214569 17.569336 45.583435 0.292765
1080.000000 411.616547 141.322571 14.144104 34.820618 0.278255
1080.000000 549.567261 149.464844 15.040405 35.343048 0.258599
1080.000000 586.796509 152.521210 15.899414 34.747864 0.179562
1080.000000 563.380737 151.133194 10.795166 29.884216 0.175987
1080.000000 582.875488 151.996292 23.409180 48.428314 0.154427
1080.000000 548.671631 148.829407 21.671631 54.437439 0.120453
1080.000000 256.748840 161.102310 18.813232 44.192139 0.102089
1080.000000 595.772156 152.425888 12.670288 26.612000 0.093524
1080.000000 435.550018 146.654510 20.150391 50.610657 0.074645
1080.000000 490.229584 156.355331 16.554382 39.202240 0.056758
1080.000000 525.670410 149.827377 13.485352 33.708557 0.050184
1110.000000 223.381897 162.504211 29.272308 64.391602 0.458057
1110.000000 218.550842 166.659668 19.500092 45.425385 0.286350
1110.000000 224.433517 164.532272 19.658508 45.843262 0.136722
1110.000000 437.625397 158.840591 18.559937 42.936340 0.102135
1110.000000 230.781052 165.253906 19.462402 46.660156 0.079697
1110.000000 605.652222 186.860138 12.578613 30.257812 0.075761
1140.000000 108.006142 156.817291 51.178703 132.418915 0.997276
1140.000000 66.712700 178.533356 14.792709 36.527863 0.135923
1140.000000 149.906921 170.686249 14.059265 33.225891 0.085869
1140.000000 426.293976 167.321487 18.780273 42.675201 0.078636
1140.000000 593.385132 153.009659 17.372192 40.616364 0.077600
1140.000000 470.133270 153.820358 17.386780 40.673187 0.077593
1140.000000 433.840637 168.946045 19.138123 43.858093 0.073653
1140.000000 609.880127 162.751266 13.083740 30.855927 0.050415
1170.000000 7.154366 161.016785 53.087708 130.535461 0.997918
1170.000000 155.087051 181.490784 14.707062 36.651367 0.435298
1170.000000 247.464325 174.323822 16.755463 38.752594 0.111290
1170.000000 585.719971 162.796265 12.245605 29.734955 0.055138
1200.000000 200.150543 175.224136 17.573853 43.954712 0.099445
1200.000000 204.071289 175.701767 11.904663 27.018402 0.085086
1200.000000 606.644958 110.761612 22.912109 53.478333 0.066350
1230.000000 194.330948 171.734772 11.614716 30.598267 0.230754
1230.000000 187.063629 169.714600 18.459045 44.940460 0.069822
1260.000000 153.356369 178.729370 17.614105 43.948212 0.957875
1260.000000 150.940735 177.798309 11.071106 27.365021 0.115569
1260.000000 571.125244 109.363815 14.721313 34.069153 0.101119
1260.000000 496.017853 140.045151 17.724274 42.091614 0.098649
1260.000000 186.547638 177.465073 13.158997 30.511963 0.088497
1260.000000 555.626892 167.214157 11.645020 27.102295 0.064587
1290.000000 127.920547 183.463226 12.808044 32.325165 0.303522
1290.000000 63.958313 156.026627 24.431839 64.978271 0.131028
1290.000000 70.203705 154.210907 13.127625 32.081635 0.116037
1290.000000 146.668167 174.262451 17.730011 43.749390 0.106514
1290.000000 187.044128 177.711121 11.504303 28.472992 0.075771
1290.000000 123.775070 184.660202 18.991974 47.069946 0.066293
1290.000000 60.369373 166.205460 20.215572 46.979553 0.058890
1290.000000 250.653793 159.788788 14.387405 34.532379 0.054015
1290.000000 502.426483 139.133575 11.666656 30.201538 0.052254
1320.000000 104.165489 179.389389 17.217865 43.396698 0.945062
1320.000000 440.216553 163.200409 15.567261 36.232788 0.121462
1320.000000 421.855743 167.361847 20.908813 48.525879 0.074113
1320.000000 186.647873 177.100647 11.672241 28.352509 0.059770
1350.000000 94.081886 180.415848 15.968460 39.267120 0.970496
1350.000000 475.638000 152.552673 22.430481 51.746307 0.094713
1350.000000 186.457123 171.914001 11.879333 29.275726 0.053145
1380.000000 88.105286 180.865173 15.498657 37.318878 0.932599
1380.000000 583.794556 167.592804 12.829224 31.876801 0.112754
1380.000000 82.858917 182.965576 13.550308 33.229767 0.073249
1410.000000 84.706970 180.829605 15.635941 36.818878 0.952438
1410.000000 611.234985 175.720444 14.911987 33.812683 0.139231
1410.000000 187.112228 177.492065 11.424591 27.923676 0.106989
1410.000000 411.523132 145.686996 13.804688 32.814362 0.051055
1440.000000 87.700554 181.152039 15.464218 34.472626 0.889890
1440.000000 233.166397 174.438797 20.333832 50.602844 0.326259
1440.000000 186.371002 174.417038 12.709717 30.672699 0.235750
1440.000000 235.108841 173.882950 14.713409 35.649536 0.162337
1440.000000 190.373947 169.307693 12.221893 31.009491 0.078668
1440.000000 205.858170 175.267700 11.475922 28.823639 0.075777
1440.000000 582.951172 154.204086 16.121460 37.843048 0.064399
1470.000000 94.287102 179.499969 13.956650 35.192505 0.932380
1470.000000 582.324097 147.069870 18.387451 44.588379 0.222632
1470.000000 549.724426 160.967590 14.933716 35.741669 0.093617
1470.000000 279.773193 158.707962 19.842163 50.159637 0.082836
1470.000000 255.966248 166.487549 18.808289 46.151550 0.071050
1470.000000 584.411072 164.523651 11.222046 28.956055 0.068261
1470.000000 441.657898 164.286697 15.538025 35.369110 0.061775
1470.000000 185.816757 171.735565 12.279602 31.881195 0.050855
1500.000000 100.579918 179.118576 14.352127 35.276001 0.941761
1500.000000 92.903358 176.390335 14.591858 35.044830 0.294309
1500.000000 611.300598 176.951385 14.490601 33.928101 0.242832
1500.000000 554.258667 167.061829 11.689697 28.035187 0.184319
1500.000000 606.297424 174.552078 14.342285 34.509766 0.183653
1500.000000 549.201172 162.351685 14.932129 35.116364 0.179113
1500.000000 224.350296 172.537384 22.417511 52.691101 0.114831
1500.000000 404.160645 148.713135 15.314026 37.684753 0.080720
1500.000000 499.041687 141.638931 17.269958 43.233765 0.075884
1500.000000 611.035583 105.658127 19.201050 42.152100 0.067181
1500.000000 603.480042 172.505417 23.617432 43.895813 0.061989
1500.000000 592.214233 87.598900 20.670776 45.432747 0.060048
1500.000000 533.037292 158.554474 12.563477 29.757782 0.056978
1500.000000 186.237137 170.258194 14.021729 32.230347 0.056268
1500.000000 425.879578 166.739395 17.645569 42.178772 0.053745
1530.000000 106.360184 179.656830 14.069550 33.579620 0.720784
1530.000000 575.211914 158.743317 22.677368 56.669739 0.622373
1530.000000 602.129517 98.052612 30.468994 79.174561 0.078016
1530.000000 555.337341 169.978897 11.077271 24.556824 0.065946
1560.000000 113.380455 180.537994 11.922729 29.678162 0.325407
1560.000000 109.650620 178.963837 11.826614 30.429199 0.158210
1560.000000 193.689529 173.098938 17.167114 43.921204 0.115115
1560.000000 553.366089 167.320587 13.160034 31.220337 0.051479
1590.000000 118.139740 179.439285 12.492233 31.229401 0.395408
1590.000000 536.637512 153.242493 16.126221 37.694366 0.235775
1590.000000 547.694336 161.379135 17.267700 41.034149 0.133282
1590.000000 404.808044 154.268799 14.119995 35.215271 0.082045
1590.000000 534.371216 153.366196 25.475342 52.651245 0.072527
1590.000000 542.435242 155.052017 12.699951 29.524017 0.051931
1590.000000 586.049866 162.278809 11.907959 29.937012 0.051695
1620.000000 442.731964 167.445862 13.143738 30.778839 0.148206
1620.000000 583.345032 163.540512 17.390625 41.338806 0.108267
1620.000000 579.984619 164.320038 23.690063 59.207092 0.102384
1620.000000 133.415298 174.256683 12.727478 31.723236 0.089564
1620.000000 550.607239 168.622055 18.874634 47.950745 0.078745
1620.000000 599.069580 171.433151 16.430786 38.371002 0.063020
1620.000000 599.024292 168.346466 26.728394 53.848450 0.060798
1620.000000 134.535767 172.975555 17.306610 41.307190 0.055209
1650.000000 555.273926 168.252136 10.431641 26.260742 0.314466
1650.000000 612.275146 174.546112 14.050415 34.319550 0.212820
1650.000000 541.389465 155.593597 12.643433 28.949951 0.171074
1650.000000 540.387756 157.244431 17.405029 39.449554 0.167585
1650.000000 595.760376 88.598114 18.006226 39.962646 0.101583
1650.000000 551.487366 168.480164 16.805664 38.710602 0.084742
1650.000000 604.362610 175.380051 14.812256 33.845947 0.079215
1650.000000 509.610687 154.191391 13.461212 32.797485 0.078319
1650.000000 533.155151 160.124527 13.610596 31.926544 0.077907
1680.000000 258.944000 165.550964 15.158264 38.044403 0.116692
1680.000000 188.506973 172.954666 14.030945 35.687469 0.056186
1680.000000 404.580292 155.471542 13.934326 35.476349 0.054549
1710.000000 615.311096 101.839111 16.458130 38.462494 0.237755
1710.000000 491.603912 146.980347 22.847504 53.349945 0.206594
1710.000000 593.180420 101.525734 16.142944 37.573601 0.185154
1710.000000 220.418533 177.735687 15.832458 37.979004 0.155309
1710.000000 235.546921 170.664841 15.790344 37.675507 0.128092
1710.000000 623.657043 100.317429 15.751221 52.218643 0.104784
1710.000000 499.328400 140.330704 15.306976 36.133545 0.102967
1710.000000 281.848175 158.318939 16.625427 40.360352 0.099347
1710.000000 612.363770 101.346588 25.561279 58.011353 0.090385
1710.000000 489.516418 144.314178 32.709106 75.494843 0.087958
1710.000000 620.548523 104.337318 11.939941 28.233833 0.073871
1710.000000 499.267761 143.067642 23.162659 54.672424 0.071626
1710.000000 616.127991 102.059181 11.711914 24.613297 0.065955
1710.000000 481.104248 153.158951 19.001343 45.185608 0.057207
1710.000000 184.267929 172.601501 15.473389 41.577423 0.055123
1710.000000 232.501160 173.678528 22.193573 53.681610 0.054571
1740.000000 590.821655 101.549759 21.269165 51.572693 0.189607
1740.000000 578.004395 115.039558 18.756348 43.739937 0.122272
1740.000000 607.865723 98.777786 18.629395 43.196213 0.121329
1740.000000 580.109192 100.288849 31.411499 71.731812 0.079477
1740.000000 557.359253 106.154404 19.094727 42.350586 0.071093
1740.000000 583.623718 1.546303 13.756348 32.214748 0.063334
1740.000000 556.923218 105.358246 28.520630 61.265472 0.053933
1740.000000 601.493103 99.310753 29.784546 81.310555 0.051201
1770.000000 404.978363 152.756348 12.121033 30.638184 0.056274
1800.000000 555.656982 166.364471 10.910767 28.492798 0.108108
1830.000000 562.303772 153.847382 15.726807 37.805389 0.137133
1830.000000 540.460449 152.374741 12.690918 30.377594 0.068969
1830.000000 442.058777 164.625092 13.945679 34.908051 0.066134
1830.000000 186.287094 174.446213 14.135590 33.457001 0.064494
1830.000000 405.186066 157.174210 12.875183 31.905823 0.062284
