30.000000 594.486328 157.999969 29.402710 64.089325 0.731655
30.000000 217.738327 138.722244 12.253235 30.981049 0.586173
30.000000 513.666077 137.951950 20.629028 47.586182 0.220820
30.000000 506.591492 136.938843 21.424438 50.074371 0.214689
30.000000 509.042969 135.357285 29.280396 68.224091 0.163747
30.000000 554.526917 165.587158 15.496216 36.459900 0.161207
30.000000 21.658274 63.971828 21.121389 49.860004 0.121180
30.000000 565.702942 166.585464 17.543701 43.344910 0.120696
30.000000 517.885742 138.586029 14.018188 33.048584 0.107223
30.000000 614.714233 156.885254 21.748291 65.894470 0.095787
30.000000 458.722504 154.909149 17.322754 40.431763 0.092613
30.000000 501.748627 136.684250 14.485443 34.730194 0.087974
30.000000 602.469360 159.077805 17.148071 41.375244 0.074027
30.000000 538.959595 164.448898 12.249512 31.548157 0.073326
30.000000 591.543152 157.287445 18.481445 43.388397 0.067148
30.000000 618.390747 158.435104 16.140381 39.658966 0.065724
30.000000 511.637939 137.039322 13.385498 34.183228 0.058057
60.000000 165.409058 141.256927 14.996552 36.457855 0.629448
60.000000 496.478424 136.691452 16.782074 40.090485 0.366140
60.000000 171.160721 142.845001 13.269104 33.737183 0.290391
60.000000 490.113159 135.055634 24.206238 63.135834 0.152566
60.000000 506.947205 129.208099 18.971802 47.022766 0.095904
60.000000 522.141357 129.638031 16.224976 39.175751 0.090475
60.000000 460.869995 138.100555 13.878784 35.288086 0.083191
60.000000 497.482452 135.495972 12.308411 28.690430 0.078415
60.000000 175.491714 139.220215 13.945740 36.559937 0.071041
60.000000 504.228638 123.308640 28.215576 72.698792 0.059780
60.000000 603.525818 174.733002 14.088379 30.907410 0.055284
90.000000 114.136124 138.952667 13.569992 36.748627 0.566888
90.000000 107.591492 136.352036 16.171875 37.729004 0.305408
90.000000 50.492630 129.777435 13.257462 31.814911 0.197881
90.000000 608.423035 125.572144 30.970093 81.499359 0.099216
90.000000 467.158203 142.174988 14.461304 34.952667 0.096788
90.000000 596.716187 127.109772 35.909912 91.778381 0.093272
90.000000 578.294373 152.689301 12.386597 26.510529 0.091792
90.000000 156.147888 126.136810 10.498657 25.271881 0.080513
90.000000 104.459984 139.820816 12.643219 26.374786 0.073897
90.000000 458.370972 139.170761 18.338379 44.733002 0.055888
90.000000 443.775848 154.699020 11.767334 29.057037 0.052552
120.000000 27.455803 129.106339 25.105598 58.925568 0.983190
120.000000 516.272949 127.093140 24.668945 59.455444 0.359972
120.000000 0.698048 130.682098 15.714453 55.624359 0.244829
120.000000 81.114555 133.878784 13.456345 33.672821 0.119703
120.000000 577.803894 145.326126 19.545776 45.796204 0.116753
120.000000 530.421753 130.613342 20.302124 51.910126 0.112639
120.000000 0.194849 124.870544 10.821625 51.772949 0.075091
120.000000 188.033768 127.549522 15.360535 35.965996 0.056665
120.000000 580.107971 144.584671 11.750366 29.272034 0.052672
150.000000 400.138550 119.330933 23.454163 54.434143 0.314768
150.000000 429.465088 130.609756 19.268372 46.307129 0.176971
150.000000 432.410400 128.648010 12.173157 30.654602 0.119131
150.000000 617.106750 166.149826 17.270996 43.017212 0.112260
150.000000 405.337830 119.095261 14.770691 35.489410 0.083382
150.000000 607.484070 159.774979 18.394897 38.436340 0.053531
150.000000 379.151703 125.553719 13.431885 32.236504 0.051059
180.000000 412.935150 116.746887 32.104492 71.937927 0.185571
210.000000 489.178131 129.278580 21.056885 49.979095 0.500061
210.000000 594.421692 127.178337 18.660278 43.783760 0.305134
210.000000 577.569458 127.037888 20.580688 50.847931 0.207973
210.000000 461.679688 122.303070 23.884460 61.341461 0.138856
210.000000 586.837646 124.544495 28.303345 69.662262 0.136581
210.000000 17.097683 128.224457 19.865440 40.937042 0.111780
210.000000 483.427368 139.059036 14.341675 35.534851 0.098416
210.000000 493.463226 129.402344 13.797546 32.609589 0.091184
210.000000 101.854263 78.969818 17.604706 45.236710 0.088087
210.000000 482.517975 128.000763 30.240082 75.007050 0.083962
210.000000 480.468536 127.763016 22.608459 55.147461 0.081529
210.000000 484.091278 127.613403 14.269348 32.493347 0.074454
210.000000 578.478271 128.302734 14.925781 31.208923 0.061600
210.000000 589.736328 81.594154 9.573975 22.017883 0.051760
240.000000 435.909393 102.348412 39.453491 101.311195 0.232610
240.000000 535.044922 154.312164 18.657104 44.894501 0.098257
240.000000 581.769348 132.579010 20.870850 49.431244 0.090599
240.000000 604.114380 111.351379 35.061646 107.369110 0.089025
240.000000 616.591553 106.915955 23.208496 86.834015 0.073282
240.000000 570.683044 123.737022 13.549316 32.257362 0.067021
240.000000 412.628265 152.026337 15.941956 36.929626 0.063685
270.000000 440.110687 154.494293 19.353088 46.902405 0.208810
270.000000 442.839752 153.053757 13.877197 31.011597 0.108390
270.000000 457.093597 98.202728 42.772766 122.438049 0.064264
300.000000 513.779358 144.302582 24.974121 61.428436 0.379100
300.000000 545.593323 123.517471 18.442139 43.360687 0.228583
300.000000 519.188538 145.963409 16.797607 39.670776 0.147762
300.000000 544.698059 118.023384 15.021729 35.509499 0.139236
300.000000 532.398499 141.768738 19.023682 47.295074 0.083871
300.000000 541.308533 121.568512 24.455444 66.060577 0.082407
300.000000 375.271973 143.174347 14.325989 35.495758 0.060219
300.000000 436.928192 148.955673 15.176636 35.017670 0.051176
300.000000 536.539917 116.927147 37.219116 95.853737 0.050547
330.000000 565.828247 58.917782 13.849976 32.972721 0.446284
330.000000 547.112122 74.331718 14.245239 35.943802 0.413929
330.000000 451.014282 57.615158 14.235352 34.965393 0.339104
330.000000 439.601807 59.674789 15.218567 35.462311 0.283709
330.000000 458.329193 57.484932 16.816345 38.584137 0.197073
330.000000 528.910889 73.922882 19.405640 39.162552 0.098800
360.000000 452.973419 54.236313 13.386841 31.480698 0.269852
360.000000 531.368591 71.878510 17.007690 38.836716 0.126062
360.000000 439.599518 57.855564 16.782104 40.412899 0.120925
360.000000 447.910370 157.333115 20.406555 43.467163 0.097803
360.000000 158.937317 143.175919 12.006805 27.445587 0.074572
360.000000 460.542572 54.060513 15.748352 35.390125 0.068965
360.000000 395.184021 148.701248 17.735657 41.418823 0.052772
360.000000 446.906219 159.013489 14.199097 33.422546 0.050483
390.000000 485.882263 144.937653 25.547546 59.066101 0.379858
390.000000 516.397705 135.693436 26.795654 64.002380 0.255528
390.000000 491.772003 146.149200 17.820557 39.212402 0.186337
390.000000 520.411194 136.672745 18.353760 41.232697 0.058733
390.000000 483.862030 147.167877 19.634399 44.466217 0.051473
450.000000 547.353821 88.776932 15.642700 37.185577 0.575167
450.000000 531.222656 86.653801 16.536987 38.778534 0.350936
450.000000 440.968201 71.719193 15.687317 36.581558 0.113577
450.000000 537.449097 88.993378 12.391113 28.169342 0.068778
450.000000 566.843933 71.300583 14.041138 32.350861 0.055553
480.000000 562.418701 72.831703 16.549561 39.440125 0.155330
480.000000 143.890732 164.754089 13.959778 34.982758 0.115793
480.000000 157.654053 166.606445 13.207886 30.066559 0.103204
480.000000 46.739792 85.966248 15.660980 37.027756 0.061340
480.000000 543.712341 90.669304 16.203003 38.036934 0.051112
510.000000 460.188751 172.617859 18.393127 44.023468 0.589010
510.000000 139.177429 164.389771 14.146729 35.281036 0.491752
510.000000 429.197845 173.409012 21.483215 47.347504 0.191328
510.000000 466.748230 180.296707 15.906982 36.488800 0.158961
510.000000 434.974335 176.381439 24.798340 53.384705 0.154393
510.000000 118.357941 158.342361 15.028687 34.384003 0.151016
510.000000 479.708984 184.567902 15.605408 36.158417 0.139143
510.000000 420.472412 79.053024 17.855713 38.615173 0.129056
510.000000 460.423645 170.552795 14.353943 30.918701 0.119702
510.000000 425.537567 174.976685 31.880798 74.424164 0.105217
510.000000 135.054749 166.347672 11.848328 28.698395 0.104772
510.000000 441.489319 177.454834 16.740356 39.442841 0.097634
510.000000 128.036697 167.191925 11.188049 25.195709 0.071913
510.000000 554.698181 73.924393 14.083374 31.975204 0.065006
510.000000 533.978149 89.479568 13.792969 32.183441 0.054517
540.000000 119.148148 157.929779 13.739670 32.812836 0.289259
540.000000 524.001953 82.546638 12.361938 28.765762 0.232927
540.000000 542.205566 68.642426 14.012573 32.190491 0.219524
540.000000 425.593597 59.553528 16.334900 39.535919 0.109722
540.000000 410.726929 70.405746 14.859924 31.997055 0.101495
540.000000 506.849121 82.362160 13.906128 31.569214 0.077607
540.000000 238.563583 171.958664 18.912979 46.384674 0.072396
570.000000 412.926483 50.936462 16.206787 37.999741 0.493884
570.000000 562.679810 66.207375 13.873291 30.641769 0.487101
570.000000 509.908844 79.476463 14.824432 36.152802 0.467497
570.000000 401.121460 54.036697 13.873901 33.721634 0.460159
570.000000 497.540802 78.352386 13.625427 31.801651 0.367960
570.000000 531.161499 61.492279 14.187500 31.883224 0.290695
570.000000 525.448181 65.801239 13.818604 30.158173 0.257442
570.000000 423.989441 50.982704 16.089783 37.395737 0.209916
570.000000 146.439728 169.405960 13.330994 33.046875 0.162103
570.000000 504.443512 80.550217 20.922333 49.798462 0.143593
570.000000 389.557312 63.937103 14.236816 34.836731 0.073348
570.000000 536.252319 67.576973 12.520630 24.522110 0.068606
570.000000 574.326904 74.254272 11.988525 28.766479 0.061505
570.000000 91.189346 145.823669 19.096817 47.455994 0.055435
570.000000 396.861542 53.807453 20.629639 47.957256 0.054827
570.000000 490.338409 78.139656 12.055725 28.621765 0.051645
570.000000 525.974915 61.497868 20.767578 53.041653 0.051436
570.000000 494.585266 77.568001 12.234131 27.822525 0.051042
600.000000 79.129784 158.111710 17.732147 43.181305 0.120510
600.000000 69.093941 161.649200 16.672394 37.730469 0.106240
600.000000 46.163437 143.831360 18.035439 42.179749 0.090983
600.000000 574.783997 184.453842 22.800659 48.524689 0.090188
600.000000 601.004150 158.363800 22.521240 50.634521 0.067224
630.000000 536.357849 54.559189 14.484863 32.730026 0.506456
630.000000 499.527924 50.677399 16.449615 38.722031 0.358659
630.000000 369.098206 43.577831 14.995789 35.193256 0.236607
630.000000 625.021790 65.841843 14.379272 35.694611 0.224037
630.000000 49.883064 165.178162 15.131073 37.760803 0.213214
630.000000 459.214630 168.216034 14.587524 32.316864 0.105562
630.000000 380.827759 39.516502 16.041870 37.382278 0.091821
630.000000 537.650574 169.081192 12.439575 31.606689 0.084188
630.000000 388.172913 40.066422 23.228088 56.905121 0.075413
630.000000 477.397766 79.387634 13.013855 32.591873 0.068051
630.000000 24.903370 149.296295 19.002625 45.031281 0.063980
630.000000 479.950348 68.333954 13.675537 32.492340 0.058812
630.000000 442.475830 177.364517 12.214294 26.660614 0.054505
660.000000 34.078934 169.137024 16.379181 41.667725 0.491386
660.000000 472.675354 73.281662 14.222839 32.872314 0.456827
660.000000 467.743744 72.099693 19.674255 54.516647 0.380573
660.000000 498.717499 64.876961 15.702728 35.782501 0.327933
660.000000 526.870483 60.757439 15.056885 33.578735 0.326114
660.000000 489.147278 65.292725 13.937500 32.489883 0.306818
660.000000 538.405579 66.170090 13.102905 30.911636 0.196746
660.000000 625.094360 64.563789 14.783447 36.810349 0.147345
660.000000 489.404907 62.363091 19.687561 50.190201 0.128042
660.000000 497.871002 61.224674 12.942017 29.245457 0.112425
660.000000 44.762852 166.822617 11.149948 29.855164 0.111038
660.000000 4.015347 173.293503 12.317318 26.402893 0.110871
660.000000 50.951996 171.998947 17.178009 42.060150 0.088669
660.000000 360.562042 46.135223 16.849854 40.470032 0.087352
660.000000 492.358948 55.004143 15.570801 37.469727 0.082260
660.000000 450.215118 73.215820 15.312378 33.964569 0.076609
660.000000 12.823575 147.110626 31.603786 73.986572 0.072501
660.000000 0.000000 158.553497 10.180010 48.142029 0.070764
660.000000 619.024963 64.709641 12.854492 31.739761 0.066527
660.000000 615.066833 64.211380 12.496094 29.548492 0.066466
660.000000 527.228760 58.649040 20.504517 49.477570 0.064089
660.000000 458.097229 74.432846 14.069763 30.162720 0.056498
660.000000 109.306244 179.954803 11.980911 26.082367 0.051149
690.000000 524.966858 62.481514 13.896118 32.507889 0.555688
690.000000 469.414032 77.448235 12.590332 31.950195 0.458146
690.000000 487.457458 58.775055 17.032166 39.324951 0.327490
690.000000 619.532043 68.523155 13.334473 25.860718 0.286406
690.000000 612.036682 69.975037 10.842163 25.727005 0.277718
690.000000 534.696899 71.298523 11.451294 26.219528 0.261084
690.000000 465.558075 76.928879 18.533081 49.229080 0.158940
690.000000 25.205059 174.080444 15.843956 39.152283 0.148404
690.000000 514.388062 68.293907 11.880371 26.525162 0.134931
690.000000 521.359131 67.026993 14.083252 32.229004 0.126638
690.000000 453.241425 77.458549 14.166321 32.666977 0.115773
690.000000 445.544403 79.599274 11.942505 28.012619 0.108886
690.000000 367.332336 45.798573 18.098694 41.235439 0.099433
690.000000 428.036316 205.447067 13.450439 32.433258 0.094756
690.000000 35.637604 172.058121 15.500160 37.972961 0.094109
690.000000 375.838257 45.366295 24.560303 61.465485 0.084182
690.000000 22.226955 165.776993 12.610588 30.658081 0.075358
690.000000 381.097900 43.955139 15.297913 34.694557 0.060543
690.000000 3.328066 156.696869 15.155888 38.218323 0.056690
690.000000 606.443970 72.853546 11.020752 24.554855 0.054488
690.000000 463.841400 82.930359 14.077637 35.209839 0.051677
690.000000 112.868835 207.967865 12.769928 32.242676 0.051195
720.000000 412.721741 77.538666 15.500610 36.462296 0.479493
720.000000 463.720581 62.574028 19.385132 44.710403 0.435375
720.000000 501.360626 66.246574 14.214569 32.836914 0.425589
720.000000 596.985962 74.072014 12.772827 29.807739 0.408760
720.000000 613.838196 61.503159 15.869385 37.671173 0.346849
720.000000 589.734192 77.484840 12.726807 29.324509 0.278675
720.000000 609.024963 77.919464 13.454834 30.911728 0.212736
720.000000 610.894165 62.027550 21.923950 54.124252 0.206276
720.000000 605.769714 77.800064 12.162842 28.560669 0.147373
720.000000 442.802673 85.319199 16.999634 42.133148 0.146672
720.000000 444.021912 80.759903 12.667664 28.348267 0.135134
720.000000 594.015320 75.612350 10.792847 26.059067 0.116675
720.000000 511.064392 75.198074 12.842773 27.883728 0.105169
720.000000 326.470398 60.715637 17.693970 38.983627 0.089122
720.000000 583.516479 78.012192 15.013428 35.490799 0.073599
720.000000 425.235779 79.467010 15.197266 34.694138 0.065357
720.000000 459.133301 70.257118 14.196960 30.820618 0.065032
720.000000 452.099487 94.300743 15.971985 37.638008 0.062932
720.000000 459.307709 62.973251 25.961975 66.552673 0.059249
750.000000 282.937134 49.406494 18.882324 44.642807 0.534289
750.000000 388.649139 83.383919 12.144836 28.293182 0.500956
750.000000 271.369873 55.324684 18.689758 45.407089 0.397051
750.000000 526.299866 81.096527 12.291504 32.079498 0.322195
750.000000 295.205536 49.344711 19.217896 44.302521 0.280322
750.000000 433.481140 74.270538 13.368469 30.959091 0.221945
750.000000 549.140503 78.594795 12.640747 30.859497 0.204589
750.000000 534.301270 80.011414 12.425415 32.070511 0.145000
750.000000 274.854004 53.693741 12.119934 29.254028 0.128885
750.000000 556.689026 83.023193 11.645752 28.987411 0.122134
750.000000 540.896606 76.477661 13.540527 32.789108 0.096464
750.000000 444.943237 69.449829 14.689331 32.948044 0.086879
750.000000 547.074280 79.313393 17.611450 43.123108 0.079488
750.000000 523.950439 81.115761 18.889893 42.380646 0.064370
750.000000 357.108948 77.233101 14.401978 32.397552 0.058026
750.000000 460.311737 189.005859 15.620789 35.991547 0.056994
750.000000 374.644165 211.145874 14.339294 32.729034 0.056407
780.000000 9.993399 190.436234 31.012621 71.122238 0.410676
780.000000 132.277222 191.416382 14.748718 36.419952 0.097104
780.000000 125.883011 188.702301 17.591370 42.540100 0.066091
840.000000 550.786865 38.243240 14.849854 34.241959 0.356982
840.000000 440.924164 55.639309 13.245239 32.596210 0.338535
840.000000 454.101135 50.679897 15.313171 37.975803 0.306002
840.000000 617.346130 194.018555 14.735229 33.879333 0.280189
840.000000 566.738586 174.156586 15.901733 35.681091 0.276804
840.000000 482.136139 52.210823 13.665466 33.657669 0.250628
840.000000 361.547302 197.278046 19.294739 45.421265 0.220095
840.000000 611.291138 179.954712 14.488159 34.830872 0.187416
840.000000 572.070251 177.835724 14.629150 31.251709 0.109763
840.000000 506.856995 44.349335 18.693848 41.980881 0.097214
840.000000 536.945251 46.232689 14.735352 34.383957 0.087496
840.000000 463.428009 49.550217 14.795715 33.110046 0.083642
840.000000 563.086975 174.628738 23.953979 52.610992 0.082280
840.000000 413.543579 65.657631 13.144592 30.430481 0.072676
840.000000 530.650146 37.642254 14.429199 32.924503 0.070688
840.000000 276.269989 209.882294 21.746765 48.635437 0.067816
840.000000 606.886902 177.560791 23.197510 50.481445 0.066390
870.000000 191.888107 51.695549 14.251282 31.839294 0.277592
870.000000 140.065659 35.513786 16.423126 37.388908 0.232167
870.000000 221.600601 58.045868 12.195312 27.608170 0.161772
870.000000 314.361786 41.731762 12.276611 26.368626 0.103021
870.000000 284.723114 37.752434 15.926941 36.370972 0.096989
870.000000 190.173538 44.573006 13.224152 32.209068 0.096216
870.000000 243.648041 39.848804 15.108917 34.175701 0.090494
870.000000 175.399155 53.345425 12.328766 30.411648 0.083140
870.000000 283.304871 60.133560 15.503906 35.917877 0.063248
870.000000 187.176758 46.516052 19.926849 47.826370 0.056607
870.000000 312.823669 41.404049 17.040710 39.974354 0.056091
870.000000 265.257080 42.594513 13.856079 31.734886 0.051069
900.000000 50.326576 24.817823 14.703972 35.852127 0.176458
900.000000 92.437729 28.851357 15.364044 36.197159 0.166527
900.000000 127.196274 32.746307 20.257538 45.114769 0.161233
900.000000 558.856812 186.745331 11.313965 27.318146 0.086881
900.000000 131.489899 32.147415 13.764954 32.164856 0.082993
900.000000 77.232071 25.946098 12.925339 31.740746 0.075344
900.000000 9.762905 12.732067 17.490292 39.946198 0.073455
900.000000 123.105408 36.516029 17.279938 39.193565 0.061941
900.000000 576.175415 190.706543 10.822754 26.202057 0.053855
900.000000 123.843880 32.011112 28.095375 66.094299 0.052498
900.000000 340.043121 182.828705 12.717834 30.237183 0.050029
930.000000 143.356903 179.811249 12.647034 31.065369 0.186058
930.000000 468.716309 186.347717 11.229370 26.916840 0.158342
930.000000 488.380371 190.939819 10.285522 25.404877 0.151637
930.000000 453.140167 188.883606 11.331177 26.069214 0.121094
960.000000 79.418945 173.408051 15.397476 33.772400 0.217034
960.000000 91.142036 170.421875 13.744949 34.305969 0.193573
960.000000 444.691315 183.056686 12.530212 27.631378 0.111028
960.000000 86.322388 172.233582 14.888336 36.019714 0.087842
960.000000 469.165131 178.543152 13.099426 31.361237 0.069000
990.000000 118.855202 137.496552 30.204262 74.283386 0.210670
990.000000 461.850342 176.124329 10.637085 25.098694 0.079954
990.000000 490.409760 177.940582 13.514099 31.486328 0.059907
990.000000 90.121078 181.714188 20.505615 48.304504 0.052890
1020.000000 484.420441 167.327408 14.155212 35.380096 0.377068
1020.000000 549.946106 177.642426 14.931519 35.211517 0.315120
1020.000000 561.763367 176.653381 13.683594 34.139404 0.196047
1020.000000 530.117004 188.716187 12.125366 25.934479 0.140259
1020.000000 476.048828 152.842987 12.900452 28.921204 0.086948
1020.000000 542.590576 178.485703 13.295044 30.978485 0.076149
1020.000000 6.964744 167.989624 14.570900 31.369751 0.068619
1020.000000 544.657593 174.663025 22.169922 52.932770 0.067550
1020.000000 485.584412 165.315140 11.308350 25.153564 0.052230
1050.000000 83.487625 143.876389 14.700027 36.831116 0.176407
1050.000000 541.579895 81.471436 15.271362 34.767822 0.150800
1050.000000 552.499634 179.720276 14.410400 34.444824 0.133466
1050.000000 504.037170 156.258667 11.522827 28.869080 0.101766
1050.000000 621.918762 177.336411 14.261719 32.609406 0.088734
1050.000000 619.372192 180.115753 11.343140 28.001282 0.083144
1050.000000 563.759277 85.848755 11.365601 29.661896 0.067037
1050.000000 616.060730 176.048080 18.616699 48.023895 0.065217
1050.000000 523.211182 68.706673 13.886230 34.862076 0.065213
1050.000000 625.189697 173.297119 14.228149 48.699890 0.063415
1050.000000 290.076874 161.888031 15.485291 30.656250 0.062677
1050.000000 223.441299 158.520645 12.389313 30.144196 0.052448
1080.000000 69.905884 155.634140 17.826462 42.703125 0.141500
1080.000000 289.411682 152.111404 14.998901 34.825104 0.134049
1080.000000 563.163269 66.647560 12.261108 29.412888 0.092848
1080.000000 262.974976 155.473297 11.567871 28.637573 0.092423
1080.000000 58.653549 153.595245 19.496063 50.549438 0.080577
1080.000000 72.180634 151.450333 13.301178 30.911102 0.060797
1080.000000 573.194092 61.259197 14.047119 32.824741 0.060083
1080.000000 65.024826 151.790115 26.802063 62.354950 0.059983
1110.000000 163.650146 143.231522 13.488251 32.756226 0.191092
1110.000000 10.519015 139.796783 18.717663 46.932220 0.175354
1110.000000 227.286285 150.495880 16.283997 37.797119 0.087913
1110.000000 156.081711 140.551498 21.221069 51.598663 0.078726
1110.000000 170.998611 144.522995 18.014740 46.547058 0.058681
1140.000000 75.138367 109.325226 26.627365 66.142120 0.204222
1140.000000 79.851349 110.860748 18.582733 45.425537 0.098820
1140.000000 41.836655 138.702087 23.761078 60.987732 0.078263
1170.000000 15.583409 126.334793 18.012642 41.727386 0.235802
1170.000000 242.477997 148.513550 19.142059 49.722534 0.062337
1170.000000 2.936380 107.186081 22.966291 59.195038 0.062141
1200.000000 152.214523 127.854683 14.699921 33.513344 0.170623
1200.000000 311.306824 128.100464 23.681091 58.605286 0.107781
1200.000000 135.675034 128.084106 17.163849 40.022430 0.106568
1200.000000 361.734192 131.011139 19.244263 50.198090 0.097827
1200.000000 428.830902 147.109879 14.470581 35.050232 0.090419
1200.000000 479.110229 142.044983 12.571960 31.998230 0.070326
1200.000000 568.343140 143.779068 10.009521 24.302277 0.067487
1200.000000 390.639984 151.622803 11.890076 30.524811 0.065217
1200.000000 212.723831 44.718288 14.613739 36.006916 0.055434
1200.000000 380.237427 149.828796 15.104919 36.309967 0.054610
1200.000000 193.141190 125.259033 13.298401 32.749878 0.054255
1200.000000 316.268127 127.977966 14.537354 36.723663 0.051606
1260.000000 19.901550 152.853577 15.560101 37.380524 0.070939
1290.000000 251.508224 159.242889 13.980789 34.042480 0.072355
1290.000000 0.000000 149.603668 8.919090 50.345764 0.052199
1320.000000 312.779144 161.388306 15.111328 35.339447 0.268078
1320.000000 162.173798 161.368393 18.552155 43.879456 0.239440
1320.000000 168.243881 160.284042 13.831787 31.813080 0.128159
1320.000000 30.209110 156.324280 13.372772 31.797272 0.077009
1320.000000 4.650945 152.900375 19.290268 43.478607 0.059957
1320.000000 217.039902 160.644592 14.804199 34.641815 0.059648
1320.000000 247.160736 159.947876 11.768494 28.562744 0.052000
1350.000000 194.954178 156.889481 13.869629 34.249237 0.380186
1350.000000 499.693634 161.098175 13.068329 31.640900 0.278577
1350.000000 141.578964 160.049500 19.965698 46.428955 0.260659
1350.000000 446.736908 160.566605 10.164429 24.217102 0.190702
1350.000000 192.495148 155.159500 20.957336 49.253174 0.181709
1350.000000 476.332733 160.676392 14.401550 33.056519 0.137526
1350.000000 320.112915 163.087738 15.133301 35.829651 0.113215
1350.000000 309.909760 155.550507 14.048096 33.168671 0.090908
1350.000000 0.000000 151.382416 11.389590 48.147522 0.090373
1350.000000 130.239960 172.991806 15.020599 34.491211 0.089307
1350.000000 399.697784 162.129166 14.455994 33.974152 0.080263
1350.000000 452.999786 157.311829 11.983337 29.201050 0.072325
1350.000000 449.515350 158.656097 11.597778 26.884644 0.066523
1350.000000 138.379181 161.862488 15.631500 35.585999 0.062216
1350.000000 545.568359 167.491516 14.558960 37.466553 0.054748
1380.000000 28.530083 153.186707 13.443398 34.143127 0.301419
1380.000000 396.227325 155.350174 14.998901 34.942749 0.160537
1380.000000 192.750671 158.396027 12.073425 31.706177 0.099939
1380.000000 4.901500 154.206024 18.368229 41.675476 0.070174
1380.000000 370.196777 159.170319 15.438965 36.533356 0.065269
1380.000000 268.537872 164.155594 12.728943 30.829712 0.063908
1380.000000 586.634094 72.410271 15.536621 35.684113 0.054403
1380.000000 189.304901 157.408325 19.236115 44.400696 0.050767
1410.000000 371.511169 155.989319 17.068298 40.968597 0.188178
1410.000000 246.140411 165.247803 13.307800 32.413513 0.178363
1410.000000 135.198486 161.280304 15.220276 35.266724 0.109484
1410.000000 402.794678 160.921310 13.326599 31.424255 0.102129
1410.000000 377.366943 157.683167 12.241638 29.329315 0.101445
1410.000000 28.176785 153.950790 13.835220 33.843048 0.091558
1410.000000 431.918549 159.466705 12.643433 31.155243 0.089596
1410.000000 408.697968 158.502182 14.628052 34.359589 0.074350
1410.000000 264.894440 166.973602 14.868896 36.114746 0.063573
1410.000000 273.812225 159.804108 17.109070 42.542267 0.053586
1410.000000 313.902649 160.026611 14.146667 33.328705 0.052622
1440.000000 371.492035 167.225281 16.510132 39.843628 0.096138
1440.000000 361.968109 158.827408 13.505798 33.304871 0.081960
1440.000000 410.649933 160.479279 13.117859 31.740723 0.079068
1440.000000 324.992767 159.361938 14.270813 34.963165 0.078411
1440.000000 303.110199 164.900436 16.990234 38.967041 0.057009
1470.000000 28.640591 158.842468 14.116173 33.570099 0.174541
1470.000000 4.402420 155.016937 18.534470 42.347992 0.139474
1470.000000 142.844147 164.222504 15.664612 36.442749 0.137705
1470.000000 386.878998 159.737701 13.199585 32.622375 0.067054
1470.000000 0.000000 154.814987 12.278573 47.400024 0.059799
1470.000000 283.997467 161.791901 15.775879 37.396606 0.058368
1470.000000 293.220459 162.615036 13.740295 34.371704 0.056150
1500.000000 138.309464 161.543869 21.801300 51.289886 0.172704
1500.000000 379.354675 160.422211 12.547668 31.372284 0.138830
1500.000000 142.072220 161.826813 15.033417 35.656158 0.093477
1500.000000 375.576202 163.251404 17.781067 41.883118 0.056188
1500.000000 195.418762 161.729385 12.079742 30.899933 0.050545
1530.000000 285.226929 161.247391 13.369873 32.714874 0.072957
1530.000000 143.162735 164.234619 15.583191 36.027313 0.060784
1560.000000 133.451538 159.924973 21.332550 51.341553 0.182299
1560.000000 137.768707 164.225662 14.546326 34.598938 0.162950
1560.000000 155.725006 162.005676 15.128906 36.339844 0.116864
1560.000000 4.073753 156.929260 19.328314 42.083740 0.092672
1560.000000 378.153015 165.577545 16.176208 39.645264 0.085923
1560.000000 141.232162 165.307358 17.215393 39.801941 0.075871
1560.000000 246.876434 164.071075 13.029785 31.020081 0.063128
1560.000000 192.964264 163.220734 14.128510 35.113770 0.060315
1590.000000 145.272507 160.299423 20.392151 50.465729 0.324441
1590.000000 149.908615 159.116943 14.429504 34.184875 0.290745
1590.000000 247.218994 163.424103 15.050720 33.874664 0.221631
1590.000000 28.233574 159.030869 14.090118 33.255493 0.168099
1590.000000 193.612610 163.582962 13.288239 34.024048 0.119468
1590.000000 378.151886 165.532272 16.110352 40.299896 0.090165
1590.000000 143.957993 162.375397 15.240387 33.708313 0.082608
1590.000000 262.119965 160.419983 13.170715 30.417755 0.069360
1590.000000 134.575790 164.636948 15.403595 34.015320 0.062428
1590.000000 7.402859 157.430984 15.222794 34.104034 0.061191
1590.000000 130.664307 171.455444 16.441864 37.846283 0.055834
1590.000000 136.421265 159.639313 21.732330 53.444946 0.051990
1620.000000 146.008896 160.996353 16.948273 39.142426 0.299921
1620.000000 134.720261 154.332962 15.195404 36.936432 0.136375
1620.000000 138.665680 159.009384 25.440002 57.443268 0.117461
1620.000000 459.623932 168.899368 11.120361 24.869385 0.112190
1620.000000 372.719238 153.900040 13.629578 32.271973 0.087963
1620.000000 131.693649 154.597946 22.390839 56.452393 0.058888
1620.000000 378.049103 165.731476 16.706604 40.383545 0.051050
1620.000000 366.693024 153.292923 22.515808 57.061523 0.050936
1650.000000 4.224246 156.510712 19.448032 43.664642 0.307503
1650.000000 378.137268 166.378616 15.902588 35.938843 0.177811
1650.000000 28.026825 159.711563 14.021332 33.239838 0.168446
1650.000000 276.191437 160.735626 13.483887 35.549133 0.127264
1650.000000 143.119263 160.916107 20.250671 44.413788 0.104806
1650.000000 155.464951 160.435410 13.938232 33.215881 0.100408
1650.000000 0.000000 156.495117 10.352623 43.347717 0.098655
1650.000000 145.735672 162.696213 13.767212 32.319214 0.094336
1650.000000 185.958084 162.507568 13.215027 34.050507 0.057838
1680.000000 143.031998 163.675842 15.160095 35.275604 0.315356
1680.000000 138.738739 162.037704 21.610352 50.903961 0.224557
1680.000000 378.812683 167.808533 14.450134 31.354736 0.158233
1680.000000 152.356674 160.272049 13.445984 32.405701 0.154048
1680.000000 174.146561 154.228363 12.979034 32.412720 0.136579
1680.000000 156.856583 160.175079 14.165100 33.529694 0.118594
1680.000000 375.807739 165.993484 19.718628 46.549194 0.107393
1680.000000 372.397827 154.561081 14.275146 33.716095 0.097244
1680.000000 135.798767 164.378647 15.161346 32.920532 0.091082
1680.000000 149.307297 159.913391 21.004364 49.277557 0.085691
1680.000000 5.194262 157.169739 17.723227 40.838257 0.080850
1680.000000 276.151215 161.673080 13.735535 33.553741 0.075560
1680.000000 147.687592 161.725067 13.467163 30.424255 0.071158
1680.000000 581.634399 175.866501 9.954224 21.356079 0.060886
1680.000000 163.215546 159.943176 13.749298 34.545532 0.059982
1680.000000 186.211578 162.370224 13.631989 34.762756 0.052230
1680.000000 599.038391 182.652588 11.453369 26.213806 0.051285
1680.000000 367.095123 153.889816 22.908081 55.930115 0.051181
1710.000000 418.863800 169.515884 13.581116 33.432587 0.283767
1710.000000 2.782955 155.761139 21.711193 48.503815 0.214298
1710.000000 137.622009 163.522476 14.737701 34.779633 0.132613
1710.000000 147.288101 161.562622 15.895905 36.667145 0.114534
1710.000000 27.513889 161.303421 16.067390 39.872192 0.110101
1710.000000 9.581447 158.125290 14.590730 33.961395 0.096455
1710.000000 139.998871 160.242264 23.457947 51.647369 0.084473
1710.000000 378.057953 165.659851 16.358643 39.399017 0.078817
1710.000000 0.000000 157.613617 10.054052 40.328827 0.070308
1710.000000 345.422241 158.129715 15.848267 36.483215 0.065341
1710.000000 160.677795 160.389328 13.430603 32.981262 0.057744
1710.000000 272.358307 169.870956 13.104431 33.391937 0.053558
1710.000000 589.578735 172.765869 10.675171 21.502960 0.053082
1740.000000 140.277191 159.760330 23.333038 53.817505 0.202947
1740.000000 139.881485 164.329971 15.445526 35.475128 0.162560
1740.000000 3.978766 156.474228 20.329384 44.713684 0.125027
1740.000000 378.039398 166.272812 15.740295 36.136230 0.117730
1740.000000 148.185043 160.836044 13.275177 31.344391 0.111504
1740.000000 7.981694 157.985306 15.026938 30.159149 0.083173
1740.000000 604.374207 175.160950 12.237549 28.596313 0.061857
1740.000000 625.114197 184.193695 13.240601 29.725128 0.055720
1740.000000 0.000000 155.626923 10.170722 42.030029 0.053038
1770.000000 587.914856 162.729034 13.559937 31.797821 0.217151
1770.000000 138.051727 164.299530 14.624146 34.809692 0.103781
1770.000000 376.940125 166.406906 18.393433 43.362091 0.101154
1770.000000 141.176682 161.278748 20.651337 48.899536 0.091173
1770.000000 275.886017 161.116028 13.124817 30.815338 0.089719
1770.000000 3.628193 157.574371 19.626343 41.599091 0.075252
1770.000000 160.728134 160.198502 13.577179 33.227966 0.063948
1770.000000 174.435349 153.762192 12.050293 30.972168 0.062228
1770.000000 153.340714 161.604782 16.432434 36.693298 0.058559
1770.000000 28.232775 160.032059 14.530428 35.200378 0.057063
1800.000000 378.620575 165.896576 16.760376 40.828827 0.340255
1800.000000 356.209229 160.354553 13.040222 32.546082 0.265454
1800.000000 18.878321 174.408691 13.220316 29.925232 0.195603
1800.000000 597.738770 183.763123 13.532349 29.523804 0.195335
1800.000000 4.605929 157.813202 18.131516 41.297363 0.189491
1800.000000 337.481873 53.979424 17.362976 40.302750 0.187234
1800.000000 182.157196 161.741653 14.410004 34.554810 0.177986
1800.000000 27.810730 157.679138 14.111183 32.890991 0.175997
1800.000000 380.425995 163.071442 12.707153 29.986511 0.172467
1800.000000 197.717682 160.045624 13.379608 32.868866 0.127053
1800.000000 467.475769 162.434250 12.354309 29.704803 0.091756
1800.000000 317.315765 161.967712 14.858215 35.476593 0.091473
1800.000000 245.959091 162.587738 14.501144 34.535553 0.090658
1800.000000 12.352448 158.789612 14.013035 34.312775 0.085170
1800.000000 172.247864 148.512756 15.402588 36.471527 0.084140
1800.000000 0.000000 157.078339 10.200760 41.299591 0.081170
1800.000000 351.545013 159.745834 19.072083 46.468567 0.080710
1800.000000 352.525909 159.114029 12.348450 29.997101 0.075406
1800.000000 181.004822 159.245956 21.199951 49.504974 0.074449
1800.000000 167.371719 147.405945 23.382141 56.540955 0.074272
1800.000000 8.127608 162.777344 20.059124 42.907471 0.070305
1800.000000 147.554535 164.229202 15.114258 34.249023 0.061329
1830.000000 356.058746 160.434326 13.515808 33.719269 0.385863
1830.000000 25.752972 160.076630 15.143791 36.196411 0.372752
1830.000000 175.609802 158.120712 13.777374 34.489380 0.272796
1830.000000 15.103980 160.949402 18.511562 44.917908 0.241113
1830.000000 202.005753 160.059845 14.580444 33.117859 0.210852
1830.000000 2.570436 155.888214 19.936741 50.093658 0.175352
1830.000000 377.709045 167.003281 20.012451 48.161865 0.164248
1830.000000 111.563904 180.672668 16.845688 39.331421 0.129009
1830.000000 172.808731 157.714035 19.578430 49.071869 0.127075
1830.000000 380.369385 167.549026 13.656982 31.938324 0.095023
1830.000000 7.273538 157.652817 14.242457 30.783569 0.093994
1830.000000 228.926819 159.672424 12.765686 31.620941 0.086371
1830.000000 0.000000 155.712067 10.813837 44.459839 0.081682
1830.000000 286.077789 164.285385 16.768921 38.663422 0.073469
1830.000000 348.576111 159.221954 22.545349 48.519470 0.071757
1830.000000 152.798416 160.459641 16.856232 38.521393 0.063058
1830.000000 246.255447 163.046387 13.816299 32.311523 0.059985
1830.000000 278.217133 161.569717 11.988403 32.572540 0.056801
1830.000000 463.752167 162.030029 12.751343 30.374969 0.055831
1830.000000 607.030396 175.805634 11.259888 26.345215 0.055599
1830.000000 591.139771 174.188721 10.571411 20.372040 0.053917
1860.000000 20.429108 159.659943 16.046940 39.024963 0.465876
1860.000000 0.448749 156.844009 15.580643 39.974365 0.192687
1860.000000 276.317719 161.141769 15.108398 36.453918 0.129697
1860.000000 11.166142 160.653748 20.383503 42.861267 0.113042
1860.000000 169.358261 161.480331 19.375000 44.123901 0.099495
1860.000000 382.967957 158.704224 12.632874 31.892365 0.085023
1860.000000 354.920044 157.680038 13.819275 33.150177 0.077723
1860.000000 247.342789 160.624283 15.146225 35.766785 0.077221
1860.000000 445.387909 163.988922 12.220459 28.486298 0.069536
1860.000000 404.096558 164.083954 17.262573 41.757874 0.064783
1860.000000 381.162445 165.273056 21.621094 50.707336 0.062609
1860.000000 417.188110 160.709564 13.367798 30.941101 0.061694
1860.000000 596.652344 174.190079 9.724487 20.800964 0.059300
1860.000000 595.212280 176.182251 12.617798 28.207062 0.055364
